Epoch,Power,Latency,Cost
0.0,494.4300199903021,361927.4149435359,640.0772430735772
0.0,374.3310796821145,336060.0588486831,701.6872835800597
0.0,380.5787564505812,688362.866005911,602.9917200207389
0.0,371.08207568197315,552699.9395564401,634.2344481134635
0.0,397.7476405152328,938485.6722189197,572.5651617394553
0.0,401.09646509421214,623454.5422287518,589.9745216676329
0.0,385.7296324817413,521034.0556557246,603.1848256694718
0.0,412.20015290910663,393160.56748317834,625.8433008920617
0.0,379.57365957432023,337900.65289589844,685.8018471824325
0.0,472.94106287736184,519448.63388441683,616.4762329312697
0.0,398.51736001608896,289962.2704793521,666.0529796763923
0.0,439.0502605248625,316352.66349904105,655.8244043998028
0.0,345.06985874490573,386253.32289660524,643.7345518338155
0.0,444.94091212594066,365444.4287926503,637.458083121181
0.0,500.8151754730516,324649.5394208353,634.1893755171313
0.0,412.0964046047426,467098.1854065114,625.6147825154852
0.0,397.6097698211374,373501.644463839,662.7600160763725
1.0,348.7090255602215,368027.7424322683,629.8041552378097
1.0,418.65705709591424,592171.6925603007,547.5384708900257
1.0,552.857890048855,377317.1659275316,604.4718229166247
1.0,406.4087281075473,334440.63232985826,633.9140306189972
1.0,342.38591242556276,281956.8644078055,663.4759903003192
1.0,458.95341457784167,327693.555133072,614.0358963548476
1.0,397.6779342820411,284445.8311464451,655.8637980015562
1.0,424.314029971659,467858.5746655247,608.8557353335127
1.0,427.1250446993481,441561.9113537516,599.6622105056414
1.0,381.77600241319004,326251.4380790757,648.0177420242162
1.0,457.66122918024803,419973.6433663438,614.5293731645737
1.0,403.2596929004715,204536.515496258,696.4679783900168
1.0,298.9340485395517,481389.51666135946,652.2971100241759
1.0,355.2688283415515,543238.4002640536,596.1596220030981
2.0,321.8398439446148,842591.7720711536,637.9201817924175
2.0,412.47020766363727,405724.6190503266,603.9370992494038
2.0,428.5838271429854,318956.7686560038,602.6766300886133
2.0,407.7227963397107,843943.8656569214,564.3082439902663
2.0,420.17529290174355,404059.6540658792,592.9790951661839
2.0,409.20976692589846,522198.7627210187,602.1380969688912
2.0,391.09496956739156,182046.5569311773,654.4500485410439
2.0,432.12302537197985,252636.5492832062,637.4388326035531
2.0,337.5073767137551,610099.0809598474,633.2778742764966
2.0,328.03314750646217,597294.6553631481,638.9765524431795
2.0,338.6598169714998,295477.25132091896,619.4478263310995
2.0,374.2355771507699,758993.9472109287,599.7173086012679
3.0,403.92628158694254,259488.20419645877,669.7508913488904
3.0,399.9269855238755,310760.3091575991,635.9246155514529
3.0,345.4468977995403,582184.4537273354,619.0458251999778
3.0,420.80824645649216,355671.13111211103,590.4890367615844
3.0,485.8407842449585,995320.9224833421,583.0888593157413
3.0,585.1159549576299,79654.23804460723,734.2421367093103
3.0,364.7961782144485,345868.03860145045,633.7951465043094
3.0,349.31866269522294,358060.4557895505,631.0362272928181
3.0,416.8214374693301,255875.92830600106,678.6273019446501
3.0,579.9255308874796,139762.97847772847,650.2565412601737
3.0,533.1453484851711,285037.7036173225,643.4840141966013
3.0,369.7147899859765,787161.9730692114,597.1231897305433
3.0,419.2358772762216,529797.3772213343,623.7667839236394
3.0,384.9353093597987,259339.63061634396,688.9725187285976
3.0,397.8165485005165,517736.40265403193,630.057185363965
3.0,345.10832745579046,583708.7999514826,628.2226146609174
3.0,400.9877274374307,295195.45592932374,653.7617701544375
4.0,398.18001267303964,201282.25697863143,727.0803949989581
4.0,372.7997774840182,499114.55837005225,624.0394200651466
4.0,363.9262194174572,592120.4924913242,609.3006539291885
4.0,378.2113073495677,806527.8346069012,593.3511040480194
4.0,526.5916976295468,308210.58197716594,622.5803173562414
4.0,417.3183530916055,271597.58708222,632.1035012108415
4.0,407.8676348757996,655403.1240273124,603.2097804889244
4.0,337.1996550653415,414435.3906201642,635.323764205952
4.0,411.8170054764491,427079.90037352196,617.8421998755359
4.0,367.5512651172798,378064.40607309755,630.405767526006
4.0,382.6770419604601,590429.7709941629,617.0772580458508
4.0,394.4591313061338,207872.13467310538,640.727202024698
4.0,494.8137100143277,319864.4110946471,596.5572791662912
4.0,460.0677569862595,420761.3890477329,628.1185598418133
4.0,324.51593537297157,834374.1409187465,594.7052903643669
4.0,399.5471584789456,662947.8277679303,583.5065544262626
5.0,382.94086061357723,459580.6105290919,601.6416408258992
5.0,409.66987335728595,572260.4120176471,598.7837850868158
5.0,357.78024086323023,191843.7532854546,621.8946931634171
5.0,469.41906181862106,596648.8744143377,591.9583257144474
5.0,503.2580367061383,418013.066371315,584.8232442409775
5.0,346.3819667009923,766060.0939312867,558.9609348771817
6.0,368.1625246551899,568487.331011686,610.1747809395531
6.0,367.09798466263896,634496.295279225,604.7895002892559
6.0,402.33213436077335,274111.171584786,714.5544173107148
6.0,350.6369237688483,351582.5435434019,627.703181620198
6.0,378.2024510580129,307850.20275136776,693.376719378682
6.0,431.8814859969913,580122.8337278714,567.9355550447486
6.0,432.6303097642601,440163.05247557716,603.6598712013413
6.0,379.8593265989911,356199.31970837014,605.6108863682437
6.0,362.5902362555743,963296.4162279397,614.9332907415238
6.0,339.28122977758346,461266.96218312834,616.5976788382346
7.0,401.0921995449099,688514.1678598946,603.4538522020773
7.0,359.7360058846752,499748.01457691105,629.7510947177794
7.0,361.2077406511919,554826.5945310079,622.3694950214248
7.0,550.6540577908927,321713.83319181425,598.8640462520361
7.0,384.7044678026413,699192.2522126297,614.754977908344
7.0,419.79808902824504,432188.1140427111,606.6447806713913
7.0,526.5005394257284,275294.53027849586,648.2288636967716
7.0,397.81487744344827,396550.21662350325,611.8970541290546
7.0,374.3151316279012,409224.5054773537,649.5309362315169
7.0,356.24756222764006,847579.9917874924,601.6035409476785
7.0,369.7861550126617,420702.32289303746,673.1066656662467
7.0,420.64333334042806,219019.06225745883,650.530724559584
7.0,373.19433803518876,821564.8967302465,611.0802626289724
7.0,384.1621525318851,695978.25552462,620.0854868103844
7.0,416.8992402716871,459555.48427431507,610.0982307758414
7.0,393.0339178786936,621806.049051413,604.1768758945038
7.0,480.33995004201086,398761.6966409295,600.5677832054128
7.0,409.0439513513773,667594.403982443,565.890184458335
7.0,399.61639327865504,718884.08195733,591.5722861095378
7.0,399.23673100790535,320752.96960684285,613.0751792726127
8.0,390.36495595005596,525062.0218651909,624.5584146347352
8.0,392.5843300525086,440368.5381585199,652.8610051576518
8.0,408.0028513409991,599469.0969176684,589.1129115460748
8.0,354.95235331674604,467161.43593391945,626.7383498361071
8.0,419.28309071764016,431300.46600315324,603.1030320358028
8.0,415.4227501615494,321401.97237999854,640.3817271058927
8.0,415.1676334464793,378554.66661401925,621.0320169029369
8.0,397.38506370823563,392136.06820981344,651.0725382361031
8.0,411.8390307082609,155682.01760117203,667.6180264902004
8.0,412.86932036779564,270680.9334569599,645.5040088823574
8.0,395.9786461715854,325275.23683887074,653.3638311024853
8.0,407.1621176034106,446960.15685872984,614.3915149978026
8.0,333.62285981656856,537762.3414138785,597.0579751236721
8.0,410.7508176659406,200236.63424870555,681.537775140281
8.0,404.73593443552716,440636.6231379858,619.1833986513773
8.0,394.03034413358625,505160.5657569036,598.5552409943035
8.0,358.4135040699917,292021.91252412583,671.6040904758917
9.0,395.0618335566659,487203.0938799619,614.4988562777328
9.0,413.443768238531,446776.0628768802,598.2774618575334
9.0,421.0582629571959,477573.03046391194,582.2402404689079
9.0,397.49346003418697,527243.8535790767,585.5758312863819
9.0,378.38822840685424,509069.17006960855,603.647635827689
9.0,339.63760588714916,624604.2551057906,586.0347907861837
9.0,394.89516290246524,255846.24691360214,645.5968126196549
9.0,442.960182854326,277077.72250306647,636.1986407706397
9.0,366.57436379130604,435791.0197314262,630.8895509610425
9.0,386.87852788192623,449839.21902143914,625.9583477139562
9.0,396.93956425182404,777763.4907173873,563.1616672043547
9.0,391.0001658450477,331772.0793324512,662.313113863855
9.0,494.3754175034904,140747.22254383453,644.2169008262345
9.0,454.43181658076657,361102.0534483983,625.6350445021736
9.0,364.5597145482256,473194.8815188052,653.6244921303681
10.0,413.768781474087,286869.7007177312,633.7770580314491
10.0,453.6814529126471,178892.8221588919,641.449689009858
10.0,349.05879077711757,605240.971234535,599.1140612457425
10.0,355.86274576525864,409457.92967545934,654.2257645971671
10.0,369.6365252366794,370111.8317483193,613.4365878432222
10.0,597.6656243182143,59687.05246329469,754.3818578849781
10.0,373.43712495903907,512526.9047121757,601.8323188637652
10.0,478.2720303295004,329831.21641405614,618.2675978928518
10.0,417.8903002878426,431263.1607603337,610.9649104669705
10.0,303.43317096437914,638451.6114458723,629.5692741856185
10.0,413.3761058838561,220813.23486702717,686.8223682925964
10.0,382.90733121046213,508819.05577739875,608.4037448165038
10.0,357.42344340687083,580752.1556721525,596.0883038160443
10.0,371.932915496029,348445.32933098054,635.5662607156804
10.0,369.4786650215999,519861.1331764665,571.950579851384
11.0,608.2609393924275,542580.6933742485,601.6181472888254
11.0,439.9861551790709,515540.7558515236,607.6820225433677
11.0,388.67422464561946,576662.3962118237,608.2974343458685
11.0,466.1506441391831,382775.88476380956,621.1930038551976
11.0,366.18789257504994,348429.4741602866,660.2154573844363
11.0,428.55887943677044,376558.04754389013,621.8321706760257
11.0,433.3833366826801,187109.93258249323,690.7655833602552
11.0,369.607760919652,694001.6557086997,605.0105219984938
11.0,421.84458828201207,394991.10830912256,636.7679069579955
11.0,385.23767413033676,421491.849534601,629.53845181545
11.0,434.48230125401585,500532.28591909714,615.7500065495447
11.0,378.0643122909251,232505.33967943094,648.6207200788989
11.0,382.7687075562651,799257.7971534814,599.4446863928027
11.0,455.2199664789696,486202.45044156094,615.9267071681804
11.0,396.5190258809846,437328.735631046,621.7420826976656
11.0,449.1029927808774,643989.552896915,605.2035903732515
11.0,429.4392557023938,232389.1668348979,648.798631963007
11.0,396.0672042929545,291741.12253230304,637.6936405154939
12.0,372.70733303512566,287803.76112035214,648.8947482997035
12.0,371.1990840576372,344925.07598983264,652.5467761718007
12.0,449.22537538314396,287667.01574750565,625.8380676542469
12.0,366.49825438295517,565080.7388547418,616.4438405572996
12.0,388.5622292955483,201206.39570107165,639.764209230657
12.0,407.18113491352,596055.5059013327,592.8517298438404
12.0,443.42217363785835,924004.5139777395,568.803862941492
12.0,354.7285853717966,755460.5451837403,624.1500310015521
12.0,363.3845291274548,675367.4932709734,589.4807027861943
12.0,389.432847329561,291187.0792681379,638.6542485421674
12.0,387.43457828140635,470210.59881457046,593.2865356922698
12.0,382.68295452068696,366949.24969611637,597.0152279745231
13.0,384.9661825864877,588919.5127536253,550.6789216789934
13.0,396.8762058808012,267076.57147356897,588.8503534982862
13.0,614.1121162252658,99024.20064875316,724.6884984121592
13.0,369.7160391019457,758568.3915559953,584.8683008806934
13.0,305.94163749265175,371965.7451445927,596.7491644351702
13.0,391.65206404447036,303010.67927340965,669.8541141486232
13.0,420.7916682498646,157491.99760057995,655.7093659266476
13.0,419.13213331094596,192170.80986198084,611.1028158512889
14.0,524.6255634440014,88214.04760176399,734.1211998794752
14.0,346.9949407556185,263468.9100191453,645.5981689711422
14.0,340.3566195257725,856614.6376981696,617.2242580263398
14.0,623.9213386007208,58908.90767390033,759.4867442896406
14.0,368.0671685415106,594658.5768143622,597.4375676722947
14.0,334.4895341366363,473218.9295550476,626.7517993924283
14.0,714.6839788561932,32141.187080847074,732.9108906405846
14.0,391.51565611476104,279430.06423402356,604.5456829488999
14.0,538.0219394143579,103460.66090358332,679.357562938456
14.0,421.32333195012217,596843.4107801857,578.562795599761
14.0,399.55536364383204,231609.64997329187,634.5102394825191
14.0,371.15929510862657,405269.17160500283,611.6079353703868
14.0,431.0075395882338,445541.94174710335,594.7508554367204
15.0,349.91843580254437,528068.0546184598,671.6972160903545
15.0,373.7126162797171,505830.60687795,610.72841436629
15.0,394.18722019071834,171879.4802399125,625.3613235344725
15.0,451.2505319514567,656684.7071605964,600.1847358123272
15.0,356.2828772358328,472495.1336178697,620.5453869484487
15.0,389.8019574031102,887899.5347969772,552.5732209450885
15.0,391.4080006011407,415766.4424029101,619.5215680205854
15.0,506.19974573736204,296574.60744842805,607.8809583124236
15.0,392.4001405479886,596351.8817776951,605.8403936583661
15.0,479.4065857164929,348105.3219951256,625.2581503779986
15.0,415.32993328838313,418687.2233338262,616.9189325010282
15.0,425.6477403961937,595168.8817262489,607.9797562768149
15.0,342.25769317790025,651981.8370881365,648.6745649528968
15.0,434.4076607855517,523327.53152795497,601.7408132291474
15.0,391.8696793219147,283744.4458479924,679.2075244233796
15.0,372.0846067923666,785726.6255966196,584.2356464887041
15.0,354.5205679829351,497711.9314171903,620.3301540344696
15.0,367.40938777043266,381152.90642747976,649.1882070888624
15.0,563.0087664490865,534043.9631711823,574.0526159938638
16.0,374.6453700236564,324014.2068830322,650.3733976765811
16.0,449.35658492214816,538009.2548604225,607.4965622004828
16.0,364.59500405731563,456459.83683071204,614.7176168141538
16.0,413.18508268084344,457050.46786338626,612.6969483724336
16.0,460.1489930884034,274946.68639633013,632.0210196214246
16.0,361.1736052184122,568704.7179011914,640.887351952301
16.0,409.3624098525098,418100.6359561818,631.90161984931
16.0,581.5100758843125,46038.51049149291,736.6907964075546
16.0,361.8187099443792,540657.3084292543,624.7252709298488
16.0,320.56294548420965,644537.4846952601,634.0848613860055
16.0,353.0198165119464,600814.5292985338,627.9392766181145
16.0,360.78276243474346,454279.0318147018,687.6926610667316
16.0,374.470582611574,849587.9153762693,579.4862486722196
16.0,474.73308228056476,303552.6166509763,621.4125954932124
16.0,391.6023055378172,201199.73653026708,638.4948861400195
16.0,366.7795188176214,670316.1274849765,597.9862573549341
16.0,414.72137643487065,419322.55348526273,610.0657625096964
17.0,355.0552827018369,496896.2728620617,660.7834999844345
17.0,403.10841768023744,276257.04934635863,624.9937872122914
17.0,361.7095950940222,207745.28052844954,648.0818899409225
17.0,434.8071198839963,686592.0899859994,559.6189387451836
17.0,438.79855995454903,263373.0309049862,632.8552196425567
17.0,380.70763184849085,551217.0029642734,608.9656459509995
17.0,390.6235842709973,536988.6047695242,585.4836473961412
17.0,411.44634612526534,518081.56838321884,600.3529973051584
17.0,423.94204333140584,413741.4626937242,619.797677772846
17.0,395.06166081052197,532229.9734104166,629.7399820145749
17.0,385.5698389984586,356731.20773994725,645.0387794356434
17.0,357.39548297465075,736505.5456127039,626.9223157934133
17.0,420.458816528135,517178.2759201351,616.0858052180638
18.0,368.52673893188194,477369.4039585637,655.3061119183111
18.0,404.5836898031407,227566.3607082554,646.4222764129735
18.0,522.6141577535366,221230.7034300438,709.1999423012438
18.0,372.19103888761794,466645.93929468957,584.0219089752703
18.0,376.91716827555626,281463.04566141625,647.3499453003445
18.0,691.6749994851623,33348.33169647332,738.9008064573675
18.0,339.2429621397793,608202.0487767588,626.1865625496599
18.0,394.44997860828556,341698.7310126244,627.5884100079796
18.0,351.0910205780518,524408.3313311021,601.0528573816022
18.0,416.0842528228639,398754.37533918925,620.6313438891906
18.0,544.9983831749004,334906.30322851747,643.2799677883067
18.0,613.2194371168863,69362.79696324725,748.2086675829369
18.0,365.92539319343297,564059.252398757,568.1212066075757
18.0,344.17187072276175,541676.2644448248,615.1326606285198
18.0,354.2568900047023,852493.3562222646,578.1252994452689
18.0,355.22864169437787,545045.2348553973,585.3655192653347
19.0,410.06055961390086,382678.0065606645,637.6160657279368
19.0,418.6100738030747,300152.1703282242,598.6122411855964
19.0,377.8079411357922,427521.0345407537,580.4951957725054
19.0,373.19256131625747,756258.6244525586,545.9737968337992
19.0,412.8702876168451,256143.9523218434,660.9314338388027
19.0,415.78797989320503,253261.91149660602,657.1894498126669
19.0,321.03674317195095,454708.52327756543,601.3995803413387
19.0,416.0664650112267,286514.9940365619,619.8449423334657
19.0,404.2874602212562,411977.94328901335,634.9439061196655
19.0,466.6027509382675,268955.0647690655,642.7583559208816
19.0,366.7866452419451,730875.179411709,573.25692033624
19.0,386.8181776612395,281379.27790936077,646.6841853627448
19.0,574.9879726939197,278114.7128230034,615.9291074172762
20.0,434.5674463113114,540308.8600550038,598.5072845837109
20.0,579.4044941698431,35309.655927212276,746.0516546397654
20.0,369.1886420649403,470984.1155972863,615.9864829493305
20.0,654.843238655288,30753.35775811179,745.1746730191383
20.0,514.7839201806255,226672.13673297616,629.436595511213
20.0,389.97377453251005,556188.5333428277,614.748523900741
20.0,344.0491456245283,669690.3990142263,598.0334131928005
20.0,346.4812635359502,576609.1932682543,622.6694206991883
20.0,432.9977945790648,581593.3458737867,575.0808950715806
20.0,398.47228513634843,651843.8937460138,594.4369464629186
20.0,416.3912154480708,326633.43996234215,617.6814242971911
20.0,460.1352167065523,216527.84517630638,656.8122285634693
20.0,487.74755233291154,451555.2177323098,585.0909372066059
20.0,458.0348215152585,262889.40894464625,632.6038467936402
20.0,396.7052345569807,351363.93837224605,628.4367672652259
20.0,593.4439324890535,202643.414871485,719.2489418802656
20.0,539.0072231137277,149781.4068332747,722.2708337636014
20.0,412.8658544496144,544672.6318756463,596.2842448770849
20.0,334.2762879810349,380905.75049245026,644.5883674392161
21.0,484.6606122244431,575380.0751065075,567.8962451384859
21.0,429.2757233140515,317584.56156554783,637.8140441477474
21.0,454.53649072149926,70410.53837926754,687.3917151471883
21.0,395.708584632642,346345.3911236668,627.1441994986528
21.0,663.8260706009623,28938.129245919215,709.1912607983256
21.0,455.11639840003517,659798.4547560861,579.337598948321
21.0,502.03186810817135,184297.51442067238,640.8649048336044
21.0,431.1993112769318,334472.210411177,630.8344479548358
21.0,421.09589811713903,272214.7296109581,659.8813520926791
21.0,478.5103603303533,291241.4016063307,623.5707958226086
21.0,434.307016105871,298519.15160716657,637.7214948439102
21.0,348.29841390464884,368008.55406931246,594.2962127099182
21.0,328.0462354179195,326126.53507881035,631.3774301713421
21.0,419.2037305436718,357282.84960291453,601.7672766375803
21.0,454.6918422734868,204501.00659179816,661.3340977902086
22.0,421.0479737735996,452681.0612934762,601.8602404381621
22.0,317.69112866255193,577835.68614222,629.8362197388369
22.0,355.95486273419135,486177.0857117484,617.2017987846829
22.0,382.30890276634045,359192.3517486866,652.0270839214432
22.0,354.09331254302543,408294.6894526835,669.4919829269211
22.0,398.0676358418381,348724.479646995,658.7273869851073
22.0,440.0132986793456,263025.60970180976,623.8084423406575
22.0,367.38309694061394,373356.7895011954,609.3879346621313
22.0,432.7074544479663,192112.663355052,672.3411210587601
22.0,349.52075725959276,567505.2769069949,642.7818653426631
22.0,690.2184546103492,53584.03493018094,726.9407764068833
22.0,430.526559095964,621099.5377960328,592.914866726152
22.0,460.9684060810589,333121.62320030836,620.6954845190211
22.0,447.0795431214418,418421.39730479225,586.9966258785851
22.0,391.2090800525211,775390.7831787359,606.7182916290659
23.0,582.3124605115028,4534.307594454271,785.2639279880891
23.0,364.0247985513291,435963.4459995321,588.8084160181093
23.0,443.75921086273286,388341.4051377208,567.844111338665
23.0,485.25731923048426,259586.42023909837,629.6589890111968
23.0,492.2163784098101,303444.901410937,622.0181399175981
23.0,386.39168938446335,274754.1680635236,638.5663740872632
23.0,346.84807044302244,593428.2461864302,569.8077693193599
23.0,391.17826444905836,382740.4794999229,585.657122545383
23.0,394.4673095250931,627188.8274290512,553.0731015351734
23.0,527.3360736402946,156617.97302964205,661.1333892723468
23.0,401.2315936663484,283798.6612122499,635.6112068289048
23.0,399.8185186537146,324026.93270015036,635.6290297480515
23.0,570.1512736976039,5525.66556228737,731.8571395397336
24.0,414.12991906447326,890257.7589142445,590.5919525092966
24.0,397.63091292869876,246841.8018219514,663.1621997166706
24.0,388.2659401158359,353145.93888621393,652.3283545292875
24.0,414.81168411797404,644614.6840276963,583.4401343334605
24.0,459.0535002355064,356040.9540488001,641.0034719928084
24.0,333.1256556828399,453755.6758184791,624.0259632135712
24.0,368.97214545830826,401887.9865881387,600.4370613857905
24.0,390.36250572802953,682747.4475511042,599.0872402250981
24.0,340.3954318668666,366920.0291759291,616.0420940009453
24.0,338.0024022955039,658865.3541854236,608.4462750213014
24.0,398.3164634683772,300908.148856904,646.2934185323144
24.0,386.4157339120033,230650.4944021783,678.7423720994552
24.0,486.3029290518943,239136.09258292936,669.8386724253905
24.0,518.4270195562802,285884.5220129959,635.0817063489732
25.0,418.54759005873143,449200.67277389957,602.0560302986482
25.0,444.92671373576235,425009.4752834467,612.8574710165234
25.0,413.6560723698314,490294.241408078,609.4756669727974
25.0,398.9683040003475,850154.1303669139,599.4370040496633
25.0,446.87914544242886,824459.5963655728,575.2770944658089
25.0,692.0605992833316,75595.4894849591,706.2712770766041
25.0,462.8418352911257,551165.9786777538,571.1849524163384
25.0,390.41572045998316,448384.35176316695,612.9705221351892
25.0,440.4256773482919,340948.6228355642,613.6603459277364
25.0,444.5455362057723,256028.95348864558,661.7968466415841
25.0,451.34735610060034,274787.6263876691,592.9471850572481
25.0,418.3983458838929,276906.3363926682,615.1175119359917
25.0,399.4898542875839,226880.9750302561,666.0146507413634
25.0,348.4248252067263,333484.3560045114,617.7841605685221
26.0,390.3650202310252,225436.70947847565,653.2389296083196
26.0,655.1164450088655,32657.46270085261,726.3008254373754
26.0,578.4112332333067,116428.12812028169,730.8693760976136
26.0,463.2415274648257,297496.3318319883,606.9917403638933
26.0,552.1333222561519,263067.3806408179,631.20668495739
26.0,416.2090897738071,282029.08497533354,615.5125100229982
26.0,384.2513591139713,284337.6242536144,695.8992826431765
26.0,376.32071506740886,330242.22820859525,683.6216654869419
26.0,391.65074179343975,373106.20945048763,643.9129355541215
26.0,351.80153795533187,398090.7241687975,684.2760687889073
26.0,410.4747710142344,305245.62688092137,640.6142372924493
26.0,362.4669749316042,352723.92253349826,645.162727821799
26.0,320.1185696903765,426006.09802799247,609.0022991394512
26.0,409.28682836073307,437258.6322067733,599.0723954105874
26.0,398.9883127475892,797859.3057612991,534.4830980228057
26.0,439.01036615408225,692735.9684401943,579.1786896170394
26.0,331.6564287433694,406591.98501795507,639.6594185701001
27.0,375.652243424562,673722.7099983059,628.1799943432222
27.0,375.210624806877,750084.2715774451,569.0546583646009
27.0,409.510438771371,356231.06371826766,627.7338274490172
27.0,623.7799438785645,43234.38473230226,733.9072523298245
27.0,486.3991159702645,175402.99372799357,643.5884822310004
27.0,379.57945654116367,548835.0721774218,618.0853680935488
27.0,416.524782092175,497267.31911385496,572.2906739496312
27.0,458.95346295234054,458930.0730025665,599.5607567581469
27.0,355.7029121535499,241270.00405226578,660.6694717201735
27.0,433.83214096597874,409994.0422804896,609.3188197294156
27.0,349.1807648893948,335316.64530888747,629.4984491714071
27.0,385.6549598010631,364321.76050673716,609.6430003751917
28.0,401.26153485393473,740978.2661667261,596.9339135185598
28.0,367.97177588539637,513476.80147388537,634.4665786069341
28.0,623.3117771691525,123851.28301692364,689.6244964693353
28.0,696.4322041988723,6569.09843161359,770.9462357614118
28.0,376.56982126931183,326884.4726955932,604.1393196368621
28.0,372.5219695547486,312830.2130923989,657.0931030739308
28.0,371.29943399937565,392398.23953762074,632.8480518614323
28.0,407.7531121893156,234425.4490091449,648.5146718689919
28.0,414.9028512720602,628026.3029488616,601.2634882111773
28.0,345.471189204212,513177.7666388506,638.4182774232083
28.0,480.07883540199447,324023.46968857915,596.7497255975011
28.0,396.16277658927606,271890.3030928221,620.7361208287003
28.0,362.674491024833,470750.62481559906,646.3199537588641
28.0,328.6254396794919,640048.0788541049,631.4604024174466
28.0,416.01479146799863,457348.0214521974,603.1808133086049
28.0,546.50717328993,52715.617162906696,709.798385240588
29.0,360.0063471446846,686904.1920126359,557.6797891082198
29.0,338.4651778463048,830549.2349061224,595.4829903460954
29.0,422.9912933228075,292610.5925498419,657.2221899418951
29.0,391.58480901222146,355140.3179921982,635.1234894959919
29.0,425.3035166849562,465525.21405901574,602.8269133567442
29.0,356.1643527658905,490525.3393779849,612.7744271695367
29.0,330.0689117860953,580806.6982611167,664.4311366921303
29.0,419.83282052621763,580337.8903378687,592.0840180219284
29.0,669.4675519574694,139683.28772859077,696.0053539663162
29.0,433.08572184211954,295040.5595745867,603.3841195431346
29.0,640.0943983700879,98972.48758162382,780.4240754046983
29.0,396.91845263634013,479475.9330437637,633.8073409453239
29.0,339.9362877767348,579995.8032567478,637.8567863885443
29.0,347.0931696039522,325804.6054774867,645.6616910964677
29.0,418.8300219112522,457036.31008708215,606.3334235421424
29.0,359.65080376680015,794634.9717608889,605.8583536844308
29.0,346.93186614095777,805741.9666737604,592.2984966829389
29.0,415.83432834566804,345405.9397957528,610.0746441992256
29.0,444.1660576632136,264605.06099681184,662.1329380355734
29.0,654.5471066952562,113608.43089627736,717.5040096177519
29.0,542.9108093021589,485816.01810309885,584.4883220263667
29.0,353.11373971747184,560766.2939703704,619.5612691146289
29.0,412.028186795248,532209.3745752778,605.2492989385277
30.0,384.5050336064879,537616.9492374066,622.1497506002928
30.0,483.6736969780565,637898.2087158726,571.330011194553
30.0,455.4335512275693,248779.67417843608,638.7742544898451
30.0,379.79346321452834,416068.9809100517,640.4548008854392
30.0,344.00777018248004,225431.5894360592,652.4431558164226
30.0,421.1951054291432,304457.8738066786,607.308431187171
30.0,597.9004593630935,14693.004943540373,729.8219084817948
30.0,421.5025193615186,305070.31744595175,589.1399648377314
30.0,389.67503909843055,425565.1201269001,640.4469943756397
30.0,391.5191663392467,749618.9447365679,585.6963902008144
30.0,446.8305869032449,292502.7496927152,629.4846548496866
30.0,338.3508823287638,285031.7758371088,689.423310188644
30.0,500.8847637470862,43733.907013711025,773.5025423307106
30.0,378.5921589865872,563665.1508749496,614.0623014671485
30.0,355.93464235575044,601252.0220790168,598.9801357146289
30.0,407.31017687734027,375465.68049866526,634.4689711402101
30.0,371.20082575860374,700296.4782007362,586.4586340250478
30.0,538.76835011753,20896.352305571887,720.4008458033351
30.0,414.7792364433646,167111.32795115028,662.0442495642487
30.0,346.70226881708606,831307.3322469108,648.3324927649247
31.0,402.7289467989965,240910.07369323718,679.963122990929
31.0,366.35764143029553,384022.99679744,651.7652888831292
31.0,354.3139242531564,496963.55041772366,633.0281409703849
31.0,670.1205297186483,47697.80481619748,771.0774109294692
31.0,404.71800631329825,340225.77238861297,625.5370412661538
31.0,418.4457446106126,248778.09583358036,662.9155251481122
31.0,350.05444935905297,486962.03787706763,673.5047399147815
31.0,437.2036530115404,463134.9941221734,581.7710488185589
31.0,360.7722559192616,923860.1115448541,575.3245805837879
31.0,562.0918830421639,84041.09875536321,705.5285981060954
31.0,595.821098028694,47985.913357369,721.618244814315
31.0,378.87625941800786,369350.9822920793,598.5095456715969
31.0,388.3294710270327,352700.3580876742,657.4511018046304
31.0,335.4861615021361,615710.5251447944,658.8784432466033
31.0,374.3296377741498,384160.4737561391,620.0714484895634
31.0,391.6517195998937,290088.5511631319,642.0332333993139
31.0,418.5086935971135,289856.06558855553,587.1392284948719
31.0,487.4872510167219,158903.02383138964,684.0303239719254
32.0,386.14981376637195,251414.50866602518,604.0630010609021
32.0,651.0829366850217,96689.37427855695,708.7529598305349
32.0,400.8151039122111,195928.02884277573,689.4578849411183
32.0,432.97889519582645,611284.4288657987,586.5655697189972
32.0,372.83300154096395,828839.2634214385,586.0517967092405
32.0,377.15217678332715,633290.0622878413,618.2990167572319
32.0,349.4767168156571,876195.3609020569,596.6808145110097
32.0,666.6463274683471,67143.43340747677,679.1213755480768
32.0,585.3767680406272,29220.500236771433,800.3022545975301
32.0,359.90942193403396,436618.0469436053,622.9189337454238
32.0,431.2262387603483,672931.5425887031,576.4590553045116
32.0,370.52473002484857,364586.99346241774,625.8143256996306
32.0,374.046843309858,934712.5700790578,584.7802041032496
32.0,334.6361824290117,651908.1002065014,632.4941377655508
32.0,652.6584479182942,41471.600086439954,694.4726816718809
32.0,469.15848269414863,570571.5804253424,584.2130998142499
33.0,403.07796409916267,646273.1064556253,563.4805511079122
33.0,372.4252396409663,649781.7777475668,601.3508215558796
33.0,364.7838225515352,604997.5999082957,640.1297911786046
33.0,430.68297245463634,281328.9986085583,691.8821511050039
33.0,544.9645617995741,89474.61299446225,724.973659423121
33.0,441.24064583385393,426529.558010411,607.749372167433
33.0,334.43782231970744,367392.81742127845,686.6282982262983
33.0,610.0550710408332,40486.981762739255,719.1896490186655
33.0,459.30967727977577,407655.14133698656,626.6753230925067
33.0,642.3100242514805,110274.31413898352,717.1669042188804
33.0,411.7649360519857,359975.2350942387,648.0984208015889
33.0,412.68331124200506,584083.6787882497,591.0121436663842
33.0,406.26815368226494,316169.16382900416,654.0075167513598
33.0,427.818654129257,299356.4048981352,642.9058323429907
33.0,372.8136061504845,504448.4480505645,616.8053215062954
33.0,404.4601537919465,541303.3861645414,607.6610434578637
33.0,447.4996626420864,302223.597368531,633.1478921720345
33.0,466.8013275819081,255854.00909605308,674.2569736061037
33.0,423.77480578120804,413681.64360957005,635.5879751040503
33.0,374.0363128317932,440742.5005989783,615.8461556757375
33.0,454.2061042978862,251951.76263857828,731.3415391447435
33.0,343.0097463123448,698018.4364792395,605.8008782846379
34.0,392.3142003221072,387562.3409406267,647.8960444129597
34.0,390.3710669672354,459581.5171610325,616.8916044357959
34.0,418.48512967808625,449324.2923667869,621.3428845736629
34.0,407.6887479722514,291885.7969104616,627.2803878382846
34.0,386.5333454265211,413601.882073718,674.2287876986685
34.0,474.5959747617095,396763.4977976587,610.3235306911955
34.0,335.12296311081946,430595.27882626664,672.6022410869207
34.0,379.40778160985997,600365.8810760101,587.0595874871192
34.0,404.78264982137983,257385.5276260436,651.9244212059017
34.0,365.92253691011575,457114.69438159064,625.7230904204882
34.0,353.543054619829,429347.37522730546,633.6768180456512
34.0,319.3329430063079,477630.2260221795,591.1271851079337
34.0,507.01946483422654,326739.96767992113,624.4278948739683
34.0,593.7852210868095,54701.236645613295,749.4852053276147
35.0,411.033885527371,153819.7208543483,680.8663098749431
35.0,410.1441191726667,799385.014119198,567.2019700024587
35.0,349.5105737947762,505840.8763615583,649.413952157925
35.0,396.3010187775232,358763.62202659925,584.0803691895014
35.0,426.05901206335955,210482.06272446044,629.6017375245642
35.0,568.0653984500889,67008.38155058122,695.7452922636053
35.0,377.3713891262011,491287.8475700927,611.6007616100156
35.0,410.85505092995305,259444.25351759107,623.1786156067394
35.0,727.2338757013814,74841.94307108456,683.9039562402961
35.0,369.05893634595105,297678.6103987713,623.6588667529464
35.0,355.59056652708665,401533.33638667234,649.2293203729494
36.0,379.41866798289334,760975.081324944,609.218283376243
36.0,387.69925868473626,295874.8006073758,702.2200553026086
36.0,338.36701666953746,430805.13370267383,643.6059361768312
36.0,529.2393541796894,226470.75138641326,637.2945261568544
36.0,520.324558060354,49533.992827453585,718.5894774451845
36.0,382.2777435960384,725012.772065878,566.9233098465006
36.0,470.7730793767964,221028.87055032744,668.717276358683
36.0,370.3655181383297,540713.8172107927,640.8210070266895
36.0,364.1848881572623,733273.0462176007,625.2612319012567
36.0,449.1793680592616,690669.2737493091,604.4525519061483
36.0,486.5767683963877,383875.0420154553,573.373232212698
36.0,396.93427214650194,353412.5271479222,611.7434793935909
36.0,384.6506892321176,371486.56401804456,617.1581561378612
36.0,396.8525680302328,244496.72558531462,635.4612801426839
36.0,487.8399075364817,147168.06676256066,665.1343077523643
37.0,360.73627844959964,325515.2147392637,644.9427413191612
37.0,648.1319212517709,68378.40471119522,701.0216997189333
37.0,328.1424765061635,450455.02589529206,616.8228396233178
37.0,390.7258696227134,160277.96575248425,684.2163035751731
37.0,369.9795638321158,360016.3746305164,620.3774522898428
37.0,498.01862739999336,250739.9097834833,680.5442587482922
37.0,369.39444414088837,403498.9739067785,616.6588188442078
37.0,329.1640060775008,589389.1892620532,592.8699463442603
37.0,408.03362341431347,262344.9557231974,657.3505413797774
37.0,386.8529607001248,302671.7639738177,688.8320706186992
37.0,376.5614590502309,491617.44956620125,564.6426965527556
37.0,388.5551198756836,330743.75654471584,628.5400378047042
37.0,358.76163958624926,452643.2902120232,607.2983003509528
38.0,475.1413970347156,108450.20266788747,715.2667941472954
38.0,480.2823549182043,1336790.670311238,562.5973965339155
38.0,330.9493145856816,322536.7430750312,608.9404970983771
38.0,479.5673146825692,146596.41956479158,688.314475934836
38.0,413.49382960415295,259198.14595060816,622.0426450087062
38.0,399.885123780191,525724.2340813938,580.3018229185831
38.0,322.7280316120539,305760.2985566608,643.7565863665398
38.0,630.5967012638146,74142.2513888815,729.7010463869952
38.0,398.10938001620855,248451.2918617435,639.8756897187135
38.0,664.071065327223,115160.02982736357,714.2443177898299
38.0,403.73506316989216,243395.68323899579,651.7170414664888
38.0,454.39528890964976,212840.24079308123,662.9564446575502
38.0,607.0040976262461,125347.76995346026,683.4876243763039
39.0,384.6266713921511,515844.3564239929,614.6890598972822
39.0,398.4746267498509,238854.82440177185,698.740068621305
39.0,395.91328212882075,424585.641952291,604.54916204137
39.0,489.2800229396172,309160.177650951,622.6745097959689
39.0,450.4490697809139,245927.37745030958,656.5005088110338
39.0,376.90913783497456,737940.1869025555,601.3788420629348
39.0,490.2418031380478,63989.51911819096,750.5221050840911
39.0,405.5773176996596,369490.1084025746,592.719854001225
39.0,361.60367298905686,317869.4139644583,616.2039764272594
39.0,352.73799459387266,496368.35437198746,615.5805817835907
39.0,395.26357587511666,765295.6088763057,580.6400224273584
39.0,672.090581719127,56177.83881179038,697.468292532773
39.0,341.24655182912454,453489.02816247154,622.4192356293935
39.0,351.18805861369077,318775.47910482896,666.4204675000856
39.0,410.035728020793,584974.3144276877,580.0433526368204
39.0,626.7014064450236,80850.24321464442,716.9409339801662
39.0,399.9864501316202,762122.3610773776,598.3526966245529
39.0,431.3580837644927,257885.37667251404,685.6754027325302
39.0,367.5208883715034,280300.64616014704,645.2043844062495
40.0,406.5478025863728,501344.09668862965,606.692170286285
40.0,425.95593060600703,815122.9211415328,588.3171941095951
40.0,444.5451099576484,283693.62316309114,663.6388565912979
40.0,406.2363493180037,364001.0628998794,631.3514554888098
40.0,371.99639000144657,844974.5562831172,635.0711180060081
40.0,359.2195340300353,384984.26139630564,657.1329596183658
40.0,743.9133034513644,115671.55176568398,728.5370312808172
40.0,542.639549137877,164246.91317409865,599.2269220270889
40.0,465.56022729514194,226955.95684843123,661.1744782397524
40.0,426.0125156090317,599236.3024481967,596.0302955011051
40.0,510.88714239364407,46978.99246243285,757.8557232113928
40.0,370.81981264150585,303298.3823537929,642.6586232524586
40.0,578.6605229592135,129780.81420552789,730.1200457030466
40.0,387.8769953515808,452629.67318065773,627.9300176982744
40.0,608.4978945774302,24397.61938764624,753.4258013263841
40.0,428.9512857098653,426234.476030865,625.171165819209
41.0,355.97829169217226,652188.2727641287,633.3185706755067
41.0,577.6473111625561,88956.83780491403,728.2126780403878
41.0,384.8250984955671,456335.83400422806,627.8489598714134
41.0,360.9929251513722,555407.1114215029,623.812741565159
41.0,326.0427729104193,596732.6801726243,642.3974469109517
41.0,400.8878338741852,466251.18965355575,598.5451398315996
41.0,348.1039039417448,367301.5851851495,637.584366944002
41.0,483.9040027375095,632717.0408156883,568.9241258392008
41.0,367.67922052455174,337458.73734611686,681.6788059076935
41.0,398.87788972757266,339709.67202513746,602.2540657032628
41.0,738.6820469302558,42775.07745921452,768.2485673304793
41.0,577.8236248976747,184603.4016694754,693.3517811812059
41.0,574.6897742350485,210562.46900430368,686.8959843624432
41.0,388.05597806937345,404249.0580231306,617.8529456182624
41.0,484.6604156296394,326780.3341716085,686.7214799277396
41.0,494.36743509227375,265193.3699973254,660.8998157039035
41.0,424.81495173981864,497930.570159741,595.281337242311
41.0,411.3281897021034,193033.88573917362,690.978615715205
41.0,585.1330261128386,138759.6669398809,683.7152993598075
42.0,387.6087339963826,574270.8050837646,610.1267864517139
42.0,500.5594524443533,506316.0423949755,567.2809163203088
42.0,360.65649621787753,693828.7061056523,568.3738901484136
42.0,439.0403362795937,1171551.7866633977,547.3900849101747
42.0,471.8932758681531,231717.10694011964,661.7339939352669
42.0,374.0508056103813,353641.97877417563,667.8813009444954
42.0,568.6978714786841,44108.85519821423,721.7732055224667
42.0,441.16602367644407,566740.5562662522,569.1822565995338
42.0,474.9694963351345,401583.8076893108,593.4125195086566
42.0,557.7563519154123,54615.66892162893,743.4349937647961
42.0,395.2482355028599,501665.5086097829,582.1007397606224
42.0,530.9818575644864,27278.026254825963,749.3887649740743
42.0,382.0282380129008,458445.0498055804,625.496112549747
42.0,408.7115136997074,369144.6216270593,622.6521601920899
42.0,381.88877909042185,402062.22322471766,652.0834423709965
42.0,626.4641973948997,67491.31490927807,707.9863513687861
42.0,416.39087881405425,284613.9886928152,667.8041624591223
42.0,442.74618904624236,248520.77486545467,615.9386735860912
42.0,368.1506255520089,495973.82619863196,619.2439717035373
42.0,387.61085905498436,452375.61486514844,634.4719939558535
42.0,334.367645669875,595438.0699627955,590.8233682094022
42.0,354.3382973886293,402085.02113264566,662.1203293443058
42.0,675.1418758423063,153693.71213453836,694.6685242628778
42.0,410.41115058032705,582412.4998651712,564.0275873117525
42.0,362.24161947278515,621801.4168158142,582.5646660898867
43.0,367.6667342146207,582206.5882391925,622.8441845681368
43.0,365.5900024606171,422564.5221089684,650.5341596210823
43.0,336.60219181099853,375151.92840247724,685.6598702346629
43.0,473.26501784922334,365200.306409841,618.9125303131542
43.0,571.3509118372161,241846.35997225775,643.0021446368513
43.0,404.5509986539895,630015.7679342113,613.5395005591183
43.0,385.5173137923535,455389.802819121,628.1498707585282
43.0,444.4760894737742,526902.278816963,602.1817555109876
43.0,465.075535629546,407457.9228245282,620.2459391060191
43.0,616.4366434859712,48225.92770086235,705.0938493797182
43.0,397.5323949370438,803982.8093993622,583.3709230937891
43.0,445.2221136580792,474081.2841650238,563.3207073763639
43.0,378.72467668368597,305272.7721478137,640.828206591547
43.0,504.4121043097432,184819.3981012687,675.6653263518131
43.0,458.21090956356494,201744.90638949632,658.9341759341535
43.0,371.4891204305318,738707.6600505663,600.9847421339875
43.0,414.6968189329558,473209.2526156454,610.4156222627879
43.0,421.4021998818547,262420.89324428356,647.6526398314686
44.0,429.24564822235914,227247.7192544696,624.6007428460979
44.0,435.10439195374266,373546.8538442324,551.0906880455244
44.0,344.0328458900005,339553.19572035933,649.3159217969
44.0,344.7795875315005,441528.98778809706,632.7884904774036
44.0,399.5453375859979,362908.46318534756,646.9558181868902
44.0,406.7311914323531,408377.6973737544,625.2060400187512
44.0,538.3348437770067,81122.36188017162,726.1999119642227
44.0,603.1871202952012,46227.19731596068,732.4778852006762
44.0,549.189326857105,311831.56226805353,612.6216225940469
44.0,345.22874536906545,412938.99307549925,587.2009524356081
44.0,364.1614978628002,279253.1293317548,665.0392891510235
44.0,380.93262257460856,660878.4833432166,580.684978843574
45.0,422.44137021544043,610290.690199752,609.1032787455059
45.0,383.1822885686311,405784.3213074959,634.4467837977776
45.0,379.2412522195568,441569.8253499598,616.0019516269512
45.0,456.8312938921631,248112.9546602392,661.7719563443994
45.0,380.6472048718997,250212.97098075316,643.8575421253782
45.0,379.22349623357604,578687.6383110975,621.7446181214212
45.0,362.1164030410334,446631.0672417578,631.8223183283463
45.0,392.83712580955313,508857.35451691475,611.6148178122639
45.0,407.0769282254691,399094.01714167104,615.7133937250117
45.0,517.3434474820027,212858.1829518614,704.9845382296978
45.0,600.8188707635037,79351.88092506114,729.6261880494865
45.0,572.0613380847169,106374.57657875777,718.5995414238798
45.0,753.918072337587,50228.204646589074,726.4201636981998
45.0,324.1888659254496,407907.6570277731,636.6217892506744
45.0,382.09684513788307,689793.9422560325,577.1681160342438
45.0,414.8520157400538,576142.799261652,611.3962251023684
45.0,367.71516360048463,815626.6760477711,571.3886351687996
45.0,353.4257196884177,617186.0481401064,627.355797523493
45.0,588.4720040369781,109945.11618728517,678.0519925044465
45.0,688.0940103801186,77913.54838416717,714.4418376387678
45.0,437.65538303853543,534015.3175008243,603.4034054977269
45.0,338.5032522637124,349244.83113823936,647.7850693212656
46.0,578.8354410542918,17769.282598622343,756.5110926672604
46.0,547.0656232025835,47635.99058293447,723.5187845928308
46.0,407.88170461075646,223851.22537664988,705.8986270829047
46.0,424.53673333945324,216409.1366949059,640.6022670750215
46.0,584.7073224448459,14978.261317728098,733.5872208737284
46.0,778.8541499365978,87425.10318477696,680.1423096443878
46.0,386.0475946089804,340464.75440504047,599.528341110926
46.0,508.0876621211609,211139.4105371212,700.8987568105022
46.0,354.2296531001293,473245.6835184874,622.7657618909794
46.0,432.2807776595568,409745.0406645739,588.1749728817484
46.0,403.43109085588975,284691.18221675896,645.8762040632724
46.0,349.55980836788996,308869.0519984165,641.8477312526496
46.0,370.149966063942,616822.8612785599,598.4846770068885
47.0,377.63635802980696,185106.51207458833,645.6177678973779
47.0,338.6072284064187,477159.4929270625,680.0029876281122
47.0,406.7260426634965,311561.3759761221,616.2677656675284
47.0,369.10994984188403,405871.75232328224,618.4272103193937
47.0,375.0709017080623,540244.5134460574,586.8089428542472
47.0,339.4091629219304,487332.33426513185,630.4132667546028
47.0,705.0181772500597,34108.031011737665,729.1575923821706
47.0,369.06749677218176,256795.92689355154,647.4438114440183
47.0,400.29676417262743,316823.9316340057,609.6122853607189
47.0,350.45617964467357,446724.1507040478,657.084810858975
47.0,363.1479070383292,452953.16540389054,644.0217805538125
47.0,414.11324151906973,176178.58830737154,675.3719705717338
47.0,520.341803239857,323370.8575904083,602.4756392488564
47.0,389.52708413527955,161507.3532749291,684.0731288989282
47.0,536.0709930755061,38682.71795184865,701.2017292006954
47.0,610.4339214456234,83561.30184443653,693.7804149695459
47.0,405.90862534893245,228207.0462311537,634.1594489542764
47.0,366.5115823687492,395143.9885232196,638.0928822834302
47.0,341.8662361757833,504576.6696332906,588.6883977235085
47.0,496.9171766941007,224427.19034421322,625.2777959249623
48.0,483.72593793682097,69099.80358225641,716.1458701210711
48.0,353.8728179205902,456496.7171854746,577.86309269862
48.0,417.615304855656,475691.2099845033,577.1830784210435
48.0,597.4721046444605,124597.83738243116,677.171242667302
48.0,364.08433006216194,388377.45308085566,670.6965398361353
48.0,451.3743931053248,402433.2886889672,602.7021453150317
48.0,472.6943622200879,633294.7936803236,555.9403485399662
48.0,350.3390800555489,535638.1959953547,658.3919321089999
48.0,417.1846752900617,313521.5147812218,634.1972237075084
48.0,386.96135460454065,663732.0169711015,576.8646435959096
48.0,737.6768977080251,15028.633788141542,785.167915850606
48.0,440.74274276262616,341235.4326371421,610.1067402095302
48.0,380.573803559786,422912.3360843006,602.8746836231321
48.0,417.633769548298,554938.7543313339,566.6137742951437
48.0,378.10859808106403,219551.82317339655,640.6565819110258
49.0,556.6083081413291,61716.96699665045,743.2308168757488
49.0,557.6811016274683,102809.95381537634,729.2970234231269
49.0,422.3150929011051,216070.2250136162,665.528682803774
49.0,348.1537886141156,611903.6791743302,650.4965576164003
49.0,728.9546431162606,26434.24215985072,714.4902416413541
49.0,370.87183018324845,607667.6259091711,609.4593950052135
49.0,637.8601072102482,35901.77620830117,760.1461272767089
49.0,495.5945535786408,44127.399784248446,773.6767223843615
49.0,735.7082918597708,9951.817007920832,742.7217920553309
49.0,541.5461076349872,487326.56897429505,580.6272246589315
49.0,561.1627120833809,38530.88522561683,727.9750399027329
49.0,663.1116400010682,193525.81099135394,713.3921325986606
49.0,372.3186614568904,288926.5700833551,580.9330103946558
49.0,348.4292335348689,326483.2050589728,632.1070091785809
50.0,389.750235724746,858308.2021011702,573.3368122351637
50.0,814.0940892326448,99706.10945800206,718.269171036376
50.0,412.1238468576673,185771.7070740925,684.2706495033135
50.0,319.53247117131957,536723.9262162505,624.4549991195452
50.0,382.6081199248242,573434.9994106205,615.7302209834111
50.0,361.43967111277937,324310.1744936395,627.5557369270269
50.0,466.21791500627876,481388.69099109946,582.8148072495338
50.0,372.5821953198004,491730.97728046257,624.8016559083462
50.0,409.816175998149,342575.54286663374,611.3157911260957
50.0,411.17306458975565,304862.3509960532,656.7878496729604
50.0,341.2742324004476,678474.0209708066,612.1161377872262
50.0,399.9412084925193,520497.10216956434,587.6464856514947
50.0,740.2576328576496,119086.90133971271,715.3958795851557
50.0,393.8655274871111,489851.62429917464,601.7665145884457
50.0,379.1931500896346,682103.4094905024,591.3340932378418
50.0,421.99509846815147,259115.90379623833,628.5068230182802
50.0,385.1250393778555,654430.2153346575,580.8288304138496
51.0,385.66459900971853,473875.0271158029,621.3833383245906
51.0,458.4963233225086,410601.6945963641,559.439101173176
51.0,630.686174000052,27734.061986564986,718.9128265061554
51.0,620.2236150319193,72099.14007576318,692.6448437997176
51.0,440.675317426021,868361.1865423409,565.3869033862195
51.0,459.4584613382892,251591.01555661793,635.6926328449771
51.0,368.7606461729503,438880.2197124051,648.6582255608023
51.0,497.48082485157516,59850.335611537485,719.3778762761129
51.0,363.03078916041704,742221.2203771082,605.8774956759553
51.0,475.91849208198164,177188.56073991398,615.2047443316492
51.0,328.93248309051245,578406.2182120094,652.7684059517666
51.0,407.53623579807976,789499.7238528174,576.802599041908
51.0,487.1100504657008,162786.3737371268,710.9871962494498
51.0,468.80341233602525,269497.58996483585,589.0988999039082
51.0,429.2345861050669,285881.1905292611,622.1299711476238
51.0,363.7333790346907,356315.92684614076,657.3301519216121
51.0,390.0969044123664,340177.0117129038,580.0325278887304
52.0,399.8799555703959,255923.3815417331,677.0260294178611
52.0,494.4931507395223,261867.33949743956,632.4526362478799
52.0,378.97336298049953,520350.6843101067,640.3437210157305
52.0,345.27358108737417,598890.600270969,629.4938166156895
52.0,806.0508885761308,32266.373136765626,751.7454994156367
52.0,450.1879188317632,700699.833045493,582.5558695109964
52.0,435.2216725407789,258888.66080440176,649.5065771610717
52.0,434.5807406937857,224643.24950753775,706.159417989094
52.0,353.13953617850046,544715.82668985,632.8978379043062
52.0,391.6056738911238,374189.16374108265,618.5141944452524
52.0,409.4393496035595,350332.67862683145,617.8796416516016
52.0,611.368201964843,79908.986009248,730.3665315171678
52.0,422.7733584096814,111184.05180692261,720.4872228045741
52.0,535.4938880668394,130996.77533399273,688.3879412552374
52.0,510.5314707983168,356442.53077885084,616.6568492233554
52.0,445.0838314303866,453431.0856800806,596.3745251464285
52.0,351.592640025936,426032.33749444067,650.4392544588118
52.0,613.1269912284649,144609.1473847439,682.6518329769418
52.0,656.3290719143372,63560.47623265873,751.5984385713301
52.0,366.5290076593436,378037.2169198778,676.0056301466101
53.0,360.29653587220565,613454.4469253321,640.6207448455958
53.0,411.93046159209086,788668.8254392967,549.820473420193
53.0,423.09537499077624,468837.37101719057,619.032734522583
53.0,444.20438543026165,447425.41046924214,609.7732732505868
53.0,375.64954051181985,281758.6911177894,633.9048381199076
53.0,456.22417436961575,359049.66100438783,628.1037544989854
53.0,511.07485341061016,111097.76227090348,732.6849659862393
53.0,392.8151824985575,525225.247817449,616.0204896258874
53.0,446.86615930759143,137678.13298839144,727.603144816146
53.0,516.7521322011928,122467.76727058634,682.9151711599928
53.0,376.72867917979477,650491.9083075571,611.9188723451887
53.0,406.76966002968925,491483.7199444489,611.5977134885776
53.0,441.57143169738555,542238.9656024138,582.6319100619248
53.0,393.50547795283916,856031.8760122132,570.6506277490607
53.0,422.77990884512786,231441.8179495719,674.0121170379505
53.0,401.487567306677,758210.2016618309,590.3223440855412
53.0,571.6383898401891,64334.25887281237,696.922051352119
53.0,443.42747259883055,444721.08625169407,627.4232658228092
54.0,640.8411347092097,64415.76959154234,756.6222975337579
54.0,339.0417845815298,547540.9915463,609.7297071663982
54.0,387.05455171624834,207899.05904385017,646.2691251024207
54.0,369.3378646812161,531874.7581741496,585.2285713525115
54.0,341.4134938633752,706638.0494879929,584.4003607956854
54.0,600.5187359676218,130445.49589446923,694.9309672575408
54.0,403.5182925976951,277400.35210742836,617.7577492116313
54.0,549.9679666640376,190208.9847412119,704.2173085019933
54.0,366.11013483677306,332881.80353422195,605.7286526431814
54.0,372.9052736261497,309573.03750158305,701.1056755009887
54.0,444.9386274728715,269201.61362468934,630.6503270666132
55.0,377.8428957695604,537359.3819777432,613.5076065528734
55.0,479.21765067859764,141725.32551082934,710.3665351100244
55.0,710.5105498147184,66371.14890426659,761.7403750760599
55.0,428.64395313773406,316163.8379166296,645.6293380635999
55.0,543.697958675795,95451.94264340543,694.4272957633966
55.0,397.3840472650153,581387.9064484346,561.7529103471395
55.0,399.9354271741797,454245.3783066336,611.8032822607274
55.0,647.2823912853131,72677.15502560393,721.0760104597204
55.0,495.2017810465857,1114538.874534774,560.0424737536575
55.0,333.49840941299544,448880.24718657136,634.5698217610196
55.0,381.3022894934394,309315.7774718519,692.1792011949291
55.0,426.06069331283385,237381.37031819465,654.7596376719938
55.0,401.18013649035476,348684.7575679275,585.8991557385853
55.0,393.05114517144443,465766.58712376474,585.521412676441
55.0,382.5939940830542,349075.8676456625,612.6749137715575
55.0,426.9658045023637,161583.63828042874,653.0064971406223
55.0,353.7264609616556,625421.7311873259,633.8965554962275
56.0,417.748873417294,391782.8020978323,632.4789527358737
56.0,709.1156091218289,37099.43121531332,714.834066262594
56.0,425.6885737846319,380875.44179672236,624.1730386540278
56.0,630.8997742493897,89699.32183600434,713.0749820420459
56.0,391.29490285610814,715087.6680021674,585.6253537792167
56.0,396.9858777162297,339267.75762110186,685.0910357909064
56.0,438.1597820957361,302243.33828338404,641.1988443559619
56.0,468.00133314653397,313402.67393662577,600.971294075232
56.0,406.93002913145335,581977.2799642959,560.4227123947777
56.0,414.0054990444321,373405.29090998444,634.3055174964733
56.0,577.6128351789882,8918.42765567319,761.4640041016318
56.0,458.048940200329,138368.1427847404,692.7726117327854
56.0,384.5670135510828,376764.62837937265,701.9227071744267
56.0,404.33071873499324,917499.2341690403,568.2767058202348
56.0,521.668711501081,406882.4414420404,600.1270381627694
56.0,461.3308829984896,238199.4234218492,632.6289535598698
56.0,794.769400765112,29953.44296852425,725.1569670315566
56.0,359.74257178109775,418268.4460149892,599.0434244149917
56.0,337.1962170701037,448709.15739349875,638.9642577406906
56.0,306.8127008893187,597438.9817551869,634.7025507887386
57.0,391.2612311964327,362811.56517337984,611.9397799966813
57.0,320.1142165857718,413834.22506068036,653.9073850209446
57.0,653.0716632710433,55294.93684118224,751.0690610743823
57.0,404.1800377183481,263703.2647896544,671.3418403162237
57.0,442.1729371956222,355655.81314970134,626.5591390469866
57.0,393.33802578144935,423399.86647451285,598.3767160265548
57.0,381.9782303116402,413178.3276077972,646.7954478191398
57.0,374.9044492909009,654267.8195522877,607.8981691378582
57.0,366.31129417511886,357456.8147180232,655.6746558101364
57.0,330.7316320857884,667372.4154980985,567.0741126626941
57.0,417.21017466109515,241487.85269887562,644.2693207701951
57.0,662.5315908586924,61046.809736836476,705.4107485088515
57.0,523.4937822115118,197109.76083585562,686.655744890997
57.0,625.1929628782224,143706.30954529362,693.1473859527351
57.0,576.8126281992228,76334.74618299399,705.2402088940551
57.0,383.1962397967155,227739.61493281648,709.0242809058741
57.0,402.93547760373576,386374.584133721,603.8882993164876
57.0,473.8436735621585,307434.04028746247,624.0718151121262
58.0,417.2524377563899,407718.7019239267,613.9351558987764
58.0,395.53644590211,405238.5435598862,617.3206191461617
58.0,505.2144750413353,620111.1033955468,582.0681591128904
58.0,432.44599167491947,632712.96764829,595.1444052211278
58.0,369.48091262656976,308640.86481080047,646.8078567211571
58.0,344.2625595915596,440949.5088007671,641.2393676452883
58.0,615.9189321734088,18172.902311933663,753.7987097870646
58.0,419.60787489600904,403005.24508616247,631.4781038839662
58.0,339.15226106366543,517589.3194048224,638.2146235751155
58.0,457.0085404539861,363144.4488811869,629.5385401396567
58.0,441.97089561182435,383863.9351620093,615.9832092342431
58.0,380.4163838170332,500449.80716630217,609.6719267531588
58.0,373.7977942019503,806203.1613048947,588.866601803372
58.0,379.6796436540627,527196.9026550292,622.1659313432214
58.0,555.6925228977223,367403.58021384303,608.8408881507557
58.0,394.8531187095162,933784.0101444677,555.9448173938144
58.0,443.62694768134867,364601.74433875043,624.1967660077707
58.0,342.5265085110267,441640.6990860062,638.6559468348523
58.0,627.9582283396093,48770.55232356394,693.6154644343751
58.0,373.319330198625,618275.5619970905,634.133273228713
58.0,578.8428324049675,60003.95373074613,694.0824964746197
59.0,614.539739555294,188031.20550442417,677.1971357542803
59.0,357.47413411434974,597959.8047207015,614.2019942700401
59.0,509.144675736655,350189.72906120867,642.0127823961354
59.0,398.43713251862613,614456.6500613613,607.0487831436848
59.0,411.46904589939106,845971.3088654223,571.8953884479604
59.0,476.54023086972114,255869.9006811744,689.4686241746331
59.0,346.6672413097997,498837.9616193834,670.46033287007
59.0,688.2538361355181,46467.12765912019,724.6241293630327
59.0,606.8764404519916,75065.49165950375,691.4297951431118
59.0,406.1152959919466,948919.1704284535,540.3416466497574
59.0,386.9647325494844,449016.1347204233,611.1558759617818
59.0,507.86107756801533,75065.33343392504,696.4997840310228
59.0,362.24552071563176,380295.40852838557,674.2221223622253
59.0,610.523432021552,34437.27218129032,758.8374061762473
59.0,368.5187605376075,456653.0414611741,628.646156052838
59.0,766.6134073798243,11297.220716464097,701.9330393202201
59.0,394.34995440182877,290622.2029273136,669.8232105131522
59.0,375.16980377658,315686.5563437389,645.0044567303062
59.0,416.5362262430224,422951.4395308265,627.2279067021622
59.0,482.14119405154077,772961.8382258049,600.9695314273681
59.0,363.74658073073937,380928.9201082392,630.9500635124408
59.0,429.1337407873067,374810.46104582294,634.008496397503
59.0,501.59300844831506,79578.12917660255,686.7913688923347
60.0,645.6807106541714,77327.4687785759,689.6946058179813
60.0,374.89734763488394,376575.8630035557,608.9546117422021
60.0,718.4617955231126,98854.99611168052,676.0818062203206
60.0,359.05701246911843,471762.6624555045,608.5928267944611
60.0,488.71525868582444,124134.6880550257,627.1813692332828
60.0,389.236673657054,433189.6930332646,589.8412488222035
60.0,665.2392752913598,43843.848208452866,732.9136661091543
60.0,599.1415314259717,43969.772134728846,742.3084733943028
60.0,413.17247337946907,1043832.4009442694,579.4977423100174
60.0,441.6723899419468,405536.5820302491,606.3051354536657
60.0,582.3489781043539,49065.05921605159,704.8792700473684
60.0,338.9591456883808,586611.3780415772,642.1701082110704
60.0,578.7483128594392,85135.52404061255,751.4983629882347
60.0,442.68221467681127,282668.1507071812,611.8082213355767
60.0,413.8813860065116,317136.5467176949,652.2041474486991
60.0,427.19176287615204,233676.76626838095,669.4444107350535
60.0,476.73389945898464,572154.5436315144,577.8063351198709
60.0,349.4452244656853,677416.9365371305,641.4980647800635
60.0,545.3110829360263,99969.4773015016,698.4197228542234
61.0,341.3075846594109,466089.4435192714,664.0390879397129
61.0,368.0211118798387,429677.26155915833,627.1632202373346
61.0,579.9562748075906,77758.6974001726,723.0114857682909
61.0,438.2063262258722,344910.132157491,609.0280477408047
61.0,359.4195984348026,293641.2240701225,642.3638265123293
61.0,542.7625374697213,93416.47488246147,697.6571642242749
61.0,440.822685887147,531302.4520912024,598.3765261540036
61.0,364.52917891215094,578983.0576096372,606.1649295528049
61.0,388.2146288644385,350693.3611812351,602.9013335486401
61.0,406.844040106243,672268.717677285,565.0189700696731
61.0,372.8765089418987,403649.1418180762,604.4775068964523
61.0,397.5368044273795,228011.7783073401,663.770821277355
61.0,390.23559382233117,348026.90807245043,631.5287470361249
61.0,626.9415945338372,44254.43561316921,757.09430388094
61.0,347.83352695232077,734335.8314879237,608.3869238117616
62.0,403.5362615527733,466561.507807322,583.572808267473
62.0,371.9860276249663,581801.82852744,601.662683338528
62.0,388.01379971204847,192726.3677860518,640.2096781417468
62.0,489.0505531767538,90177.60297268901,712.6641917275904
62.0,425.1218376495978,677377.50577892,576.3046010854854
62.0,397.3631510138816,327512.25281564146,600.8167550641093
62.0,832.5165848609053,74871.75416583834,687.1164416764859
62.0,359.24182513436625,763312.4496207561,594.7503969932351
62.0,535.3112898574769,161641.98651046713,658.3590122170102
62.0,367.2427815599403,257592.74753942812,654.3121917398188
62.0,336.5313159936884,689341.2846704281,607.8041735572826
62.0,358.64567894804486,387143.3292029447,698.2491417827606
62.0,487.43229329425657,587743.4243810124,572.6754916175236
62.0,593.2364505734056,18326.64287309506,701.5502388238674
62.0,516.9497177377231,271291.5343761832,630.5636392389608
62.0,512.6144361242034,463456.29611989635,575.5384236430391
62.0,347.55438938570285,405152.96375986864,604.345401149991
63.0,370.36614793491907,530893.1101581212,597.6418708309386
63.0,454.1432463361994,453560.29227010073,609.1270452482033
63.0,434.5490192868594,205320.2349155801,693.3833267761994
63.0,347.3350667879632,626574.1552508806,617.4553277807488
63.0,363.64126383298907,764410.9295476449,561.9601135286345
63.0,338.7114479525762,497300.4888593089,662.4931815267364
63.0,407.9449487867581,275820.0676712369,621.4001805688434
63.0,476.37001577181513,419677.45388882793,620.2266027782534
63.0,626.081416603348,93829.48361878055,733.3496426141779
63.0,436.9716655026481,518668.2088914599,596.5958597089741
63.0,374.23786193063944,732643.0564163447,590.6069412387922
63.0,348.2388703043561,838873.4066076351,531.5389681016532
63.0,343.9263221160866,256903.23823139808,629.4110901655432
63.0,336.55456067484556,769765.9178466665,574.6394524287895
63.0,564.077920263908,440126.83809944696,612.0268514536784
63.0,329.5256200839302,781718.2816263058,643.4878303263764
64.0,426.32865827858717,303874.48779485654,642.0817266186341
64.0,364.6162537703624,496378.5757446765,669.0454680216576
64.0,467.793789924935,355011.4312098603,629.3822611835623
64.0,391.5073858832711,308261.7962069119,665.0616810189154
64.0,303.5946277104529,628604.5524626609,608.6607230176169
64.0,389.6885701199779,426902.74171007227,612.629610789146
64.0,382.9586288532979,426611.4310971791,625.5743203189207
64.0,374.11030415433396,331866.11534512625,645.9473948519382
64.0,395.59166810016166,209466.5591292831,694.4094154214964
64.0,374.1981953316612,428523.63641407725,609.0097185930496
64.0,357.03670364979604,531364.9439382503,621.5778357178807
64.0,649.4920111512356,7907.191549764346,725.4185697515419
64.0,408.8739195438608,289732.0629580394,650.7311869803326
64.0,473.7820778526167,289590.2385745497,681.7872894212231
64.0,469.7075932607651,362591.470545459,621.0223520910446
64.0,364.840236880718,527980.8048220818,565.1435849661362
64.0,365.6385377335697,443014.0560015276,670.5746980707979
64.0,683.4971656732193,103503.41285783783,682.1558961047015
64.0,437.9358719744298,403472.3813259454,639.996944276034
65.0,471.85658706521633,389428.53623365687,619.9232701187026
65.0,510.61497855751026,154816.85685136868,682.1453150121032
65.0,385.72606204382663,200330.58894949182,678.860599525615
65.0,317.9804994638334,465890.035897179,633.3291055684365
65.0,452.97527336019823,271408.37145835115,637.7031175539453
65.0,377.8542991897926,232137.69375042443,676.9449351694517
65.0,604.1662717925866,41261.13369380818,718.9179279852186
65.0,481.34195668596857,185799.4614493388,688.7865405286311
65.0,441.7456330545363,187635.28144119956,665.0846851850371
65.0,381.4511110402196,399132.23973499547,595.7046335317988
65.0,380.5857859697979,352915.4955925235,655.3991965577212
65.0,489.380036783614,168596.075790259,681.8740062832045
65.0,602.8250468796973,118056.47861225132,775.2635736283994
65.0,391.1703331348556,189800.2467615292,639.9256672052961
65.0,392.60103310229476,387118.1846188076,630.9097150313522
65.0,414.4944827530712,309617.36381798214,638.0807614819137
65.0,394.83888772957283,342566.1217289914,629.5910077779026
65.0,388.8967773206872,920214.7764868439,588.3857538598502
65.0,365.5001193670764,535706.0307255664,622.4226862532056
65.0,339.7277381437189,575383.4440451269,602.4338330123727
66.0,689.1094580396394,30293.677209955786,757.1585592159067
66.0,365.83779884955936,289940.6746170773,672.3075750981246
66.0,310.0296120543462,494137.6508469106,641.760430194742
66.0,349.6329006140117,606408.111365699,553.3993922893081
66.0,346.7966550746593,470779.9615853163,617.2230764446704
66.0,420.77961161084824,300065.60622911813,638.3053606680626
66.0,618.9118122979905,71146.48940279239,734.2772788514555
66.0,367.69646189092896,440256.79360124236,604.8417790376902
66.0,510.4139440423305,275950.02874299005,672.2243860175573
66.0,601.2582873522908,145009.83532854792,722.7337367359163
66.0,378.7654166902824,317634.1617643175,585.2264912501385
66.0,776.5491134309815,52739.58398960775,748.778330384926
66.0,419.969145922746,238834.67012789147,724.1079078927207
67.0,549.5768798566826,62070.52290205974,748.5513855919339
67.0,689.8799628424996,71471.39844989184,720.3253504996819
67.0,693.1009126369518,88652.40035204431,678.7503376954462
67.0,358.873814040732,322201.67951203464,627.5113296405199
67.0,524.8208770186714,111518.09758024773,673.2190576717982
67.0,431.57438390383913,313219.27801516384,667.7822756691669
67.0,399.58985733569057,958196.3733645398,585.1897792798072
67.0,472.39648776547716,248341.0634253008,648.6058143233902
67.0,439.6306630087235,206369.62987059975,655.6840209649904
67.0,376.8259322876993,411475.2352799921,620.7059323165546
67.0,443.5465034603999,534167.4973019684,608.1284592311204
67.0,782.8886084759145,12051.454529338558,752.2173528001448
67.0,492.935727337554,439005.4030080105,599.7735799944842
67.0,460.87073325168615,341854.99797186506,606.4200893949441
67.0,491.6002837870328,98815.61371602702,726.7779139909641
67.0,421.55532736943013,549660.8285832468,603.9544717298555
67.0,326.2770959142533,578039.5684505574,592.7305329547529
68.0,757.4797137695414,23652.6846755227,741.945595793634
68.0,329.8148018934694,385740.83415481466,647.8081476050111
68.0,345.48368972342877,380997.59725764696,639.3129199910192
68.0,424.11458878820457,509405.19670477364,597.9947040483535
68.0,371.39325999384477,416277.90540988854,601.2271628369656
68.0,617.0434524283356,33273.04973594072,759.9338760827411
68.0,540.4064809311072,62508.77692165823,704.1018825591779
68.0,305.63621008501707,611917.5057126216,609.8531800917066
68.0,341.4384323393709,733609.0596212759,606.5231135872891
68.0,347.12299811942427,386988.4372944147,634.7836949881128
68.0,373.7607826841488,513222.2605815721,582.0590465910639
68.0,374.93258676620394,316622.7010779584,680.6649413587787
68.0,549.1797274826398,54291.275154733,674.2829773359696
68.0,426.9261272697541,237022.48033838795,616.1355067248797
68.0,385.2329658347877,289066.26812794217,629.5013947158745
68.0,428.589141787044,210554.47085073555,719.0145058082284
68.0,481.4407116137496,85074.94345674594,644.7753493233183
68.0,394.2515654390807,822193.2028568117,570.2899582622838
69.0,401.0912704581444,304568.9528773094,628.6801715391754
69.0,354.63841811944474,337556.02342110075,590.5254851724218
69.0,641.9704564950167,18076.51734325664,733.2204981486502
69.0,515.3225375678774,73192.1998604352,727.1967973153909
69.0,397.15292983590496,268798.358305517,632.2279723895776
69.0,507.80485453335245,43829.36413339548,741.3457828389086
69.0,503.8947875110317,198970.97783450957,651.5869820084739
69.0,597.8638127460732,58376.414888106985,702.9525235828957
69.0,564.8001063620784,43581.626889506406,720.8273675519418
69.0,381.83729134624235,249464.65096991288,650.3836197881911
70.0,373.4673125419075,280489.26768051,638.7346994443992
70.0,312.19566862379435,587448.4678811006,630.4284359938913
70.0,405.47504090637455,210065.05910518454,671.0145278410562
70.0,416.49332728806286,622186.385660782,605.8888265042013
70.0,411.3126990175493,1056232.8000238934,557.1460645202158
70.0,326.1752104097793,431769.2364570829,716.5190341216063
70.0,351.28675987960713,316820.8733185671,639.3930203019934
70.0,396.9028989127523,1005164.9683184369,563.2352092835004
70.0,423.750426114451,716881.235888022,587.6659505825077
70.0,380.82478582335676,431839.235542638,629.7053531812271
70.0,501.7769644676579,460149.76645951456,603.4936704340222
70.0,519.3272593802415,556204.9783968378,596.1542916914273
70.0,409.7999083330824,429936.1957959588,621.6258150312365
70.0,412.64256870609825,252999.3809807429,618.8748933941145
70.0,369.99285222684193,251145.9614286313,645.0160256512023
70.0,340.09937474188746,429090.9341120759,660.1029460836774
70.0,506.8210102076446,122170.70235839467,673.9658491816851
70.0,368.0254540011614,802451.9047484613,629.4047026102555
70.0,389.1246035065986,470236.4495848781,615.135862163873
71.0,396.2103703634431,265760.3963545837,644.5295371602244
71.0,363.9833093719964,535247.0768347633,604.5274575885823
71.0,412.41229557960315,409448.2368497326,629.1465670013382
71.0,442.41073040173427,222293.10873767093,629.10570672914
71.0,676.1546006879493,17402.6232540722,741.0944314503986
71.0,646.063658937577,26232.08071165229,733.9736612401889
71.0,535.2200644523688,88075.85763266677,725.780694972145
71.0,376.4783920534111,220350.77281341417,657.4762591469006
71.0,403.152890418456,602435.9828601831,588.5902802483772
71.0,363.14778939374236,463222.662319721,633.4268910187292
71.0,360.393111062325,273521.6446298435,633.565008273913
71.0,446.0674591964806,294808.3174667007,622.8768498978393
71.0,501.8797160909335,933006.2902510358,584.2147034426721
71.0,593.7831786287358,20022.736235527118,747.4393692735174
71.0,393.3216047680036,527087.4904355172,630.9760296254437
71.0,411.30357862537403,174727.7974652997,657.9451133916901
71.0,395.591515041984,427240.35494787066,629.6376446778808
71.0,430.5661742315131,308835.52148548485,613.247243261103
71.0,357.6228015682126,415439.91359728854,665.5871446907712
72.0,360.87616022173523,524789.8293425811,659.9553861602961
72.0,370.1245657645631,317883.90631683136,689.1435702993741
72.0,373.4592340989478,372270.4992785373,640.2853922316375
72.0,355.1962313438428,675085.332213594,611.0980026083985
72.0,453.6190529838622,138804.28499963493,653.9464711442606
72.0,450.8887219208697,261248.11685027255,615.9489298029011
72.0,624.7620890082742,34655.464050651615,749.807499493475
72.0,421.02617455102325,316042.78228942683,635.5294205929265
72.0,421.42297707333563,614202.2177650906,611.9693351618971
72.0,337.0400404394777,648486.1448466525,627.8565304344046
72.0,432.0732276652629,261984.91972638975,683.5695295565142
72.0,370.89670668923515,479725.6618421575,654.1109747221564
72.0,471.06924093252684,473200.6032164592,606.2689217961146
72.0,483.0740052986228,465424.12891708023,611.2564197684496
72.0,396.46662305744803,538899.1368986496,624.3707770116403
72.0,768.126757198367,84980.25437338854,708.4753844685539
72.0,563.6844563066076,91610.33035137235,682.6590608415996
72.0,432.96039719730726,309707.39146953484,652.1188244914965
72.0,684.2545249240443,73968.44500939205,722.4732577460935
72.0,590.7826588944642,91214.03608403323,674.0950242531286
72.0,370.6958664007539,619992.4875418595,592.5644832697977
72.0,423.55386066673583,493845.67647489184,595.1915140371829
72.0,403.45575158568084,329363.95091352577,632.8303911267851
73.0,327.11266994465655,610187.0751971313,640.026639912793
73.0,370.66817217555456,186765.14902561958,686.6579904266408
73.0,671.2676151429308,22478.11137371568,741.2512035402947
73.0,347.3563894324362,466808.4169160755,636.2135740307328
73.0,438.5417073260976,808269.8284743043,584.7329641835698
73.0,443.1144341354653,246220.47347879485,657.7622513196717
73.0,632.0161854539872,73982.14535359346,722.5626897487981
73.0,367.69413984206153,454732.9910110103,630.4922392916825
73.0,359.3407091868218,481865.8228253304,629.0797909092032
73.0,369.7029174173147,362159.5641707313,603.2287185637462
73.0,340.7191060617675,557664.7753644868,605.3938362631818
73.0,382.6858325823425,326203.53124806023,639.8025974071992
73.0,361.97374959696475,566929.6664984316,602.7953733901174
73.0,376.41952021893707,314090.74936240114,662.3891748130625
73.0,370.3076269570603,472126.50976963335,598.2611967201335
73.0,625.7718370723807,75777.08489538972,722.8230664808541
73.0,549.2019771233319,122546.76663618843,698.7624046111156
73.0,359.45575470387735,624737.8627521807,597.8009238289355
73.0,511.38473497993544,554784.1104918636,592.7728004163491
73.0,388.22144794939345,307678.7765957994,619.7184014209046
74.0,690.6764915215412,79232.57461448609,710.1370262719148
74.0,403.27110462785856,565056.6938768696,596.8877511981009
74.0,375.4674967422927,269739.4184697452,676.5011001483658
74.0,485.886691660051,203560.28304568728,618.9259655478644
74.0,518.7663357874932,297567.6102205241,602.6265648323354
74.0,716.5541331016503,75465.70427303751,698.9939065424498
74.0,434.3896672973775,295468.45087054087,613.059629721133
74.0,336.9856764810822,298203.0441698336,642.277374654533
74.0,353.56376701353093,586606.253376359,624.7276233166978
74.0,368.1667534279183,373322.69078487775,626.7375732731616
74.0,372.0176135364885,296755.20532186964,663.2367783324479
74.0,402.08749471116397,394904.8346451054,618.5769545311605
74.0,370.89503282783477,856550.8965580014,615.7568081151276
74.0,329.8588278532472,666195.9146044599,644.7513370495828
74.0,379.5411019582883,342928.8226624807,631.2790723806849
74.0,538.3608307478667,202332.65304727855,729.0341049263785
74.0,437.26987418902854,544663.6935892362,582.1270704208332
74.0,701.7949072451744,47001.091899610365,726.5686494003302
75.0,363.36462773856624,221147.9027713981,651.9350724226705
75.0,634.2694600503772,118120.56306131015,721.1216020500116
75.0,398.3472723312222,538254.5804446167,613.4120630516254
75.0,410.844184573383,409637.57507220167,610.1455775068027
75.0,542.2492044215555,64774.208261613516,753.4643870862639
75.0,495.8735942234813,518553.0601516934,567.7892697370219
75.0,474.90098885940375,184694.17463828545,682.538080153647
75.0,381.6507570190978,596229.7345829251,608.3026176913792
75.0,451.52056190415595,266792.93845243956,624.8098951626965
75.0,605.7242975554195,11952.087540509385,746.8500736424845
75.0,339.32913674221095,289360.21891757176,669.14205314176
75.0,533.7743658208136,114897.05917287334,728.7900538324678
75.0,413.7361180924428,393476.35079775366,605.0385640689874
75.0,407.35607669909666,190128.10811537324,636.3316734428132
75.0,484.7207433417981,467896.69016774883,578.0931256798696
75.0,507.11876531216956,285112.51061405847,617.162940638241
75.0,337.0265264618376,408034.89111635106,644.3308733477857
75.0,552.3473523725683,92510.70463800711,734.0338549010789
75.0,410.1569125593459,497807.6923098041,608.9902898810269
75.0,415.8323364717644,619253.3662605163,600.7262527271031
75.0,659.134741913352,62109.089658568366,743.49428301658
75.0,390.57295534318575,773252.537238648,586.2006108541702
75.0,342.370552926185,297765.61639122915,614.6073084839602
76.0,707.876613405172,26010.74521908758,724.9635493986277
76.0,523.2115361047769,103911.45244371331,734.4886334219158
76.0,531.0986424101196,85422.0180032064,738.9204216033195
76.0,399.0313065635925,441023.4831239952,638.7955862446393
76.0,693.4390430153693,68625.19957054594,674.1849605792141
76.0,403.72860425438364,313705.15593007853,651.2170772732115
76.0,444.6192618109574,211770.46191413436,653.7702844401928
76.0,427.2986088055686,319667.6878183913,630.7507068932831
76.0,596.7320123806089,149494.30827329736,705.4683999893365
76.0,550.9394981346567,33492.6115934254,749.1210704894282
76.0,798.2799671147294,51425.60258669657,707.0973360852965
76.0,374.759112409037,376991.90576010896,649.6644958873246
76.0,350.7951871209178,528419.799932349,590.0736144616044
76.0,367.4588755905973,475317.33289688564,623.6666404301776
76.0,367.1524303964475,519504.7171517908,645.5379059760389
76.0,599.2013859362643,120886.65556385198,715.7943952483103
76.0,680.2701626512007,68595.71268719548,717.1623931614496
76.0,405.48688474362814,384928.3148922573,582.3063145119042
77.0,429.97540193090606,214547.0293271986,621.4113491196015
77.0,571.443924879038,82918.29968891453,714.6869047476512
77.0,374.9550575363728,342297.76445790665,631.6141331069517
77.0,387.1960330212382,894261.2255419329,594.7392344009382
77.0,373.43002332829366,546428.064209722,598.7912928023103
77.0,380.6557526722573,376903.9907415407,615.8660851032075
77.0,412.9526300881046,334365.6126263192,644.2917799007912
77.0,371.67654288128625,580731.0540154678,623.502520112192
77.0,399.2134944735078,436553.83593175065,571.8699676892546
77.0,560.2056465612728,108716.50998743446,715.2346368830971
77.0,367.5643309801175,536445.7993354659,660.5447831292413
77.0,401.1633946295405,492587.5823340879,568.606967029283
77.0,514.7290125063797,25850.98364672827,762.0281833708392
77.0,638.9674006437614,67352.1658655319,724.9575947380188
77.0,404.0146851237659,231676.3049571584,678.1785845200639
78.0,408.4950485506644,327199.68667712354,611.1191025916056
78.0,574.9620058761368,180589.9415264986,707.4311279907993
78.0,418.40909621186967,261681.78223391075,625.1602707282971
78.0,399.10706393770175,405470.73507617204,644.4620699607009
78.0,345.649842123087,526546.5188343818,638.9575283786701
78.0,623.23067252719,143667.91289126038,681.0432513432081
78.0,379.49160775912196,440327.94533554045,593.6484830263759
78.0,612.4333512333558,23420.126159108208,763.6036844586849
78.0,334.7773325709784,574447.6452748635,646.5594784600678
78.0,847.255130097073,62022.88858580685,687.6341890653999
78.0,360.65754672095665,463105.0978847549,612.7725579616165
78.0,379.3882228792045,427270.7424084585,656.8133018301213
78.0,698.7695144979156,77795.76434766644,755.7059292229098
78.0,411.682532117258,680175.8160660855,553.6904899586721
78.0,350.5597188517802,324820.43713314447,687.8565090376941
79.0,360.58982976671246,762385.0302365492,580.5600251495312
79.0,384.61587192069504,584515.0843690579,600.8533570489312
79.0,339.6472927929929,605201.2996062473,614.12531259527
79.0,310.9590807516683,775859.8614188391,620.8924819134216
79.0,522.7534631702749,221585.309554876,703.3185885856261
79.0,394.27068876144267,366112.84155534505,623.9043925244662
79.0,550.3549168835066,17199.653003538333,744.0287139394857
79.0,524.0823170296022,94032.92146086815,704.3231215202223
79.0,629.1119495196476,151057.58334506617,689.639059306911
79.0,440.02203122480904,282185.1638411701,646.4577407629347
79.0,413.6762973329628,329414.9805743506,607.6569596218775
79.0,464.9736865029773,213537.99361296787,710.0485484997604
79.0,479.77990406469485,480715.1975106933,601.364893831852
79.0,372.4608022681641,646861.780199826,597.2595409202172
79.0,374.75577476481436,298503.14571815915,628.4515029039984
80.0,316.4996399581804,586313.2074513892,613.4504975976023
80.0,318.7571725902851,450640.2971576885,616.4071640358667
80.0,376.88704767184873,253480.15931146103,627.9093090359369
80.0,425.50379042243924,609076.6701103706,599.4872894325903
80.0,365.39365040443033,409755.2696525709,630.2781126713758
80.0,498.76244034636744,112244.22244352517,720.4520810175402
80.0,827.8387891368267,36410.940810781794,703.0821516422883
80.0,373.00224733624333,205510.57320266622,698.6285383977084
80.0,578.4947835156057,94363.54461403497,704.1558948613431
80.0,364.18232087333456,750986.5578049464,600.9878415553878
80.0,392.5471018075712,402200.1180238801,604.695587864378
80.0,561.3044119805828,67810.67060418622,723.8056385048577
80.0,358.2521756167699,485537.2146074688,610.2946727716565
80.0,427.0485906109473,220632.5396863722,677.9966790529606
80.0,617.9648675458291,32852.78519956272,722.5802398506295
80.0,563.2870924679847,26960.671494491347,728.0031448867824
80.0,401.95264952131265,609645.6427494052,587.6664503527649
80.0,413.24840456194806,331829.76571198966,600.883033476726
80.0,375.76485720983527,645365.2256661888,580.9529254284457
80.0,530.2432681027049,38162.015524970084,747.0542617193139
81.0,354.4819384176744,608075.7231987857,621.7794542447957
81.0,376.571100952545,401419.48484858696,594.7179402127324
81.0,625.2650410396019,153757.1171239751,704.240578969693
81.0,438.0958849857987,279884.687842323,658.0509777869657
81.0,547.23333291827,207683.29247302265,757.9840576854871
81.0,590.7098235026746,83810.05813313191,704.3544843792859
81.0,355.5369019480862,333249.350524203,630.7171222767763
81.0,431.75850210385147,213165.32077281416,670.1267552790047
81.0,669.3921775743202,120246.75864258272,699.0037258527792
81.0,367.84485916300355,541473.4647952743,623.4010749546721
81.0,584.4369893338878,65484.09056889278,772.9806646418713
81.0,519.0673882678675,338172.42826458655,620.3341259808464
81.0,570.7664922311866,189105.80498996266,659.4652536246056
81.0,551.4516620617418,86035.41842619276,724.1833485711028
81.0,420.7499882158702,278667.67187492934,664.36267864648
81.0,723.3851022975687,70792.44247010548,694.290431811074
81.0,445.484501976317,340549.0744111784,577.4277571931189
81.0,1085.5106793463583,31249.727270627965,824.0273760866131
81.0,344.01742934376455,300528.580111209,640.461714759557
81.0,774.37391596979,65139.182595176346,764.809051203737
81.0,422.07677382616805,323287.58087784256,625.491433504978
82.0,363.7791868963976,512290.8117240474,588.1377911378136
82.0,565.9336172623322,84680.98516265494,706.6763331294856
82.0,370.65114237986035,1017679.7796570496,525.8324396145086
82.0,461.54639018388787,223463.13325840887,665.2652924411819
82.0,438.2573705400983,996061.7686719303,584.0662810884048
82.0,344.6282498967477,863334.6099240105,593.7586020577937
82.0,416.8403061010121,290634.50867437763,696.1218593705785
82.0,369.4599192948092,305821.6668940697,634.914214106425
82.0,401.2130791601518,348708.8491460846,592.8462562781615
82.0,358.9804780681286,352194.0929408507,680.0818739365817
82.0,515.3637777657103,115618.41885674417,708.9948228969671
82.0,514.7732398987908,592775.3429879423,549.3235148647043
82.0,357.6294777197951,413101.62797426013,608.6018818877053
82.0,517.2803023699022,110008.57057523867,672.6098839170716
82.0,350.70815850448065,435711.00244592986,657.2487230962629
82.0,367.48347148197405,397544.22655397863,636.2570056884534
82.0,441.48337060609015,269244.2904096528,636.8024293727619
83.0,446.02290217869916,295232.0020145451,643.657724442943
83.0,431.1797124689317,372571.2292858365,631.7845423078969
83.0,479.40720607658204,173240.70653160542,671.8972158191883
83.0,397.03456194226396,212218.04966732208,687.8021488189216
83.0,394.1763948058407,581461.980502542,593.3896583925789
83.0,339.14856511770006,639807.1658467687,652.7456317749774
83.0,366.99847333239506,473255.67402761395,652.1734886101079
83.0,391.2878492437581,334325.04650393344,649.4065555927561
83.0,620.0263426724571,41329.730685974035,732.6641136972206
83.0,469.9471853683167,245808.74009109405,684.5604042698558
83.0,419.6639427372519,274426.52155333484,653.2087091783056
83.0,418.37835356031337,263237.4676855647,680.8768677884283
83.0,412.85601409201496,553808.1953954365,634.2587220278707
83.0,400.4868492978102,425769.376112302,646.8763337967948
83.0,439.90797456861304,299754.06281276833,611.7050946250954
83.0,503.66002434849685,117715.72295533182,684.9858501661055
83.0,447.72409895216776,583664.162114047,590.0208174595979
83.0,875.180041504607,13829.091902609462,784.7084707775539
83.0,360.4760613927256,920073.2961246269,618.5183295053752
83.0,340.795526382767,301354.347364209,655.9900203064399
83.0,414.09132068431705,558003.3646968061,620.3424771552353
83.0,427.87906438749644,464772.7654897629,624.7255563834095
83.0,540.4347674934935,74768.31813678332,702.9943625846938
84.0,716.0180615920843,163885.47205515366,697.6951179219452
84.0,531.759695305023,106988.21718842156,711.737651920329
84.0,548.9368836330806,38101.602234473925,740.0316250113808
84.0,354.17948226444844,597366.2164517484,604.1015473934723
84.0,404.7892185612179,220259.78396835295,688.9019783444844
84.0,430.3645489800402,330051.81155729666,601.1364305072375
84.0,357.6388725571769,546652.8782902604,624.6596985163743
84.0,389.6187276362985,401903.9974178038,576.4285261908866
84.0,347.95787824122016,333640.6850181719,625.3113526263631
84.0,381.6489844312084,592491.9192461356,613.2183125602234
84.0,579.1539041267033,198360.11513165638,648.7734939763134
84.0,411.2991354016591,264643.50487349724,658.5907848895896
84.0,367.6167885549375,745318.5564238005,603.5600017068579
84.0,379.6359738373217,394027.82052529673,624.7165708013923
84.0,488.8568276288559,329075.050173079,611.1129035880797
85.0,421.48833172177393,633276.7020739645,580.6763816341559
85.0,652.1199470491541,113018.64663366471,677.1865314991223
85.0,302.74993931160526,479216.0122661951,619.8633102149829
85.0,457.5264886671678,470835.4959707691,609.9912712140577
85.0,623.2448391768407,41542.80060852757,698.6394176965376
85.0,571.1902748329748,135302.55517602057,689.19869354686
85.0,566.2474769738883,84058.9236449573,713.1308036937066
85.0,376.0308865658082,241301.27282362978,644.8309091835664
85.0,455.50648290378143,211069.56027198804,647.3943843057201
85.0,574.6281120124336,117574.25299024743,711.4611374079251
85.0,362.2193470585199,408786.00155212794,615.7505317218724
85.0,544.9629848289514,48027.31800257785,722.1892476333676
85.0,431.64140780698494,264215.7797190438,626.9112235075062
85.0,878.9378867406101,23734.782577374877,766.2301322981075
85.0,616.4640378948862,28298.80537921632,742.0409134681956
86.0,352.3845635950837,624270.3395901201,609.4174258658618
86.0,427.9877771228324,243090.37560415795,649.2076085737465
86.0,343.72187834375177,377297.0861537836,653.7974259677051
86.0,549.4238986242837,123581.87313709057,711.4253677635983
86.0,737.2981824249337,51487.55991202297,729.7570344361484
86.0,356.57122709621416,301179.91983650887,631.1587564955772
86.0,445.3880596206488,455070.524746731,622.6923597488362
86.0,385.756459180667,446195.1524615483,623.3460613910444
86.0,392.76232545390167,460441.0850173488,606.306344510914
86.0,576.2698201716045,66574.18702197947,725.8837641268415
86.0,413.3635361618052,1036012.341695023,594.6400992507088
86.0,427.05320447746124,599125.2856436552,587.7285697161826
86.0,519.4463899622829,134108.15103497764,750.8174838955501
86.0,484.8190893814576,389624.9886806361,625.6449435782972
86.0,406.0141502684147,243796.17263870995,680.7028706060901
86.0,560.8811448407523,182058.48419101362,700.6519795737096
86.0,812.8574142826809,33785.224331441976,786.7758105137141
86.0,424.5245711074565,252556.49639554968,671.123698027451
87.0,396.5138631974136,198935.59483540658,649.609474675793
87.0,390.4033871613483,389963.4831748189,636.0257742368294
87.0,390.12877141110704,627396.3957472683,604.3111101768399
87.0,460.0453842531236,416616.98150162876,601.7927421419372
87.0,372.7592867403687,327819.51195166097,656.7130114530373
87.0,575.8099670116677,71948.56783887044,713.7973652447448
87.0,394.466132187124,322661.9817882136,632.2394290815216
87.0,348.26152904461605,678844.4642242956,646.6420594184181
87.0,526.6152196150599,149690.20670213882,741.9254819607912
87.0,362.5692891492191,653608.9539977886,613.0429503204374
87.0,398.2565596638101,515784.7002615188,614.9785474439587
87.0,748.2166451582181,49366.255255720374,699.4549903741912
87.0,535.1456751515069,272295.97090691404,641.5691674679847
87.0,341.8704948630501,819022.4907466219,595.7892552062092
87.0,349.07129582640783,448460.8712237876,633.6847527563697
87.0,336.7426931916111,600547.1700975207,660.1257742826348
87.0,398.4381177386273,606699.25040306,612.5413573084484
87.0,684.8732755402642,86974.542508425,691.9126611383169
87.0,434.40101063645096,654137.0797390221,578.4936774610923
87.0,365.30722633223974,435270.03509008005,657.3735135634201
88.0,435.4217768035355,694866.2308403745,585.5375651233796
88.0,317.2038395094253,335347.11174646235,610.2970691895955
88.0,480.3804545429066,311734.23899263743,631.5505582877664
88.0,404.18711556926564,540705.2411368584,591.649424367322
88.0,520.9971108016993,67787.2140734204,745.3536355722915
88.0,639.8617189180636,92444.35140504676,725.3333654215547
88.0,561.3606777225345,65372.33016225518,727.9552920136008
88.0,387.5146167563638,782722.8994399788,592.4314161178713
88.0,437.66656121101164,275420.79665258434,659.3029880219148
88.0,342.05037321685205,386648.56013967143,602.7397823045026
88.0,526.6442590418021,239541.6371276255,684.4578990354037
88.0,479.49989866047144,269333.11550237756,653.6723218016364
88.0,426.3782902689555,290140.0294231474,659.5728844917122
89.0,497.02136304652834,333525.6758085936,612.1612390779811
89.0,588.7195601174277,57610.31477312218,748.0565893142276
89.0,599.6259409454714,31213.45903422982,741.9712865759368
89.0,768.8220561098343,1809.3686120474404,727.4909150361839
89.0,596.6915963199572,179925.74305911514,746.4205866002992
89.0,523.2429230073844,188289.49935817084,732.9726760644602
89.0,850.2469187680775,84646.34135574657,692.2559495727927
89.0,342.26953391017855,748534.6441268605,614.4905856548286
89.0,416.668791837558,756440.7993027044,576.9382574055811
89.0,386.009984313709,264860.1179322442,629.3280110628767
89.0,386.19237928840346,461747.34133558144,588.9082083868179
89.0,635.3494634420192,56291.142822272705,739.900874249635
89.0,329.5485718032225,358390.6898473627,646.3613451661768
89.0,341.75405445101774,520878.0057703312,620.6056207817264
89.0,442.89582421112004,205568.49977602635,672.1797154333722
89.0,454.0424726664323,439103.42211382854,626.550955301913
89.0,371.9355180995021,357621.16787166207,665.9266166249496
89.0,596.995173817933,66380.39384837756,703.8468747145317
89.0,502.190846866499,323247.7933393104,606.1651253535615
90.0,385.4648137451549,532896.6087096647,613.4759347816038
90.0,661.0917466887386,32340.49472135988,735.7028837425929
90.0,377.51066509103174,616660.0948115987,564.3738629231102
90.0,481.7277660007797,215201.27888789747,702.2783063884804
90.0,675.2596200527554,112746.8965057136,686.61837118475
90.0,337.9251119166329,560868.6476889654,613.2090890935158
90.0,418.93270635983987,273672.9562704629,590.8950655297027
90.0,405.0658250394794,304949.80927241157,690.7341467955396
90.0,375.9172350751405,400672.04373107676,632.1637165142799
90.0,540.5995194023299,80626.88512708592,722.3082220100812
90.0,355.56000397112695,426624.6896384384,652.1929590836985
90.0,613.5033994022816,53851.16854794297,728.949996820693
90.0,359.3126590773335,395672.0097090494,639.3772457974937
90.0,612.6494986865875,121112.43751141072,672.2249003259841
90.0,356.1807730761678,424248.1700482925,620.1618992032303
90.0,382.45604236789535,325982.3484500509,658.2755110013595
91.0,394.60994765923317,641064.8169404336,568.3400009238107
91.0,324.9779644260353,595643.6220891981,632.5223692815383
91.0,503.36591936608664,81510.60434761403,712.4276319571079
91.0,394.745708562965,401976.4496581638,619.2200817835221
91.0,410.7368744857241,356138.4624238527,644.3802575091737
91.0,448.753111508179,257982.4921360883,677.5571138725204
91.0,388.04962473047016,521333.0178081914,595.8153674580523
91.0,485.3726020180201,269396.54756914754,618.6424200695159
91.0,357.061890583736,647144.7182435563,594.7357343413726
91.0,990.5691719828026,34157.35265452187,817.7334664262174
91.0,495.5312518158683,377850.56049335067,583.2761356660757
91.0,626.2133732675838,45854.52110495066,746.5161287728063
91.0,592.7710325115036,74548.86649956717,723.7053646980553
91.0,435.4568962769727,319550.9295235869,637.674123051142
91.0,601.933930973402,120523.52186001564,705.5901166412885
91.0,386.18194259461507,595609.5307065607,618.427864797534
91.0,384.12739856810174,438981.73295112274,658.4181426943995
91.0,426.07094966807824,423751.03103379416,592.7218643738538
91.0,404.1488670563202,315919.14374749066,692.3627672408265
91.0,634.1949406771026,69666.80789337947,725.4775268384229
91.0,418.43088804508966,263593.3557118382,645.4072189574391
92.0,461.11583414052575,382302.1845731836,599.4937571309565
92.0,358.4888601809414,372267.1722547387,654.3160458669292
92.0,396.0874191515912,305918.0651807423,700.0954012177713
92.0,411.10309225168584,370169.7315406464,627.4689142572249
92.0,436.51095152877605,586096.9483107054,603.5481902670205
92.0,453.65337291751047,398284.8804242583,583.6988981432652
92.0,570.4169340628283,15195.881969518992,782.9996480984395
92.0,559.66053451535,314123.151457935,655.8171674771893
92.0,631.1462313013845,101398.58626785384,650.6622763791365
92.0,382.59351964955584,374658.77957658016,652.7007013092169
92.0,629.3662773529808,40259.66810638098,716.7671887273053
92.0,611.7595790522391,28962.582024576557,739.9706347937691
92.0,364.0733915685123,581806.9436586932,612.9853686846652
92.0,644.4447047576091,75407.73234103227,706.7112966427004
92.0,373.5912982256816,645411.133486198,609.007090601818
92.0,423.6768924471926,332340.8786196462,646.5607328544024
92.0,391.96292434282884,747999.1019570264,602.4050771830958
92.0,418.56969257278365,706454.2413555577,579.0212973433651
92.0,400.3805025367046,631031.8714949327,593.9372427853003
92.0,625.9781248254292,108127.28897261227,697.9031067438225
92.0,359.9660783813384,627164.9531914977,622.8004107794309
92.0,607.3864735847624,81386.03823803556,717.2162000856565
92.0,429.3377034548901,1081897.7966867532,557.3172009861479
92.0,586.2140171379698,278372.28905038873,710.7440277297925
93.0,497.1305224345464,984938.9824481879,574.0834945113097
93.0,564.1713637781024,98480.78200562272,721.7192505674121
93.0,546.920013929126,252596.98130661336,623.020720839091
93.0,402.5201158648473,330489.36547576985,628.463410348658
93.0,600.5744753633988,77615.04362854316,722.3312108575808
93.0,372.3265682121503,602647.0505077171,601.1966992315724
93.0,389.02940097831396,313423.31104489986,638.9347705036747
93.0,388.5264780138268,247951.22444023727,665.408467747541
93.0,686.4376504786479,33288.47021376953,745.2410334696343
93.0,429.4608122331291,451528.0549120311,574.6307306840522
93.0,351.316780598371,434815.62916505965,645.8174855293073
93.0,444.1778477684194,382776.9375476306,589.9504960759323
93.0,368.384224492799,720521.9504447717,576.1132092560758
93.0,427.551071954327,184416.78059676356,630.915614562615
93.0,803.5741270288381,42862.4186381197,695.5170672902668
93.0,355.00276545304484,500403.9251225197,631.2464992581639
93.0,368.527729309618,674690.7480816013,598.9263531030689
93.0,413.9113357963458,465258.1905945125,620.2385361772959
93.0,368.6038315528204,396639.88005092385,634.1122742946931
93.0,673.8387039672283,74780.93747534575,717.5509376336535
94.0,334.7164962916891,702164.7570862982,616.2790144547256
94.0,393.32700122243716,300555.7824997371,638.1313018548924
94.0,588.2166701601163,67365.85803111733,742.6735094831643
94.0,480.3035540859688,264839.8143755912,655.9850326324782
94.0,670.4891833865086,94769.38635154364,675.5028738439757
94.0,352.7560906961734,528776.9701843477,620.8022509397574
94.0,646.6309453478309,2434.102411854037,766.3051411143206
94.0,419.9973857739758,383481.8284159749,628.7271528547982
94.0,385.52851705861667,479296.84664641414,615.9104441768559
94.0,344.4023326696149,391054.2825671223,652.0906793089151
94.0,624.7278701235672,24686.64571309674,685.4736726387023
94.0,524.1867181370297,212915.3402739387,718.5750436855233
94.0,565.0493330922513,234604.55303139627,714.7538887942287
94.0,395.139682124113,558251.8610075909,576.9903071437919
94.0,514.7178481052479,51637.049415482456,784.8895508908947
94.0,599.5507091693945,61639.189032255854,687.1649923675682
94.0,587.8680228993102,294995.26283896784,637.8819732582754
94.0,527.3138801714399,459244.9224647315,616.3705761423511
94.0,401.50931501611956,272916.0895353976,668.102985952723
95.0,551.9745795628502,72331.87396140852,721.3126518019182
95.0,712.0906153017862,25229.604313652137,735.3743680324687
95.0,445.1325832420477,472702.68595813843,605.8499528699055
95.0,697.7726378668799,88671.45050347071,698.6224570200018
95.0,444.1248616089245,309441.21609249,664.6857703582251
95.0,399.23992752474646,397953.86520249915,628.5991472969457
95.0,365.4895832534775,657704.7749446582,585.7085528167487
95.0,644.5368473317965,6504.496982067001,753.4379500716839
95.0,518.9202281534651,215442.1069170265,704.0723410078584
95.0,406.4327469529527,525430.1180608898,622.9117556642285
95.0,413.7864669531836,351198.33110080106,621.1186722576051
95.0,393.73496294655007,395945.46920247935,647.2710604562919
95.0,368.0250039916677,325521.4858338032,659.0883264205123
95.0,408.3243138291009,309793.4864955235,649.9479372030369
95.0,446.3775048469126,315407.5816345851,647.8437647188713
95.0,567.3330821640593,451845.35608806415,605.3573229950988
95.0,564.1079719983885,35763.36215974276,732.9570215020734
95.0,596.3015856192555,47996.049579770675,715.9836284966115
95.0,327.1495432579073,427339.12289865705,659.6633022949504
95.0,377.43216626486134,234672.25114925185,686.2591214919282
95.0,388.48153220318505,548092.3250049852,564.6816710702172
95.0,350.03763152798393,422817.68988591543,632.7306855782498
95.0,556.2801699655159,155224.2869249173,714.2655483381685
95.0,343.6260175964094,717865.3336202817,617.5228067368053
96.0,388.7282780482061,535972.083035497,592.4734689159014
96.0,338.1363960958588,266984.77921182674,644.6148746818457
96.0,622.8534334106251,89831.37237476032,684.00057448173
96.0,421.9508962991302,202757.7352271184,675.8504767665858
96.0,378.9131208349446,536182.213705058,591.1619316918365
96.0,461.6271680687901,312424.32358613267,640.0347659156066
96.0,360.70648775250146,337566.22777452896,609.5916358412368
96.0,329.5556259935079,429678.7837669293,635.2311384897921
96.0,760.1493201907574,12494.819247309544,778.5958473914228
96.0,317.8941180511651,660201.3220290989,604.8631761025662
96.0,620.3418472947337,103323.67952878863,683.7654345921064
96.0,529.7742702000252,136294.6361816337,692.9355506294187
96.0,421.1813978522087,235088.02197766863,648.7984458336538
97.0,493.3403343808745,244965.0684020602,645.0575053246124
97.0,687.5149833007058,92163.7543446224,709.786461842108
97.0,325.4704865885226,373243.06021321274,620.167508549419
97.0,353.7665642669373,632309.7188057716,585.9849382837278
97.0,822.9016913238029,59201.82760051289,720.0179883503841
97.0,1006.291255203735,1661.3874489102811,811.5282108147998
97.0,362.49195220005964,547582.6746215132,616.5174071524328
97.0,374.8836394886402,275811.67061617004,644.9821444963878
97.0,463.1002184523765,537890.0227528882,616.7162233080658
97.0,507.76556719871064,17730.8113563726,745.3698704540249
97.0,397.678663142194,516242.65030158905,619.3834000544578
97.0,523.3313693749602,282505.45005364565,641.9940883599016
97.0,663.4439011881849,105550.04428088195,706.1795567441663
97.0,370.2227979801351,611130.0484521457,599.8714007095072
97.0,477.86280365149065,413439.4350457225,600.7179289029856
97.0,619.3418360539606,200602.5862054198,653.2040544439633
97.0,485.39749305945116,669720.7966965886,553.0333438808831
97.0,478.84213530632746,602190.5846015187,567.4351164539773
97.0,441.83358511661476,244707.84174272104,647.1680107043296
97.0,361.67554011873136,906194.941578826,573.2519862337678
97.0,434.1836965903616,232162.48149504216,681.3009911293302
98.0,683.9304075794556,66097.59511125158,706.2482491081238
98.0,393.29089043000596,762660.3634192798,574.1810761710575
98.0,830.3031849479453,40744.792423150386,728.7068228684064
98.0,401.2719455957912,309754.6136885891,648.9430313076933
98.0,404.5075532031252,356835.7176687339,614.1273796603922
98.0,495.525388485337,474131.488911516,574.1202369516432
98.0,362.15588446761717,480340.28254498634,651.3495594455837
98.0,375.13418642895925,391933.21656210854,679.3075113796539
98.0,510.3484497537296,217607.7744544015,752.8018417453397
98.0,448.62359824596336,658985.2327170181,584.2072652938116
98.0,839.7771833996602,21325.529422479947,739.7443970936407
98.0,557.4444036271932,317393.8695642826,622.7041401385968
98.0,382.00584596873887,430923.8278738844,647.4856040497858
98.0,441.42235432979754,671167.3354592642,585.3079855412992
98.0,371.4274362394696,442930.76814853185,649.1970042373966
98.0,406.1474839669716,348733.9181413782,645.0713208607757
98.0,376.39277540960256,358952.5478217799,651.9111092619024
98.0,367.79696490636695,484780.3235767141,607.6247816692199
98.0,475.96598616537096,255230.81350904924,641.948548440065
98.0,595.6507108362736,69908.59926733527,704.341026519611
98.0,460.2947462316149,450921.6343273489,599.0662069984123
98.0,387.52514045247545,279712.62106912397,673.2982424587265
99.0,388.84097929734077,792840.0687197371,597.3255254727726
99.0,422.7890530281752,810217.3515274844,590.5718279309308
99.0,698.622239041776,51739.31720039047,736.1580707743622
99.0,423.44580860182253,406788.32972367125,619.6795640947389
99.0,476.1079982623504,293644.75501536776,643.9940045770395
99.0,388.34499369988094,614094.9940223136,611.2944543300895
99.0,354.0746794949735,441243.31458869413,621.593896867985
99.0,574.0148391483051,59683.22376674797,744.6377524617717
99.0,532.2192041657063,301992.1470593579,602.4570213814327
99.0,565.9338153234983,65813.97131234479,681.8721679694667
99.0,397.9606259775458,380284.79472315055,636.4634598288347
99.0,623.9288199275189,22428.865934856552,783.6566374155382
99.0,602.7795975869938,32632.921425610664,749.1429831484674
99.0,420.8769319535512,473733.2707045597,600.9226563407309
99.0,479.3832817999848,358469.50534935517,578.8556309718125
99.0,392.972734026288,351928.0014314902,670.9104746751809
99.0,634.8371624801473,84893.73996198915,661.8842771776361
99.0,376.4283910973092,694371.107078192,605.0148372509959
99.0,425.23198595732424,315276.98252364184,650.9221834026827
99.0,416.35345740981865,380521.76306211,634.7399779533116
99.0,673.8623237787027,10772.395372265493,740.2556226184261
99.0,406.37610061513215,544731.602186399,590.5788977735843
99.0,399.6887695035302,340948.55443503003,636.0001148498634
99.0,629.9969685520136,27778.974320852816,744.5837850812235
99.0,424.2791846096709,374360.0926481179,563.9492072553388
100.0,333.1903436028136,779164.5299017641,623.7321186935496
100.0,538.8557718522387,63817.31438739842,695.9508696753263
100.0,427.7394583211613,380582.223792132,598.2652908760263
100.0,340.78310077463124,381154.05494568846,604.049757447425
100.0,523.1277340058565,120852.36599116863,754.4252447441685
100.0,411.5556526847166,331704.9341603745,707.5147128175861
100.0,465.15253129153,999982.3641838146,575.3778293055542
100.0,502.04102999160517,307197.25775415404,650.5510386672619
100.0,399.94195396415074,335418.79882687295,685.4825831887425
100.0,580.3438817126465,52198.270482038235,721.3205113849355
100.0,695.6995788559033,36254.45504233898,716.6393502474266
100.0,446.3742533633735,234330.13734232323,658.9821208114226
100.0,524.7819697758116,50472.041532510106,748.0144076380661
100.0,455.9065222851377,922736.7053212809,592.499313694138
100.0,374.12742002747115,793861.3034377259,598.4916550169438
100.0,579.9908555095498,17642.98407902664,772.0736943393572
100.0,461.57669612310826,189022.18139035552,653.911312367755
100.0,375.9834392357646,542757.2608190562,600.1751378167625
101.0,328.2536507169616,465002.3494904414,636.8523448243327
101.0,448.4048479736618,351066.70732513885,599.2219096660053
101.0,433.65971197966223,244894.36714851848,670.1790141423735
101.0,673.376943107561,88218.39314912372,693.7839907228906
101.0,412.2258858651038,253312.8900263265,654.4296160756949
101.0,424.1484251957467,425718.36814145435,601.8898351082906
101.0,619.8564904967517,27844.520982074868,745.0910930699617
101.0,435.47575821369884,187530.30356901817,657.1775736760428
101.0,375.4623875726374,337849.54571310326,699.9457579213894
101.0,385.92542677922836,368116.17628097086,641.9968347300216
101.0,394.52364502670883,527650.9287395818,583.0012772485401
101.0,552.0803862863529,107152.98920598078,701.0468326374178
101.0,496.86234413713527,139364.47761923698,685.3705846960594
101.0,421.9395474219759,836569.8595301086,561.0909613880585
101.0,401.2857021116432,544580.6087995042,568.228435609986
101.0,374.5426744949711,385603.438347176,678.3044231775581
101.0,454.5050935064865,252414.66322831152,640.6154700438442
101.0,662.6066852397531,94963.35748962231,711.6875251638863
101.0,386.33992362901114,243322.2555952531,686.7555015212406
101.0,379.5190547427785,422299.7473107287,651.5703976881093
101.0,572.01950553353,328558.8975562902,636.4931149215288
101.0,671.83166128742,77984.45605938365,730.8361505898197
102.0,453.5717155340699,689656.9152782488,566.3698221911931
102.0,356.3793399936624,316207.6166905157,658.3903930128658
102.0,407.07522800663565,293873.3570949297,586.4848106206788
102.0,700.7957351172553,110962.65991265491,704.9014361255092
102.0,351.42273597415794,408054.0137698615,632.5415890064382
102.0,718.7930894385045,21968.840593864985,751.1804986818231
102.0,655.321724636592,44383.07520234243,726.9115754161513
102.0,392.86498638067377,175644.86809815193,644.7117383454279
102.0,652.4304766641906,68067.5566032946,735.7932412439459
102.0,620.600094743835,76156.48546012238,707.1972137805135
102.0,319.3334745239962,420946.8038149792,600.6343182453076
103.0,513.1433626746294,147756.32461470691,719.1558150809129
103.0,366.1319628291402,518442.8232194911,649.2105895382932
103.0,701.5089246160361,56216.17007883647,707.7970544025429
103.0,397.51643633358015,268202.43116447923,673.6458313775612
103.0,640.273406774179,42325.60583209498,736.8436874917036
103.0,393.7729925916864,384077.1264877036,642.9758022065512
103.0,471.33705000414875,217366.9140699453,635.7375690079207
103.0,557.4118667960211,23075.617667231672,737.571754755924
103.0,391.8187616422984,452328.3500909686,616.7109095846856
103.0,505.93713825222983,295653.1217380626,615.0701980493241
103.0,385.4071636374102,275684.6520091911,679.9728387023333
103.0,374.4079451502969,374168.49200326536,658.0686827295158
103.0,350.8184365539135,564332.7792549047,602.933217822822
103.0,656.10793450372,49546.185200110005,723.2833036980605
103.0,425.5348034247524,361609.2227656144,611.4285097040947
103.0,386.1696234333115,503219.82598287717,618.3438162915689
103.0,518.424009484881,297523.57934742986,608.5088949067115
103.0,517.5316815002755,194939.88247393517,705.9950956605485
103.0,353.48927260612254,372207.4714021705,661.4273060101319
103.0,540.0662005231806,139527.38764228308,693.6630695992832
103.0,400.02592275563836,447786.39981941413,634.4555814270368
103.0,562.4689136233449,192654.46406877734,663.1352122368728
103.0,580.2997670934541,70018.72218153215,707.820268862106
103.0,415.8921960302679,300787.3246593528,647.3935734571212
104.0,381.88215303544223,627580.5101719409,606.4907202971056
104.0,379.1946600569717,713960.8783954288,575.9705760244633
104.0,546.4200820699218,156060.3484965305,639.8319583006311
104.0,502.3050003018677,167895.51262038213,653.2634959040493
104.0,574.9463767892303,35000.15771532,753.2664149684858
104.0,348.5191458720902,353964.5473947998,625.9004049646454
104.0,615.9133548543933,38772.912753212484,725.1158777093623
104.0,387.3884991613262,258476.5691775722,629.2157690258957
104.0,396.56944446008487,207677.35369489808,692.0723508249063
104.0,338.3519708679271,449200.12702756084,607.8140540700165
104.0,506.67871930732923,72049.54453488403,726.8414153743712
104.0,487.2955112690635,424873.5470462656,591.4492855539854
104.0,446.19324088786493,483143.7509917334,600.7250323966808
104.0,414.32384896581385,250278.0449750378,613.6037203765112
104.0,350.5614876214208,572045.1799177969,607.2017192691561
104.0,586.0097726426643,48813.14889341819,669.5701207390977
105.0,755.3407704929512,7119.652323374095,741.3323873501175
105.0,431.7083231985071,453642.2988486766,614.752885987308
105.0,620.330121643179,28374.500098658034,710.3105228710643
105.0,365.52957805632605,329210.37023462733,683.9097569750231
105.0,480.0790578640467,269663.14806559705,639.7852742598966
105.0,409.6310275264532,486646.78330633487,609.9689478046757
105.0,493.153726656477,267502.98123595124,593.5302012585087
105.0,383.5358545465387,498933.70286209485,610.3976052691696
105.0,401.4475558245643,296905.2130702574,624.84806186938
105.0,383.94951973460013,322493.7691535124,653.6892619321143
105.0,372.835165614894,244269.73081549993,696.3270383780172
105.0,333.6550266897403,734572.713321685,581.5044498033532
105.0,385.4604820525644,317963.8291002333,667.2839875947701
105.0,372.13284535332576,473948.7548367027,633.1625736858288
105.0,409.13609250534324,226459.13244297175,658.6013128485959
105.0,369.2638624782233,636687.163455583,678.8494728046933
105.0,376.0133698282424,630181.4817653145,599.2274022488681
105.0,442.6993205509556,218523.9419804436,668.6800429007253
106.0,518.6153266524798,100934.12269426974,701.0181828726231
106.0,386.5096471689238,484911.4162503894,636.3449726815024
106.0,343.87165831134047,439476.31925753783,640.7755179108111
106.0,488.35307550154363,786884.3088422803,562.0151955691106
106.0,472.2569000044847,376114.5242347751,625.1972407410314
106.0,376.45130776207776,318071.7327894206,638.8652217246866
106.0,435.881092497396,160249.18650464845,734.5863033395226
106.0,471.0875694123626,206480.73455129008,657.2142496578024
106.0,509.60288941622815,371212.6826567689,609.9798927732487
106.0,420.3657125600738,331378.68065007054,632.6329345013107
106.0,357.1380027334123,297139.89859748597,654.8124515859848
106.0,452.7916901590329,399569.3412529637,631.8367916616186
106.0,535.9968758245874,52794.70163761936,737.6059978750146
106.0,399.5273040199053,542947.2011687394,629.8172038059225
106.0,388.04857297320694,565297.4366859649,620.364726656944
106.0,626.9009512722128,42554.44067955966,748.4087918999394
106.0,462.67355183159833,208750.29998590716,657.5248767920475
106.0,474.6879852172297,280385.2290664634,630.7006341896764
106.0,375.66531902077855,383721.5900996073,648.5565693503908
106.0,456.12250464368714,468232.095871297,618.2401905989627
106.0,368.1308123502804,574366.1267456607,605.9536560656665
106.0,397.00965461229947,248951.24927397002,633.8726963066845
106.0,695.2272716534264,77741.01760067309,713.8150950768052
106.0,319.5432460897953,634398.9235901572,578.4196555741438
107.0,375.23630456248895,269759.61238576466,693.8603271887151
107.0,359.69249756208956,488789.59232549736,630.995648073625
107.0,572.6045428852194,63999.68485773858,741.0485016201578
107.0,453.86261996128394,336940.4662099412,636.8173457544384
107.0,367.3150275105409,550072.0523361627,616.2049554182772
107.0,383.5533137597906,376268.5537722116,633.0988566824486
107.0,606.9069827723979,44914.912925037315,736.7054306319874
107.0,397.90242139670676,489602.3195309702,625.5008653053276
107.0,498.22862858649836,269665.17614190484,621.7188977122372
107.0,426.7777524638414,1115178.2145407824,570.1803556003821
107.0,444.34917354543035,467137.1108614177,630.3454929746126
107.0,458.65493557443233,540734.649627932,623.2937563476635
107.0,427.3244863605996,822419.0617895627,581.8530701510053
107.0,464.0568297563583,352394.4438058395,630.9835631240207
107.0,446.15272385208374,313438.1853181424,642.7185835610366
107.0,560.9136145726238,73512.77950493613,690.3369109220782
107.0,514.6866782942268,236944.1132097846,643.0694675423531
107.0,440.29560034982865,580211.6397080154,583.7566100108738
107.0,414.5634681392575,619157.1728153896,600.051053723335
107.0,406.805296075318,224672.03855506037,675.7032523914411
107.0,451.8697820147237,133828.80421586818,686.229614968522
107.0,414.58138929688675,559813.2784370603,597.623654163638
107.0,555.446784689115,34774.01852927613,764.7491889743158
107.0,364.2238872053355,627997.6295817796,610.3933424888638
107.0,358.87048074083776,831794.5997858765,618.6210470854052
107.0,336.8598525540891,401445.5178889391,648.4981676593427
107.0,533.0065039553075,354900.70677850815,620.4877983481078
108.0,761.6864899803213,32902.79028433495,724.3088838954908
108.0,836.3290252324863,85365.42345759059,676.3723955999295
108.0,410.4666863950867,243282.1177700361,677.2130635209255
108.0,411.29269627791183,541863.1519327556,593.6726054906236
108.0,543.6443138297144,83487.78049612649,707.2618612723311
108.0,562.8482813195516,241983.08529773983,690.2683770126015
108.0,539.1827411792932,179096.5154385949,729.8545318925043
108.0,344.7727153579568,439171.25706400356,614.2527162956555
108.0,407.8756078585968,395262.56677697523,619.4467554025753
108.0,428.514370633214,342955.97040643496,639.4644619050019
108.0,374.8495936715126,628044.6418968868,599.2685204753974
108.0,398.6367905902508,540838.4638855855,606.6974471043951
108.0,610.2098337526181,39754.66564943595,717.6995272750743
108.0,381.2211670115911,397317.27265023085,635.2746630059796
108.0,857.9874610013688,14945.676639331325,743.6850517623803
108.0,397.4540908897052,378190.85526298604,649.8956031262841
108.0,628.9256269227002,33314.805028629264,721.7226539969199
108.0,370.0257177338185,580970.8704882411,602.9109632221418
108.0,432.1267964348273,326918.85713692266,670.9097683895329
108.0,793.9762590507208,17152.54362780424,727.2274436565544
108.0,392.28553095533255,435798.74452446814,633.0507742688674
108.0,468.33144880111263,240371.99900448177,709.8168956064482
109.0,423.2633789234575,514638.23491365777,568.6462241822053
109.0,406.7648303691379,744541.1081152069,545.1681605445693
109.0,546.6380815851285,48419.623851130375,715.8014447887125
109.0,600.591946106855,19099.240586766162,697.0873697610092
109.0,418.3322072153587,517393.27186365594,579.2376619481304
109.0,427.3613999618661,188238.15475024597,654.553398755927
109.0,391.9091187868071,355135.50552838086,604.4057721254266
109.0,359.7026967002293,478955.5956694004,653.9410590808083
109.0,582.12530396312,42440.747263178324,705.656546978543
109.0,362.90036562612477,293860.9421580171,605.0729966931088
109.0,407.6426385177759,469087.7685450819,604.1115328068876
109.0,468.11054641771057,174146.12957548138,683.1945803670287
109.0,338.33468933672015,486708.6382203463,629.587917739828
109.0,339.6325020885677,451388.8715448186,675.9930039720765
109.0,770.9035246337055,70122.36355018194,678.7410334615355
110.0,408.4522827584081,217879.43697218865,638.9027869455134
110.0,546.2024944797154,409296.5744322165,626.2626737809796
110.0,435.4828257478348,415435.09714896645,631.0490444281635
110.0,706.1891708917498,33488.0083823805,767.3859799142704
110.0,566.8134051306632,58857.30822932218,674.7782544024625
110.0,383.6077577115909,184115.35494950452,691.2218350394983
110.0,435.91036828886456,441377.0623684161,612.8096261890487
110.0,351.71907683185856,369951.0560715984,646.8892186943699
110.0,388.4018791499718,415516.3544509475,620.9465790352151
110.0,620.7299681180559,132925.79391944592,662.9571874118412
110.0,325.37166810748573,588009.6546975462,593.9759067622721
110.0,384.46942595903954,368986.78907892056,666.7590916686321
110.0,788.4611439085216,22473.819838437747,751.8622715107749
110.0,344.1737983293353,586729.8768230071,645.2517611275135
110.0,636.4518907221873,53753.00222178591,707.9144294386814
110.0,379.0658674396451,509778.6407202047,628.4621426261318
110.0,420.1381945523908,521027.3493633238,592.193943425423
110.0,368.35427996208625,797137.9955356308,564.5182661094286
110.0,412.4235863376901,800858.8074196675,547.5794344136415
110.0,353.1209956595462,580121.0611504791,610.2451065139597
110.0,364.16455316321924,547802.0551164921,598.0369149933159
110.0,445.3197029930284,272704.72493432346,626.4260604553938
111.0,408.2260180623297,427065.7085463871,605.1916618653413
111.0,387.20678681861375,273341.5727914584,622.8534306663744
111.0,332.32054508014494,461808.8603906361,619.139131988648
111.0,375.97008037500666,769826.9989238991,601.3225564187609
111.0,483.0263043025863,145639.38968077657,711.8350807267369
111.0,686.8624878104907,34388.64106927233,760.8131989606983
111.0,623.1669622502646,52491.32344075566,728.8182750767862
111.0,575.5168225072163,41091.47350757575,738.9906130135396
111.0,505.1384219854896,203263.97252685291,679.4738524517893
111.0,355.9842404777436,362327.7584824251,621.7387765183915
111.0,405.3444581725587,671429.1256579546,559.8565453676547
111.0,541.8223720529971,76191.88714379244,657.3224088613308
111.0,401.26767455325836,219405.01526141554,710.9401151336824
111.0,415.04796003079974,267286.327615601,641.318136240268
111.0,418.53112559137253,293595.6880183897,611.3487146796962
111.0,319.21742736993946,365076.3021337881,646.3690280576394
112.0,516.863718035144,799512.3982254028,580.3087008457376
112.0,343.0758166264012,364971.29284479667,673.444204057138
112.0,358.7788223432148,436025.99896028585,629.3442573938216
112.0,556.4798808924126,34401.89720494989,710.5127957856639
112.0,403.40468412807434,583016.6115798574,614.3937911881762
112.0,333.7001321399295,539206.9784070873,669.7561230896697
112.0,560.1112912296924,98400.14247781862,683.5427939166805
112.0,400.7616625030962,406692.35619756556,620.7215586881802
112.0,563.8557077550616,275305.04413181497,648.6533407787183
112.0,380.59861568637206,403793.785321769,645.5607190777921
112.0,347.34609821589186,718562.541014203,610.4702477674346
112.0,425.82474578723003,453570.5911030395,596.53010767631
112.0,344.68694762196515,648243.4169183573,628.8178762849792
112.0,331.00792588525206,746100.8298867455,582.9826692365624
112.0,407.50464015673805,713136.8509056229,612.2822138884127
112.0,398.88862717075887,208656.90171042562,694.3168535384002
112.0,493.4594139343095,433315.4351548681,607.6711501303226
112.0,425.8609429831954,256547.97803951363,649.4049264103783
112.0,388.66983757489106,580637.9134000745,619.0491336618292
112.0,408.62012258387466,349324.698842992,632.7983263905645
112.0,448.0715087167365,193716.56735006667,678.1970556717781
113.0,415.8424362484083,327139.1133323356,619.9431437886249
113.0,375.80570100145275,675554.533599449,587.4361566698076
113.0,353.03903690417826,532819.0768154159,650.9794917734722
113.0,336.571449189695,536906.0635860044,666.4007786320558
113.0,376.55517549729734,532009.5422147779,629.2700270896765
113.0,386.5355163708175,199384.42858400088,639.2037823902843
113.0,554.6761032633262,78944.67077668374,737.8771831673448
113.0,571.9158504673494,39692.90561486603,732.1051866858054
113.0,569.2407484600094,53658.640203923635,723.9833566240836
113.0,792.6707557112085,31566.847591379123,799.8070426406073
113.0,420.9261185521028,590590.3762972127,554.7111096338976
113.0,368.8561260327989,633158.9568603286,607.3940753341699
113.0,377.62424849279734,371229.99036160955,602.3942516972121
113.0,564.2828917170323,115477.41258447261,735.1322111504228
113.0,400.4884727855151,161598.35461774838,648.6303722187558
113.0,346.74525366394863,795943.8491885023,649.3763901081882
113.0,822.7569211457358,15802.943034531274,728.4650179459303
113.0,416.6135168874678,746345.4419402187,572.0688297212097
114.0,708.567360876788,114506.93294436859,702.6315264450513
114.0,353.8590043453132,605107.1427753762,600.8298127908846
114.0,356.88323427064165,284019.07236061915,637.2969256912456
114.0,549.7397394029716,115069.80433389958,717.7630206156857
114.0,422.83171582980856,273960.2618697079,620.6210489474925
114.0,527.7691854796601,439181.1845899808,592.2315192988714
114.0,648.6357509918342,45025.27453664878,724.8568747245309
114.0,387.9168068692231,227064.4120898309,627.8815837886468
114.0,416.4933453757591,546505.4102902393,582.0553303349943
114.0,647.9638182173235,49031.58604403101,727.415347053049
114.0,528.439148731172,116075.17919883446,691.8271685302014
114.0,383.84113807065256,289620.0395904121,596.6521198451218
114.0,361.3768053979047,444782.40457032726,596.0880597787536
114.0,435.8842563980113,498666.8472424321,556.2222867433709
114.0,343.3715326156149,647451.4913147022,667.2283714560731
114.0,991.5796987205388,68009.34952782442,699.337380167957
114.0,756.1726064168388,32310.75399368898,707.2417051733189
114.0,682.2824702929069,59594.98589206109,704.6298138954677
114.0,376.24316076241286,425087.7559123183,634.7857820426724
115.0,351.07734157387745,528539.5320989667,591.6534503819196
115.0,653.0143792195961,49743.47723045273,711.6428317414548
115.0,386.7725824412881,165926.15745054136,666.4616897024366
115.0,388.8790491075494,383358.9003965814,610.8438065026215
115.0,494.0034799433233,144491.09411959955,679.9693430338948
115.0,438.12394239386884,249963.3895030614,618.8213628695653
115.0,386.7155502223477,243932.78107030125,630.90665555309
115.0,638.2774584560931,42765.56637234621,768.0497496449489
115.0,357.7170557153704,357875.9069258265,639.1452571762638
115.0,587.9720727720814,48447.78307998757,764.0700304838865
115.0,443.073995386843,249174.90942083637,628.9133344149775
115.0,371.2967637687793,292272.42555991275,673.987530556751
115.0,472.87889384811643,224750.5436983452,626.2853292456293
115.0,394.537599288272,434970.3187417169,609.2760754517883
115.0,826.640443195696,4869.075044338725,825.0969098043399
115.0,929.2191411135248,17360.33581531251,720.1724192623119
115.0,542.8047644152088,72907.72315988936,682.0806703841259
115.0,493.7496202989287,49532.1877783158,743.6868519800129
115.0,456.22064154997014,164172.1231986971,651.4685478467417
115.0,530.9003468327014,203515.68160869402,649.4824314323544
115.0,469.7029804619529,392776.4521756193,602.3540188014264
116.0,408.60935474035796,293028.65991962847,640.2751924461055
116.0,420.9433464259656,285614.30356457474,594.2835963008307
116.0,369.99242766880803,795981.667016258,593.7670053968207
116.0,440.79801929597517,935810.5437441105,568.5134563205071
116.0,947.5879968064492,1137.2403942368378,807.2187149641742
116.0,634.3688009803959,15049.389122613144,708.0641621878837
116.0,392.43191998742105,293765.71410912997,638.3280865031736
116.0,337.20138245044126,342627.456413788,620.592967325285
116.0,456.42613732299753,188628.52256401998,700.5690324732369
116.0,373.2578638398206,711948.0340682969,568.5318466603081
116.0,534.9188532926354,98222.36981671152,723.5126455571369
116.0,515.136272825669,474012.1411535618,580.8869279863219
116.0,486.34239714292323,129205.04039734753,708.7605330214952
116.0,406.2175424295673,490269.31720302306,612.1190817058496
116.0,609.0615626942855,114187.79207428134,708.5903795461865
116.0,564.670186563577,75174.63462774073,725.6230964576545
116.0,326.47261626448335,336189.57146994147,646.5488066764489
117.0,349.03953450699106,657589.7124485588,594.295334476556
117.0,430.1618475234119,401773.4625655066,573.2875933004384
117.0,570.9914979567236,109764.93297487128,695.6414956569049
117.0,535.4927379365332,55876.46900374556,722.2349350515808
117.0,1032.3361428080664,1636.2529405072544,793.9880591793375
117.0,359.41867868473787,596192.3156548829,617.6899057100705
117.0,522.5657957431464,32563.539478684153,729.7729065714313
117.0,376.8530966806077,438421.84209033375,605.3164480551771
117.0,556.9857130543036,351496.6488523361,627.8113119558383
117.0,744.0842204398399,99365.66320895206,717.5422303249933
117.0,389.2966016400725,419688.69070181943,629.6964740622254
117.0,387.34227236753316,261991.7928411006,634.9736423201588
117.0,375.69353084215504,451244.33503941336,593.8505967929761
117.0,370.7523232503871,518273.4412081232,604.3214365080005
117.0,457.13463149149163,316755.684004872,631.0253371579454
117.0,377.19407711735585,659457.5678840514,559.7310918584283
117.0,351.17772660418933,640394.4575154546,643.9638668661051
117.0,334.2860219626152,610717.1554692142,665.0143741916285
117.0,1000.2679053278948,9205.766512898688,763.9039318556179
117.0,355.8759662816223,350335.23843277013,648.0071912989782
117.0,415.11984347706607,364460.07351906144,607.4279074439951
118.0,406.58067342084973,249447.06515773103,687.9639711271433
118.0,664.6902940947593,26449.108090435515,714.2434882967931
118.0,546.7229947763894,18629.313572200044,725.1357458968251
118.0,501.91658231818525,80734.92371045331,696.6125142101038
118.0,378.1225248175922,292247.8364622501,606.945618718511
118.0,340.9310587237201,428996.6939923238,613.3117543628692
118.0,430.31657573183026,1070026.8270295647,569.1862467945851
118.0,623.5388102581251,2866.151727286365,721.7509083210615
118.0,423.28423454817215,201518.45471774935,674.867033779945
118.0,391.22616153652734,268506.9427906036,655.3564779582549
118.0,361.4701401374711,613990.565561966,597.0158965419582
118.0,337.85171672891494,664661.5506547483,632.8730618581723
118.0,462.9280648755927,264197.5415543318,628.3285909836256
119.0,931.226799404401,29832.375160509804,717.7687815620803
119.0,636.3785031936676,61697.928214128646,696.6332650061828
119.0,565.9037190551336,14883.461691681552,757.258576892034
119.0,343.58885436437595,371144.857279005,634.8378186148122
119.0,684.8342101303402,28757.767535300074,752.633997055557
119.0,449.9823185277989,469650.6388977614,601.9059645890204
119.0,598.6196490755651,86746.48850785318,744.8973047043307
119.0,689.378800595304,22620.519654531,730.5970817912729
119.0,369.55825102047504,334279.6671835346,608.1213151504203
119.0,407.0659879794077,298409.07780540537,647.5687042589882
119.0,393.3438749611493,477061.72390856786,600.6685788923817
119.0,626.1113250928515,148693.47428021484,730.7057747868608
119.0,635.44371055976,185657.80988000147,711.2544323034659
119.0,375.1920112856559,579771.5099001671,590.4119417469834
119.0,443.0072925554027,213785.12402627993,649.8885777354211
119.0,480.26362010413703,196505.56337980152,701.4343678082935
119.0,583.444304022734,75401.24836770071,749.0566995318716
120.0,645.9759032972798,54381.2880127633,755.924355649499
120.0,758.2461597938599,60353.0795138394,729.2283437731553
120.0,366.7361860801678,337164.303953858,646.5843997921197
120.0,479.96689423260887,506206.0606824917,604.888432381981
120.0,633.180043417966,114940.72967638637,698.330193050465
120.0,356.1126813279388,613719.5782041032,603.5490980914051
120.0,311.4001906691855,438344.05323028984,643.480136132288
120.0,610.919560815373,62464.636147996425,737.4075528523887
120.0,373.3137625843261,461748.8281979449,614.3200206039202
120.0,480.3149786447503,241849.10699474468,626.453634335184
120.0,565.6553048166311,104171.93084390192,716.8799497836927
120.0,467.1668570277772,846561.469372294,552.0470815480928
120.0,394.4744206715527,466755.2947855487,612.0327889877352
120.0,325.0460561441414,628639.3549798024,607.9795918142241
120.0,445.07297668751113,242522.17180496705,708.3173528397222
120.0,415.6914082144034,265192.38689866394,609.983794748183
120.0,747.792975532212,27980.071452237713,736.5509463179651
120.0,475.87993809787866,250323.58370636607,671.2883366312975
120.0,358.4662508736421,469760.4311997662,635.3237953454997
120.0,380.87367575741433,422577.5780224894,629.1282951059014
120.0,522.4435221025001,232805.5246400197,691.0096418990449
121.0,490.43318421323454,400096.1020175941,584.6103939172467
121.0,303.1376229058607,735695.5121464231,641.1602162581245
121.0,424.3362788907451,381727.4019604108,622.3052060315001
121.0,384.09797628641684,374122.71248679684,632.3284671513394
121.0,376.5752151475086,442287.5738187547,627.3325050154634
121.0,399.9536989160592,417998.5368664408,626.8640765874559
121.0,363.5842961885445,706110.9987035048,611.5856719615507
121.0,628.9899601181866,43894.08619955095,745.578133993462
121.0,551.2752462094545,256092.65954458367,681.11668336568
121.0,511.8429046442404,209401.92710264775,688.9420284357997
121.0,600.1420145792702,55773.56380611199,696.4021357918566
121.0,416.96875351431476,299534.77042125247,633.3290221040319
121.0,379.91172574593776,722814.5015599196,585.8139765876125
121.0,439.63810869342416,511071.6850960502,595.5470260997091
121.0,393.05281172462566,304249.00065803685,651.9459822888607
121.0,568.464379055778,54518.57341146421,703.5158029488001
121.0,527.8097297464215,69708.14697787038,725.2497609156601
121.0,447.43491594700043,377510.71681405726,586.2517496422922
121.0,357.1350802964781,366839.6406160271,633.8275791929491
121.0,636.0538935034633,40695.08425449634,745.5693291151022
121.0,485.1772550695545,286121.4662817448,658.5150345294594
121.0,520.2931801285202,81745.71870710833,763.7710830220177
121.0,356.6701633323191,409407.35312293755,655.8063049975947
121.0,421.37347078285967,435053.44247588015,601.9798041112249
122.0,365.33220569450293,420262.0284979128,641.276517263817
122.0,451.51651077580726,292944.8725007859,617.029317814126
122.0,446.6035845233404,754549.4384238558,579.2198058298868
122.0,535.8447499584593,60778.05197083119,709.0772138954542
122.0,510.6764582725036,224451.89918634394,643.5072367737624
122.0,589.264821905444,99359.58701427685,688.6468788630813
122.0,687.9270317712119,108837.70838857081,670.8204131549782
122.0,703.3045591635339,37480.82823767412,749.0957932476696
122.0,444.6785065834589,576107.2308933319,598.3676172351394
122.0,338.3634628543912,532769.7332260404,614.1482581260408
122.0,532.4029135301301,102396.3760836768,690.0304797587303
122.0,389.77061102540137,921323.9554842471,563.1694435892063
122.0,418.1614556600522,309061.89158725535,626.4560238905443
122.0,391.20563567269375,321231.94939737854,623.6842747828046
122.0,602.9797660106776,30982.15577273473,760.4326281147622
122.0,380.0071836227567,375704.0345981436,671.9171260791887
122.0,504.20997079972864,71916.25983707685,743.7560001198971
122.0,354.24878761030465,483501.8199912435,621.2618064565403
122.0,465.93138978881484,841592.4058016285,572.3215115677247
122.0,343.0918919685549,293978.36055675003,682.2418503638579
122.0,502.67700449688823,499537.2656847587,589.9054203949499
122.0,394.70993608308197,237057.86704953678,640.0528840897396
122.0,621.5445825685562,116584.90344978326,685.7793820662033
123.0,392.563789232672,533496.1732258819,593.614033690241
123.0,398.43563498808464,241526.63900458888,614.9895158796636
123.0,563.0088344801482,21512.16579359255,743.3018167827105
123.0,402.727668824085,530958.5837515929,609.4111909651164
123.0,489.19455336938546,238714.98091374733,673.3955205678765
123.0,453.5387838445617,514956.0692408607,613.1593495647267
123.0,612.0674953076517,5165.707634904658,752.6982532905217
123.0,380.3219737626443,380677.8868874113,654.6402987512741
123.0,368.5804606500146,649105.2659875834,611.225711680453
123.0,340.5543308621584,495700.21629746055,623.1360738972751
123.0,391.3406661322595,274285.9611370594,676.1613674715336
123.0,638.6661453910922,147317.7832138348,719.7397524346715
123.0,389.40004754590166,369926.93532777106,615.5520711777594
123.0,541.7609949865166,93144.34173519914,733.1134702047428
123.0,331.08389252762356,848702.2470473116,607.2787356002556
123.0,397.2245046928723,262910.8812228239,658.7198687033986
123.0,386.68624900161643,404420.39187150815,641.3225062071905
123.0,360.96003896773004,440040.35325983446,633.6478896887432
123.0,370.7091078874948,397594.78929993825,654.8215808369297
123.0,712.1875156353308,47942.919394995246,713.366184733222
123.0,475.901284875617,460634.16612382664,610.9150410119411
123.0,647.7041266296386,51787.32544383446,720.5402355485448
123.0,503.14710286742246,228074.20211200914,671.2321418911048
124.0,657.5691750628008,68981.08651423495,703.8751608913118
124.0,321.9607369841349,651401.4357313723,594.3201815855324
124.0,515.559791191313,246529.7971031328,646.5423942056376
124.0,743.5710570765519,36275.0945338195,734.2005439890976
124.0,401.7397504360101,373623.63140336494,643.9416930362996
124.0,375.18438619902525,472540.94678976084,665.3026784659071
124.0,362.4659171806697,616607.7859358849,621.8500311334561
124.0,396.766504035203,605230.741729039,604.3170931972733
124.0,432.40832729538073,565713.3093143217,613.1674737032173
124.0,719.5324081585584,40794.215073910746,738.5709514155251
124.0,359.27863438867206,554804.8368723065,646.7065153738064
124.0,774.6967279727094,11662.752832650038,709.236186612627
124.0,630.7764256426816,69392.13626225642,728.1558624240369
124.0,581.5454290159432,49918.339115013274,748.0706155984074
124.0,410.33745992818297,290106.4481038912,649.6667784472912
124.0,528.0818175019997,171012.14794450116,687.0388242315591
124.0,573.9708626609256,79001.35020737459,747.5263784569191
124.0,398.0088498150677,653230.2616394078,568.4463517721323
124.0,430.38338532733434,598685.8610857576,611.2260831722125
124.0,437.2421970543013,263029.44793565327,720.8817455594994
124.0,575.4401586619119,26014.71831672651,783.3144879414164
124.0,413.68806961832814,553977.7699266882,616.6335809949888
124.0,476.43810715854215,176685.5110501987,659.7928606233452
124.0,406.66389999127557,565147.5531255438,625.8945449575331
124.0,583.3139826080006,83917.32103672044,701.2045136533338
124.0,416.82674561775815,310898.5952275153,620.9332508415462
124.0,675.3908867002173,8699.796550160958,750.0689974185407
124.0,477.0466204494556,256801.1528167455,610.2792723006459
124.0,386.9308711963826,505623.30850832636,631.4631407549388
124.0,702.1821494950688,55201.38441449995,709.9464800017283
124.0,435.3687694391254,331173.86543708335,620.1468036901507
125.0,573.1484011311459,43739.84209712304,739.3730320024142
125.0,563.2788953340462,100036.94631431985,758.3959973396816
125.0,619.441585549005,45279.542277496905,710.4444546211387
125.0,340.1639522310846,685217.6321747634,566.5965133065456
125.0,548.2553458866682,200180.93288606725,703.8849000472836
125.0,404.74303491005895,209222.15453082658,665.2165640662845
125.0,577.3638248954331,25193.271581025434,744.5774891534872
125.0,556.3150303045767,182419.726423665,706.0324167272894
125.0,568.1243489170537,39245.664028128325,745.5680760814275
125.0,605.7374874051385,101527.3336403933,724.6457689053009
125.0,523.6601707127578,584961.4917799281,588.7759283761476
125.0,365.1234343972077,291839.0240543331,606.9085694168856
125.0,543.9088833522205,623437.9837185858,585.2933332731859
125.0,347.27333937927773,489633.44977070764,625.2106115417824
125.0,688.1820929189663,43088.573870956476,744.5392069275348
126.0,452.2825733106247,411850.0550557782,602.0600486473836
126.0,704.9258804164771,10510.533934421092,737.4586232327932
126.0,504.61030056757727,272393.3373471824,641.9621718422833
126.0,367.64860711240175,384655.5055359414,640.5734884569606
126.0,351.86252603330223,289595.33516263746,667.5631780596651
126.0,411.66231359740794,421168.83407364244,632.1882058010375
126.0,415.2300275225151,248726.15534531142,654.7849647599227
126.0,340.17876791967285,478089.34571349545,628.2773371832333
126.0,414.8725266244149,399014.44235072006,638.5491314614715
126.0,439.2834427374829,350442.67923672637,624.1889411530382
126.0,555.1563754883232,62508.51351747564,689.0765570345197
126.0,401.0733035163852,272590.5863152883,680.0059313297527
126.0,748.1179529934647,9758.44188908282,727.0428228892314
126.0,562.0506558332477,142944.9798232494,684.3010873596571
126.0,359.7736242783961,502712.41002014134,574.1560727862258
126.0,399.5271774032765,280392.20157493756,657.8062338899545
126.0,510.95935571189347,119649.91538227772,717.4332744753482
126.0,541.5622857606845,88164.11272207159,731.8875083602535
126.0,460.7038067617561,279573.1292105238,652.0254402360134
126.0,763.240073961636,92181.82275038154,662.7923750246227
126.0,656.2245680495126,40469.3693093034,715.9332699110573
126.0,350.25305709377676,482916.4945544469,626.6208089831723
127.0,493.36105175619207,351124.8196794681,625.3115393864734
127.0,407.6825657609381,310581.67883040436,655.11962771432
127.0,403.8035637537091,357911.0660202134,630.4761446723975
127.0,429.13184848271595,620616.9271906674,585.1251681772466
127.0,600.8045870560209,146793.14530276865,692.3080271869736
127.0,443.05720805030904,231207.81225155215,659.1892540378504
127.0,432.2337685347915,421791.40447632544,625.2411979632933
127.0,444.84948490301355,266568.74497538275,658.8363417856715
127.0,451.5988085419908,54486.9417259579,699.1327933724872
127.0,635.0754988947621,41648.185704133095,725.1942007658355
127.0,389.0136492445817,829193.821963096,602.5259819620765
127.0,636.2961120514916,31731.13978580146,718.3286780416175
127.0,488.5169475255315,214307.86371586594,631.243948897658
127.0,437.80062359293146,452540.9929714759,625.0713492109328
127.0,315.21762585755476,595261.9321177646,638.2468246900266
127.0,401.3454275932307,710979.0464500322,583.8439466024262
127.0,312.7565618845759,318964.1079694749,642.836017993858
127.0,478.8996441908388,181747.17740340796,678.6800936034801
127.0,420.319313857227,594058.5856557328,586.892086589062
127.0,558.3886641597555,90491.32252682596,696.5043064938266
127.0,412.4027367023287,512861.3920964718,594.627126168217
128.0,369.5870478549756,508121.5772298637,633.8084969711317
128.0,718.097521162745,39114.60826313506,724.9413071729831
128.0,491.57999501696844,292374.2515905455,643.720914594388
128.0,599.7743227698382,114712.64383931611,704.1877248225035
128.0,557.8487221112835,71144.42586554617,745.836785818395
128.0,437.4124355026566,340780.1054123304,630.8734422463442
128.0,491.612618219887,199460.3169414851,693.4191837119379
128.0,619.1364155366025,67163.6991272988,740.6906479560723
128.0,537.341338209905,130712.62269522353,696.1782484832427
128.0,595.8738624620588,46076.051752086474,752.7689761770197
128.0,686.4291086562243,48151.610319085295,700.0011978054639
128.0,390.9902324187138,227297.93488134386,701.7309215876735
128.0,565.0151719437788,107913.374507988,707.9244615641566
128.0,348.3971765719006,249217.5015178431,648.958973278123
128.0,655.1681317554772,48634.64277456502,722.5520863411028
128.0,368.822755860918,339196.1108889257,642.9085865732146
128.0,364.18932604536565,529205.153419853,596.3643117689065
128.0,580.4883637461011,68547.49058827739,739.1615977293162
128.0,559.051219228834,65983.73267417897,759.1300512218593
128.0,426.4375198723165,426461.7233090108,555.3228673019584
128.0,378.8154627768279,367216.5568942125,624.100574433216
129.0,530.5795810725642,36413.103915129635,699.5692470901457
129.0,457.4387650056086,130658.39410942265,681.0292893471593
129.0,356.5584395358811,685979.8178888526,603.9969822229885
129.0,398.9251416735766,412699.5283168323,600.2517053258143
129.0,442.47837851353694,262760.549879602,688.4839230987783
129.0,688.910730522638,95484.67990796566,685.0204561213533
129.0,479.5240903560222,1054524.536207406,576.0623726617746
129.0,405.74302961941606,324385.8274695033,632.2522900906173
129.0,434.85562926610294,283016.2612527638,658.8904945538148
129.0,349.5922877236307,380852.46031583275,656.1091025778018
129.0,732.6168861793908,27795.25654268486,730.2064037029082
129.0,358.7259614322695,364083.80478106777,674.8664630341852
129.0,475.9508831683709,321462.778700867,656.7224831584382
129.0,344.41355251959953,428855.7417312075,619.330185907514
129.0,598.6594354420906,28693.335527011764,686.3702809387376
129.0,457.52856090138664,482653.09096155985,590.8495316878351
129.0,380.6645733116545,454802.8583226469,594.3659836089789
130.0,620.4743575310004,82755.59771310029,725.252098221025
130.0,342.6062470599211,526580.1357816382,702.0992447333548
130.0,422.0436610872388,345032.2511944885,577.0499067152095
130.0,367.34555388884974,559847.676159698,599.024408655702
130.0,699.2680026434506,12246.944521873998,735.0680389415554
130.0,405.58579982219754,550860.3540016825,616.1295858998342
130.0,350.2637757631932,711362.3977068772,622.40999025381
130.0,392.3393345645,502028.28192637785,656.1341782889622
130.0,412.5400541990845,339310.60952982545,642.1709803743926
130.0,626.5292147367658,73491.27886734829,742.7168208783106
130.0,534.8826547601203,195560.53702498265,668.7995791289156
130.0,472.1485577088949,320281.2987384404,685.5972371834871
130.0,362.13526519001925,551874.7866187892,641.2581011319018
130.0,647.9373295101531,174052.56297729176,719.9757983744444
130.0,393.83495389072726,464331.9440264754,634.5602704222171
131.0,764.300698249868,19214.252269009896,741.5232281277093
131.0,702.069249359579,23524.09991781444,721.8359307148675
131.0,381.03485397290893,847730.5981678646,594.0584856996213
131.0,469.1875030904473,183941.04767472623,663.4279741467217
131.0,389.0121657500777,529481.1321803869,623.6744592136816
131.0,426.4503511220135,299089.4879967047,620.4311497536564
131.0,565.1528496887755,67434.01118136218,726.9828600412678
131.0,700.4761839002738,32592.42889562635,753.239859940074
131.0,379.55755596149584,536779.7260427591,643.821055096606
131.0,387.83924397657756,399998.0733040067,635.8961998270232
131.0,423.8612834916154,266112.8129776324,681.9392605024198
131.0,434.35879246285356,626675.8768460526,602.8186549044041
131.0,384.14580655387266,585065.6734763295,608.4061185429871
131.0,361.41043276649475,361711.5141346062,650.8274861425168
131.0,366.8344664000978,663992.1903934255,596.3108004241859
131.0,438.63699490867606,231398.42959667396,646.2413889007521
131.0,422.9025510756655,459294.7812698752,605.0397277835696
131.0,619.6864323755897,31258.370164276963,782.4267301360118
131.0,347.278313408498,777995.0890852761,626.7233298951097
131.0,716.516842427905,562.0840974302297,757.9739453759191
131.0,685.5601068982324,21321.127119537523,762.3895398538318
131.0,354.92131641723984,812058.1332901395,609.4969209696512
131.0,412.6079337833774,301132.3873964578,629.2828958949367
131.0,436.19971371251273,601991.6660745266,581.5967922476628
131.0,420.7060445440589,495194.8875790017,604.6003481861308
131.0,460.16120961681673,407116.98093629145,619.0767500864173
132.0,383.9121010278471,318433.6331353391,616.5110836654412
132.0,360.8244507206446,493013.2374012373,666.3908670291837
132.0,384.5396897378426,513391.22119711805,609.4156792673283
132.0,608.0048740400448,82417.58238704853,710.5208586394949
132.0,376.75774214995795,808597.7428652406,575.7047991761925
132.0,570.700691640895,111637.34583114147,701.607429676485
132.0,594.6860281180095,52397.35354168837,722.8563050896641
132.0,345.3217908652168,542914.0512442243,622.9911840349804
132.0,371.269074778157,329335.7217208027,679.7245087495345
132.0,672.1045508347486,77373.4807621054,696.7627856911965
132.0,414.27857373894716,266061.9888565541,643.7158661208513
132.0,394.69250365623327,438765.6181039911,598.377673829143
132.0,670.2995105305416,22601.27688934374,765.4398132166368
132.0,501.3559326937635,118255.42116741183,708.0017081211988
132.0,596.1041107488644,86944.91352273904,708.7054784432935
132.0,383.6496745378502,314728.1536511413,651.5602982614486
132.0,365.4445665347831,632832.8725536435,595.0793002971659
132.0,621.0360333278431,92344.60210644716,699.1870290715526
132.0,605.4377364750791,40081.700893026755,733.6530082219059
132.0,496.0564405673776,386585.5929576354,575.0236810387015
132.0,428.76400816634157,757339.6741052003,587.2512849357851
132.0,602.7948135696092,43139.14468591169,757.7765355404409
133.0,352.26676479709903,487800.44113970536,688.7786449338128
133.0,726.7149195358534,147858.99138540137,656.8458952013907
133.0,361.65485452018555,489455.7612816695,628.8292462010224
133.0,480.4297807574503,645472.8738653038,571.1369209482887
133.0,488.48304152948356,357786.84952576464,652.0445185273899
133.0,404.7745118464198,367941.6169516175,655.1387719548686
133.0,367.4313525212376,513663.73799768474,609.5341533051497
133.0,623.6889388305913,107000.73868020395,702.0138217258851
133.0,373.52485494084164,856921.2660158928,574.1673280059922
133.0,633.7668400910028,58988.896472496024,713.4234071284314
133.0,590.8634377971745,63006.69991926052,740.6179335345981
133.0,370.57252703515786,413992.881814474,665.782281066199
133.0,401.62884923775437,416585.8692747165,618.2829473752059
133.0,391.2988079925065,395186.305511323,643.7862448870604
133.0,385.48187732068163,432295.4476118826,652.1733624351202
133.0,431.2606599068151,488335.80700393155,595.2667860691018
133.0,526.2674246346087,58961.587787278484,747.809998716435
133.0,397.4124942093125,637380.7876823915,604.3565176248795
133.0,510.7780688505547,284465.73572752165,679.1333314211851
133.0,453.7226181166799,366675.27906478575,596.4508275471471
133.0,397.3536772206594,734081.1648660065,599.025646253577
133.0,347.8653981483165,564473.9384915272,639.7748446318003
133.0,359.0427183888158,478686.80775622046,652.178215559707
133.0,393.3623824558538,447618.8739738824,613.5247698074487
133.0,577.7946350033712,75426.77434359136,706.6106620925113
133.0,598.2944872239076,32587.578936067785,773.0535297441627
133.0,455.9146782841071,276666.1474771828,739.2583593203949
133.0,401.2291073631647,429096.32251429284,641.7631765193097
133.0,552.969380865213,123137.22929904751,735.7194774607965
134.0,606.3036892071525,68807.53922700488,657.1679503899185
134.0,371.70341116359725,453659.5634503958,619.3314686667474
134.0,383.0802178525714,444935.3902109272,623.3611244931976
134.0,386.98327328324046,724760.0003310823,588.2793484942264
134.0,358.1584272412649,384976.20602947153,625.6548667463353
134.0,347.8502523237062,172518.66908624614,666.3324910576422
134.0,413.06439359142837,298240.9836406783,645.1248458475528
134.0,468.70409459686755,363846.0710145523,623.3533155953726
134.0,414.2197887921261,493889.77570266486,596.0307053112149
134.0,485.86032524775544,282993.2298133059,645.530206206631
134.0,379.32425313954735,905519.0723912185,603.0904184823615
134.0,402.1819663021288,448853.79317148344,617.2057198955791
134.0,445.5547729978209,294865.3445144249,646.2876542964735
134.0,649.6269145827836,44091.80550679177,713.0502692382854
134.0,634.521511064179,26393.214632581097,751.4196783366335
134.0,381.537436554021,597834.4615026122,608.1686643988173
134.0,571.2284821046062,99016.3362928783,748.2512252441985
134.0,348.03146235974106,565846.4217799316,621.9555567418407
134.0,351.8323614139017,500788.77090791124,636.5681998674835
134.0,446.67972120997956,271077.8983942375,665.8207287231916
134.0,471.11017374212736,179199.29546465512,665.7402107872166
134.0,586.8325129595684,85341.51267279714,709.5087172453276
134.0,427.7227543513914,712275.0154197017,586.0914601877491
135.0,376.60406277022076,549822.0995013135,611.6225306027877
135.0,420.52187992137453,904736.2297969331,549.6842184427296
135.0,1375.0780203938277,502.92899105332174,815.5189719814784
135.0,380.07548395581205,397067.2914029461,620.1171931325589
135.0,389.1334802025619,451302.7985265062,595.9281154213654
135.0,377.4751195715144,446525.73197009275,668.624115342859
135.0,566.5785187751015,33358.862184476915,696.2218663655215
135.0,560.5364948654296,28552.791718446468,732.9740828643521
135.0,388.9606318318005,276810.2227283435,635.1823847624278
135.0,438.0907205297173,287999.64815563295,620.3374114715139
135.0,382.1337938468535,681505.2240486402,597.7630810571482
135.0,565.5322765892876,18469.877727006573,716.2587691797806
135.0,420.8789892656245,251721.98420245424,627.634339365288
135.0,373.9790156021767,507354.890006188,637.7281419453956
135.0,327.81605302752683,724774.2005831951,559.7415826362097
135.0,334.5335397382368,567858.4856217311,635.5875835872972
135.0,407.07517902806387,362817.8276376523,591.4621721934617
135.0,549.7645682349105,80643.96409727058,701.1077627004613
136.0,594.431468972925,3927.4508148856844,820.3143160009515
136.0,654.7066951800072,17870.498576568534,751.8461543194454
136.0,373.97771001545465,450216.0773525217,639.8105905607727
136.0,442.28717126389773,202666.81626985667,657.4838720013936
136.0,461.52644444239894,370787.1523867957,606.0460557135436
136.0,395.34372575344656,288868.5914707655,660.7908958792267
136.0,605.1496758522404,45104.99329376913,719.0517519910042
136.0,642.4009323991077,34592.298748711,758.7580991629047
136.0,398.8471124624841,625590.8572032899,556.9617464963633
136.0,420.79163840896825,332840.9309711401,618.9039080532041
136.0,440.1240802936007,404270.19127153757,617.9721208466179
136.0,484.04554709168985,54802.64004536732,703.8286394993603
136.0,385.5817370558674,178756.07460080713,683.3068378295097
136.0,408.9133190065308,399544.62529711734,629.9182012070938
136.0,375.27059240879333,493859.54316020355,591.8564786370114
136.0,739.7033255137216,9190.291545037486,749.6709238151535
136.0,372.23244670909435,708528.3799024157,600.7833834851338
136.0,595.2806609342681,201204.88797042097,681.0439202401458
136.0,395.2668140952681,350362.9095194458,633.4093437530445
136.0,342.3380509368152,565775.133746909,662.437250320628
137.0,350.62106781076074,369018.65947851335,583.0175187809083
137.0,532.9871601573285,202079.17605884516,690.1838801374399
137.0,439.9571086510855,240070.62976763022,683.5232173058198
137.0,681.4971509400121,21768.141256546867,721.3411746002174
137.0,336.7104454118687,576684.2459608053,602.6978826338246
137.0,590.7851003100371,2353.795495168558,742.194948881494
137.0,358.71559957140994,333353.5770915282,651.0728894151044
137.0,391.7371476147589,285344.67030489387,622.9727432216837
137.0,437.64017196854303,972864.6795302146,551.2968285975658
137.0,686.6978119051971,11395.022664201912,726.3863832549541
137.0,547.0631484408522,64948.98081832298,730.0296128598629
137.0,501.71069751050845,264104.96032209386,663.0493638588887
137.0,573.9477068572935,130115.68917463587,663.044387964719
137.0,458.7129565760534,882334.2615308991,582.0235723626824
137.0,332.97604726226217,560551.66579162,631.5311440295377
138.0,526.0339887822778,274268.61218673695,617.2808862538366
138.0,389.7768220817059,431173.78258644615,590.496456474122
138.0,680.2331944015402,4547.827389995128,739.6676985466935
138.0,450.6444456339881,238293.39904072598,633.4130351268768
138.0,361.33930960478364,439281.95050985395,627.7788892620209
138.0,477.21391231661624,530357.2498943268,590.2646986066196
138.0,404.1248698783569,290381.6015454277,643.3588312762018
138.0,350.6695393041012,440557.30280551355,635.889893996005
138.0,551.6265159073558,31934.539985586172,689.848789961976
138.0,353.06903494452837,585360.6396042019,593.2894985342856
138.0,379.5177137604957,303458.08372397855,611.6445886460693
138.0,504.17882128142475,156229.3079308989,693.7014575515495
138.0,423.0240168403829,995270.1692569962,575.5462584830724
138.0,763.1728302416664,27125.948472345004,723.2615223524556
138.0,366.87855611566374,460964.7609627974,612.0533283246947
138.0,375.8087897856499,462734.5705737899,608.9456561306674
138.0,430.0100671168032,195059.530672089,663.6425847295498
138.0,588.0010627723786,52946.55917975058,672.9094391843487
139.0,413.2221418344492,581991.909084377,562.6265890589584
139.0,361.59139800927323,775895.6099263513,609.6687329502188
139.0,364.7240364180892,604965.1492330356,608.5963542890214
139.0,402.6994653445589,386271.3508684361,676.0704792193854
139.0,660.4886614480957,33074.205259710194,728.4045840059147
139.0,417.5446569539775,458902.10459838907,606.8030238275198
139.0,358.96246141691034,967544.9344131679,603.9004358644952
139.0,686.0820004248326,16999.790097183588,735.81283455175
139.0,371.5569591955418,963276.6723794369,564.2377677217391
139.0,466.00555239195756,194645.55469478716,688.9888600996942
139.0,363.1661921586929,564787.3953738449,626.9028015578643
139.0,384.66904443718965,543383.8293565424,649.6806962326174
139.0,360.57145327167547,661974.6240542592,613.3814051709978
139.0,430.76281504749306,260946.43709011478,665.7486156509955
139.0,407.4406635808173,485117.85234560404,594.1501024237018
139.0,634.9710660150884,104281.07155551222,696.2676617966583
139.0,685.1595374520442,67531.9564928307,703.5183775547655
139.0,398.42499097997387,646776.6257159557,605.8683297006579
139.0,540.2714912664676,92972.73851699122,697.7637764382703
139.0,478.382287656509,370139.3957185683,616.9066271959323
139.0,507.4724648734227,89264.34288518358,716.7333265073078
139.0,545.9871178588593,41511.22919321642,741.5439668604431
139.0,395.51757755420874,548396.9165796515,621.2854224589476
139.0,482.9191789211914,266241.7077457364,616.101926519557
139.0,438.96125383619335,413389.9445902837,660.4174862787565
139.0,408.90304269567287,695465.7611999125,587.6814458918967
139.0,423.5969627156484,425925.6269043805,611.2152314996595
140.0,522.437681303541,59888.39641349537,724.8661608429749
140.0,378.85130089253124,411869.9239270413,649.364322739468
140.0,548.3279671785007,212457.6250704835,710.9061225753265
140.0,763.4035225125485,20052.361429881777,773.2544315672535
140.0,379.5551170299514,414477.8880218634,557.3298127774647
140.0,397.1786043395803,256964.67078189933,637.5725375586186
140.0,469.1885331781722,254511.48172755333,683.8273208910924
140.0,463.7705543426229,380913.7948144116,620.3926307749063
140.0,617.7905469905714,23303.292621421326,785.0411215378325
140.0,698.941217359687,83497.98794963889,681.7668231774148
140.0,385.377800133818,340450.2675236491,645.7121925380364
140.0,556.287392112928,90923.50762925646,724.1910443284846
140.0,382.86208503260457,279402.8396710645,675.94932129556
140.0,710.9357597550908,37002.00167059475,779.3548024498104
140.0,358.53104643753693,357658.4315867805,687.8057985711328
140.0,503.7075116677432,394809.98895022983,620.2720937619843
140.0,330.15191016559334,429237.47195010795,600.7598141715403
140.0,580.0049203721451,40520.74490933573,696.6720330358877
141.0,626.3626374224656,27185.99981271201,756.7791981231572
141.0,358.58174485163596,303240.5719573909,629.9166633636621
141.0,316.5817263589595,519629.9295060021,646.2548893066852
141.0,543.640498294086,35449.5508078647,727.425038164755
141.0,445.09824411537176,427472.0432637452,591.8025053060709
141.0,628.5552871548255,35352.27960456028,678.7423488954555
141.0,339.84536088322494,594210.8703010767,642.3518094028215
141.0,413.0969744933355,673235.0834931645,587.2890046172299
141.0,530.4605647640972,421127.38351619843,608.067798743104
141.0,602.8757032556197,126283.46796469142,715.725417749067
141.0,345.67963275828413,531400.3691131662,645.6161743794923
141.0,363.2100658999053,272343.81503146567,613.1815333483531
141.0,401.86871506997835,708851.9919165657,592.1669179320952
141.0,638.4081219029799,44534.73007082379,664.704526036138
141.0,347.6213609843215,599127.144444417,625.0281915935687
141.0,349.57827997631915,609767.7163239478,609.59590671961
142.0,627.479968345739,142169.60397434188,714.5208650922365
142.0,381.1403780589877,303464.4689738465,700.7483969575372
142.0,365.1035058715598,607894.5780164961,630.3899836238834
142.0,563.3575391237046,66509.79298267029,732.2385562474291
142.0,456.2828954104135,553305.5381121093,595.6232830126112
142.0,370.98000470280726,314062.9279097232,627.6841800417234
142.0,901.1719262888379,41015.17103517603,715.1340516206534
142.0,397.01643042122913,543206.9086501996,619.7684488878907
142.0,445.7713937274168,323313.07858884626,615.481179415601
142.0,408.3042291844617,744355.2269845832,605.0428955312752
142.0,732.498972555801,34333.64001649308,735.6064026607404
142.0,650.7138566632323,42892.975151593266,720.1966035102856
142.0,446.4514441407984,203867.42289099953,672.8506005538623
142.0,390.78287765685974,566638.9217530108,625.5662027566516
142.0,617.9470866846882,18972.124547328203,758.125231418428
142.0,334.6420839563984,619632.3170339799,634.8414896367877
142.0,649.2553661303058,66581.21371568047,699.9329847358015
142.0,366.71488849306826,797765.6064228365,587.3187067096366
142.0,627.2428499191032,58438.28008436344,725.5335057150855
142.0,486.35377471869526,121272.19465455829,744.9207098127285
142.0,485.6919798582166,306271.022638405,628.2292057320075
142.0,445.5893455734297,295413.721529165,662.9467974620591
142.0,487.0415934887395,203084.82232150523,627.6767947457797
142.0,404.82564272593294,240676.89209563445,700.6166911449145
143.0,375.8131870728814,444639.89233814325,627.1235650059893
143.0,582.6069840432489,116939.73072221887,692.4609854994546
143.0,380.4594243656222,566340.8303923147,602.7883431546182
143.0,533.8863570421267,18985.016334863118,721.6863339065991
143.0,680.486710183161,43536.875090242094,701.8547647116063
143.0,513.0692277662802,75236.96902251193,692.8549717778793
143.0,379.5850321868935,721052.3442382927,603.2821160976407
143.0,366.20628486507997,398359.2349399846,635.8488565335458
143.0,355.5507228983455,793171.6658066406,614.9990488021498
143.0,411.30082710041495,237568.86355013895,678.4013085511223
143.0,445.93558195995416,249240.84768174554,645.7173324331059
143.0,361.14961425559045,468814.71844207024,628.8537129298784
143.0,418.11428521598265,441412.8929106939,610.1554357062876
143.0,407.3715958649616,458586.24206165515,582.6441873668697
143.0,876.9202905378955,78569.62180606967,687.8029762688798
143.0,339.09252850350146,398565.10853847495,646.143445790383
144.0,539.384602440317,239042.14174888725,637.5565572865429
144.0,580.1663507021965,75835.50250859889,680.8915839766927
144.0,382.444552264587,417496.43100751913,607.600077091929
144.0,689.1023886523484,16071.668890359037,727.3648151288672
144.0,455.03053390682805,560840.7347355527,592.8783944320983
144.0,714.6833598794977,35100.41645123855,700.7016489214157
144.0,362.37655344913014,589226.0485364165,630.2200194897284
144.0,388.40550230275477,662904.65003971,589.599523821632
144.0,345.83791560844776,677540.7755198418,635.727555706108
144.0,819.9908452185357,121175.98152018359,665.7898211984418
144.0,465.47977772379147,261372.8989952377,630.5983815840048
144.0,527.6688507347293,50177.77934987048,706.0510597100421
144.0,328.52354312849747,362737.4085681767,636.3434241155348
144.0,362.3959071081587,302873.06150447455,622.5147385691004
144.0,395.1160388969219,568229.8952052575,594.9116520271423
144.0,419.26147337268793,280840.5475387129,660.5947385162874
145.0,369.59234313451515,336132.39681493543,650.1124829306441
145.0,325.1688154143697,461953.0795425799,657.855470428426
145.0,359.65178170069964,650522.2557720848,649.1794119750696
145.0,435.9352759152008,396969.9304882137,586.6058573816947
145.0,402.62647338038585,598634.0330555378,606.8736297765893
145.0,410.677880400679,512149.9693790206,574.3351740582305
145.0,551.1438672143717,25597.568480297487,704.6923716090267
145.0,338.7120180595653,456833.7210058538,669.3762089629483
145.0,365.7487737543039,424825.1063993002,609.959603402938
145.0,383.8622187564734,357374.12006898306,616.3456638428408
145.0,397.6360234894062,300018.417620295,632.8182699568365
146.0,344.7550482790613,372682.4937824586,621.6041277833582
146.0,452.2407797424177,492062.09133070026,619.6391073152233
146.0,400.7840077031996,274785.3161278687,630.6344214857426
146.0,491.5125203912818,237064.81932852598,658.1773571649591
146.0,400.9229917429825,410667.1173785349,621.2222466019439
146.0,377.5145111088035,714019.7111746119,601.7695907135554
146.0,578.1861146426951,76924.95630817134,680.3223515409926
146.0,362.85405445079556,305033.633862998,668.5849702032738
146.0,377.4714003602149,320927.471024627,649.4697108065277
146.0,386.45190631134085,532927.4140676148,590.2914290996414
146.0,581.4351964060005,75921.3210450261,751.8979915716915
146.0,327.1531152451062,533488.3920740384,631.1566339284293
146.0,592.0173788905296,20814.633514110046,726.3119690556235
146.0,416.6100675464592,246818.5776436828,643.4263920340594
146.0,731.8562499469093,51625.4821743786,719.3760057263343
146.0,492.75746126318944,427049.7271170081,605.4419686869135
146.0,767.54430292902,12821.372133661887,752.5380836442095
146.0,421.301819155172,511031.53960669687,616.7879533668641
146.0,375.98794664630555,640384.5449859216,619.5529157589957
146.0,406.0290423100593,236035.89531206473,662.5453701669669
147.0,472.82418157079513,406726.89760004944,573.868969367423
147.0,501.66466071703303,183681.6517169262,683.9567448038312
147.0,383.9803691643925,606847.7196493496,604.7223856130161
147.0,382.6556506712631,237300.2962181348,669.391252315213
147.0,567.1607014803302,138606.64766424373,721.8555294135789
147.0,505.87729298829424,80596.3341249023,768.1982071981839
147.0,429.8479422803343,297735.2139979997,647.5553473037158
147.0,594.1609922162526,85648.42953632503,703.6842909541633
147.0,686.4137971717012,22960.600598986402,677.5276488907368
147.0,563.2859552328295,137794.03456040967,733.1469355862687
147.0,1088.8211797958577,10446.124808682078,800.4372449349128
147.0,426.74141622892864,608387.595259396,592.1688669603648
147.0,390.4563809513749,335550.6064814069,625.4060827903461
147.0,380.80554559164733,549380.895393749,650.063845340643
147.0,361.5376106663893,309875.59098173614,660.1511960641358
147.0,343.65254185551544,609681.6109801449,633.702831125292
147.0,629.1542154011053,90071.10380308563,670.8607279448875
147.0,385.5867613081752,784826.7205085007,597.1074030688277
147.0,435.5477237945336,778197.9327137828,579.833895492621
147.0,632.4023111660214,39588.33269328002,751.6567986552457
147.0,383.21158416058023,346636.48434391676,649.5435518767838
147.0,440.5032115015935,493379.2604840972,597.7404813464133
148.0,547.0551492411367,135356.49702980556,685.7219778894867
148.0,464.60798609304686,284097.4672770645,643.679376139971
148.0,376.570383511679,580453.2432799812,596.6898597645741
148.0,443.55807547904374,301575.726456695,681.2040998001291
148.0,465.44889263915945,227472.6040850126,666.2715589326406
148.0,379.20632714096706,301706.72034558345,601.2927810620836
148.0,570.0957075422656,74931.00421315702,676.095724431591
148.0,351.3577668630443,331397.2973581396,655.0739900796909
148.0,612.6182088001702,42663.88749708481,725.9705401568383
148.0,574.4684766062262,53821.28659553429,724.9169603134429
148.0,333.35831784507843,357052.554724905,619.9146496399375
148.0,614.6629430177725,34846.84098104438,739.8097824519916
148.0,444.4582015722198,246482.9678862981,658.1232182546916
148.0,331.87459441991484,537296.708177866,629.1598556311725
148.0,352.0239283239478,555647.9280582735,601.5296336207435
148.0,694.7668333269461,6490.211014712618,712.3538836830522
148.0,506.6170601919473,98896.49376200848,716.5793013822782
149.0,610.4816731520185,69505.39506429536,713.7609874759546
149.0,329.92533393682896,352746.2532537226,615.9797401850884
149.0,464.4996599139139,661988.9530689925,568.7342834488323
149.0,403.4860491427567,260152.2752363842,642.2003497575853
149.0,406.5963744386535,708207.0484489902,586.2463436653762
149.0,575.2705583923901,90236.24414204534,722.9528154013351
149.0,504.1779787141958,361809.8222070411,575.0376838701033
149.0,661.4324104093395,27054.79980455779,773.9872347529445
149.0,678.3743648954021,92268.40467281216,712.1786412053486
149.0,408.85223269211815,390314.35570253275,605.3140508676051
149.0,594.1455170765076,213534.32276676552,643.5856643831853
149.0,404.5904738513105,240830.0893412348,663.2417111671572
149.0,366.56814498703176,205228.23550157787,685.5345840891003
149.0,625.0486442654125,152809.1298014993,602.7368968013659
149.0,480.1757000324738,333045.46075646364,613.2189195828519
149.0,724.4571876338996,49741.54997185713,765.2221768645588
149.0,569.5849455886598,139450.58722254768,693.0520746498229
149.0,445.17225271817233,180794.9000923341,698.7224750126879
149.0,547.1382298241772,99125.2737472457,693.9198760375876
149.0,380.37312183524614,433696.8552709264,601.1458537015191
149.0,476.74177117213503,387141.45812379225,604.6121959586533
149.0,353.4535711858886,854851.5499835751,589.5578697306448
149.0,440.13731859141626,334723.5213261958,629.6127148834287
149.0,677.7180178910955,109440.77893079192,691.3898134442281
150.0,471.9923150826381,419791.251573375,596.7714993509061
150.0,358.73457058116384,332520.9842490195,620.4947052186545
150.0,568.3150427267104,71022.47069532538,751.9348974181473
150.0,427.9394053168055,501322.5857464638,584.8987604660438
150.0,345.48432183116313,535095.9368643659,674.7246516332954
150.0,595.9433161180203,70205.44128759869,742.8604124241698
150.0,381.33983204070114,478065.2948833937,601.548713684222
150.0,369.63800402522395,314564.461360435,679.5393533360856
150.0,388.8878463130763,310269.70469676063,645.5668980879382
150.0,520.9129307232485,73898.06275398182,714.9007696059512
150.0,432.9627152796779,278649.1605272667,662.8386206982267
150.0,629.1675833073326,14074.235082912692,732.1807665135925
150.0,397.2317021766804,668697.8085676833,601.0848592156316
150.0,337.75970103657323,675415.1550227249,576.1240215786897
151.0,908.1638955996078,44112.366218166266,733.2782889105399
151.0,344.9740292423514,664179.8548332067,627.1306831753012
151.0,780.930206338815,36497.00731623963,750.8654688290336
151.0,469.66582662237187,175553.85287483252,674.9031489407215
151.0,333.3694472921307,565246.3994994434,645.5676871493657
151.0,380.17020647986453,376816.27592991316,583.7629950985432
151.0,360.4835738500491,630886.3521358415,618.5435017055365
151.0,832.7730547024884,118260.57817612615,698.8869863343747
151.0,449.6792389265779,353694.5306478041,621.350409908727
151.0,339.48153505270244,336851.5960960497,629.7148766197691
151.0,455.30953950438527,368726.46014774765,615.1335330421026
151.0,327.09984457451907,566381.5040976581,641.2435195997625
151.0,430.56790159046506,302711.5329488701,629.1470467248529
151.0,461.81814099978635,237562.2800209023,683.569193028565
151.0,661.7222198741888,94042.30463902744,738.608548507687
151.0,662.8007246289416,43924.396806180834,753.5669897299584
151.0,371.59155762273326,709858.8442988714,615.2882780820096
152.0,394.4332371347151,249098.09240579125,592.9410536706962
152.0,426.0130521042235,505821.29359325505,583.6400386815126
152.0,746.1760614168799,84456.06842609367,721.4190081552644
152.0,556.1530459296256,73169.09330674651,733.0931800783384
152.0,366.8894549163864,671446.5423571727,596.3341134519891
152.0,389.7332292393824,767158.6743915146,595.6828708935968
152.0,403.2239032236211,716057.6860646036,592.216367822817
152.0,697.0176506335341,55422.83183038751,735.5058005635286
152.0,382.5145422875151,350727.7896195015,630.6773892285045
152.0,708.4906090187385,123265.05867984149,704.2097319568863
152.0,440.8751102412137,248499.30024426934,662.6324221064979
152.0,423.4715781677139,243071.41435471177,672.8717476340186
152.0,651.1660076049542,140534.6502960481,717.9106869685904
152.0,650.281669354068,56386.609304049234,760.4203262718961
152.0,345.7900790089706,586706.9424312601,627.1723521126337
152.0,379.90001611942733,246427.6868883448,677.5758318453795
152.0,722.2634815178377,101767.40219769056,724.7900758775118
152.0,688.8532745683852,129454.12540190945,709.9996607799033
152.0,442.2775030081084,239209.3766388705,671.2709239564991
152.0,365.60398862642984,462070.97669120564,598.0242921174334
152.0,932.3595928075514,35690.53595034917,733.1378903795869
153.0,480.7718504168331,200213.465684461,664.9703410170586
153.0,409.6548427740761,362263.8315498813,603.6546205459558
153.0,381.4554478065816,487109.77271225257,609.6878803591798
153.0,384.60097380514617,376325.8132650914,637.3756688513937
153.0,507.1422758621113,234493.63097476077,624.9218474213682
153.0,1196.8704184027574,2726.9767680523346,834.6959992727706
153.0,663.4009126183371,31869.023938207763,708.3610419279282
153.0,632.8136141618479,41053.93382738306,757.3571163762916
153.0,638.8534128598559,74340.78552751531,681.0641028465138
153.0,796.1329857298094,67158.32909005928,688.0439655108509
153.0,438.90166983059265,704331.7075836487,573.3558411620454
153.0,461.39058226251456,196906.34045313465,674.5968333590728
153.0,628.3108773828988,81124.51024709876,733.8460652012658
153.0,551.6063409607738,190163.70083685342,712.1903538224861
153.0,574.4208698202364,125398.10778777377,714.4971302850913
153.0,357.3761812764892,623263.3403198461,618.9458975114088
153.0,422.49109434683834,338109.5109718864,633.1684043603535
153.0,373.13398961295854,497710.87624139176,631.2125002645521
153.0,402.8296614586645,543273.7958431337,574.6192242367233
153.0,442.39808955134515,303188.88581194077,624.3661745968276
153.0,387.1858944777645,398928.0664721491,623.3689176067271
153.0,375.3501253097172,628567.2369609787,604.4523537625546
153.0,375.7283309194102,423438.35019578855,666.9531029488537
154.0,477.66530691772783,458499.80498421827,591.3832204086257
154.0,768.3379653051219,7753.8763706316595,753.9879407035132
154.0,494.6486175110795,114932.40371858368,669.6956331800832
154.0,424.27738329685644,558436.6442545177,611.1517001194044
154.0,636.418127604302,26840.82856203848,706.405551426799
154.0,398.02725029704214,522672.0270576814,646.9652955218177
154.0,471.63017746250927,527664.3482656607,615.5493664373149
154.0,857.9081824783931,26073.595428215976,741.1538737335324
154.0,542.9416493825314,51183.90832443417,746.6345316915671
154.0,360.3016013906053,585881.0806571334,613.2197362655672
154.0,406.46521203695863,553974.7359129041,618.1211508586296
154.0,454.37693259411867,359807.4912794375,625.8797526711174
154.0,699.6170882329702,78942.99461647858,706.1887344173738
154.0,400.1689866368233,267380.25820775033,625.9025863999293
155.0,463.44506750184394,405276.3557099544,619.1540182398414
155.0,613.2961327823367,142509.71370254148,702.4522056019218
155.0,436.608863120955,526611.1731373111,610.774018575069
155.0,411.58880246676733,502357.2306314589,646.3228221163959
155.0,450.4387620761751,389889.72804427124,683.4369569464619
155.0,632.0600615957416,69523.10379132275,720.1651973801477
155.0,438.33184837461573,877624.6926744671,550.4077290724633
155.0,419.7683602980386,414180.178908937,616.1333648378081
155.0,618.7559045589143,168688.0386389175,702.3822003081685
155.0,832.0845877363132,7080.767219717511,751.3178739958516
155.0,572.3629658010046,127886.03971865421,755.4841800266408
155.0,343.83802643332876,618334.540733132,575.9394118706733
155.0,410.3189265721546,561746.8814003146,616.408990780266
155.0,708.1383073569144,8670.182346446432,770.2291937330139
155.0,462.0274004217458,412906.29732315696,634.2311266007015
155.0,356.50895211795756,716512.1454447967,567.5044052025132
155.0,372.7352207680542,448143.7640520683,660.3822048429319
155.0,671.8412484500169,39686.14803687879,700.4823173400796
155.0,399.89199028414777,474053.5905827119,653.1651181528349
155.0,456.1526151327362,286790.33806068375,682.9021660691185
156.0,581.4369963903795,22781.318303185497,767.7398560742595
156.0,540.4189326379603,73087.51095437582,714.5969416851536
156.0,405.37849250282875,332512.97314663284,615.0482511405179
156.0,350.5503453357217,389060.3804849021,632.3599579315663
156.0,764.8927179423754,41285.51244180086,737.9377076281385
156.0,532.8721888633372,182666.05829070095,690.1902127843967
156.0,423.39034314468523,290666.2871568811,671.3491411651004
156.0,365.3716296904952,470508.37085907155,617.3529325625852
156.0,381.20315811578416,523944.53631255886,601.44694767467
156.0,1047.505065179166,13394.588887183176,819.5368733782395
156.0,522.035167879406,70990.30989639643,726.9533821271328
156.0,462.4440838376306,803204.4032959422,586.3536381421104
156.0,466.6279728343431,454472.3600008474,613.8855214031904
156.0,591.7050612826024,15775.828354405585,738.1802671386481
156.0,791.2258534365053,57450.13432500887,726.7517212891458
156.0,585.6289438662716,48222.38877372989,728.2764447682473
156.0,1116.5436678866986,9797.787384797664,827.1183639801222
156.0,478.9115680637608,198929.45837440263,711.589390140303
156.0,480.19238212128323,267435.30530489545,660.1946673241947
156.0,384.56352026001656,390300.5009636022,620.0501749962883
156.0,396.0194649790802,386063.5894996439,680.9343376630062
157.0,569.9678423095572,30089.78273996524,707.5575530264399
157.0,346.0532406547742,720292.8310869973,572.1270865277168
157.0,404.0562867278465,285292.08089831314,662.468246968019
157.0,343.2374770432538,461568.71124803874,675.2329297112037
157.0,391.96795256270275,1016086.5471823731,566.4123000019547
157.0,710.6598808323367,46357.90354171357,682.7951689328914
157.0,366.528284350135,481574.623207321,579.1540440950675
157.0,608.9080239566439,87141.93157048429,674.2334956809161
157.0,476.662771392784,280327.778150194,640.9569766585801
157.0,355.8426011866637,473894.8568018281,651.3038393590303
157.0,729.6722834674345,10051.370810719944,761.9878374629221
157.0,363.0146990760468,309598.7344590774,642.6041892300337
157.0,361.2416184703448,588581.59060193,619.1245376071973
157.0,454.0517079244792,183251.70964770997,673.2565358108108
157.0,637.7649795051127,22801.626213271586,719.7640804426654
157.0,331.85363728865815,516595.84763936355,695.2829815339301
157.0,408.9632579226625,324852.3475115326,614.0598971954685
157.0,353.3382395214392,641118.0344285514,604.9016127953645
157.0,766.5731981108495,21644.001182473687,734.9543720592627
157.0,492.6867437627022,224741.9211507961,654.956656208726
158.0,369.7917069066669,468126.4200723497,635.6154826521589
158.0,562.2947052312683,23241.07759282455,788.2672701225838
158.0,339.9004488527174,647204.2185692667,602.8536483123576
158.0,662.9703218680935,28646.852567234357,685.4217584791662
158.0,652.4570711068899,63369.49370903988,750.711124678795
158.0,601.0788259178423,63528.234703639995,717.2179652957527
158.0,424.24411240616837,199362.88701625238,617.0387112624385
158.0,380.78303536241805,619756.2780723651,616.7210852027379
158.0,381.8612754666839,634212.4623461814,582.8768003293295
158.0,385.99367144003116,604065.466662366,593.7545036890497
158.0,420.5237310840418,631070.0234362672,577.5597632184802
158.0,416.4246608586187,401189.7119244953,629.396021635935
158.0,340.5146143600588,280743.8500698561,657.3662413809283
158.0,389.986952951935,462615.7126048524,613.2540299475401
158.0,801.0650024123566,24698.98669701391,738.939698714188
158.0,603.378064971247,82564.37432282121,700.0238311837776
158.0,375.60292441032846,623373.4290116555,583.5739401292266
158.0,520.1462045308709,503553.65753097093,607.2298384701986
158.0,627.1249093754202,31829.27303124398,772.2852226730638
158.0,597.5198365778309,71860.10224343406,760.6176768590245
159.0,756.3067194254321,16348.923516142688,732.6464380179697
159.0,376.66405443848413,583102.4982194578,603.1316029683843
159.0,360.2224717061736,444847.5512744302,628.23955654668
159.0,343.2980545051806,324137.5311729523,660.1973273407439
159.0,427.7087910485484,219832.41971305574,629.9884289084422
159.0,389.5865990772462,451539.8410419657,611.8106681490101
159.0,355.01336234710504,525814.7855067279,654.2887579662931
159.0,794.7704815019372,32560.861479123825,730.2712422793942
159.0,308.8702794232339,604984.7381273352,612.655485846454
159.0,402.0657067878701,325220.4172675906,603.3266963692465
159.0,541.6950570886337,112057.27853874423,723.6057551286215
159.0,613.8994281051957,34248.98477493768,698.0597565705843
159.0,390.6214592932036,388674.74627539475,643.9817919589569
159.0,594.8947951672225,27950.101121661977,734.0349487956487
159.0,816.5100869224837,19885.5079067057,722.9317568519087
159.0,550.650254843383,94872.29771106123,731.2659344122133
159.0,378.09009406124505,170351.41540545196,645.7638063493739
159.0,394.07244187816235,403117.9843490001,629.4860002601896
159.0,355.7497853428911,542213.7078576144,609.9714332706882
160.0,352.21876060873535,429861.35014649987,616.0390909856436
160.0,426.093007446886,456749.9763842009,606.9094621052983
160.0,522.2147059527977,449677.351949953,595.6583875023928
160.0,676.8809883371556,30504.22818171645,702.655175805557
160.0,430.96932764572915,295778.9128441994,665.4119147223001
160.0,496.2900768969296,1034411.5960175388,596.3842851523123
160.0,403.6177462752902,157278.0181114644,683.093309109741
160.0,580.9741026678242,47890.51114270856,741.2981767980373
160.0,534.5867902456021,127644.645756814,718.4699797096774
160.0,360.4644378951565,349190.288115473,607.0192910442755
160.0,690.0024956601369,128416.42362491842,663.8744756200526
160.0,335.28150900179304,442787.5571882478,658.3199663413604
160.0,904.4827319703112,70897.08885765895,664.3508876477587
160.0,854.6011707343021,15915.361050563042,722.5759082874188
160.0,584.0611660827697,46651.61633564256,711.2635655039344
160.0,417.1818132155716,193797.68292514657,677.8756824324474
160.0,560.8498214241297,90746.0420491591,669.9128469782698
160.0,455.1618494028029,157687.58740063317,661.9761761164389
160.0,631.2713245882528,27326.831501103152,747.7262139260648
160.0,640.118459140377,63976.82676964285,700.114422588593
161.0,515.8627055585634,253966.31864197267,616.8756517718103
161.0,543.4989050735034,84092.42516682112,707.7726615716912
161.0,453.76318750663984,246343.1958742191,662.7660601905737
161.0,628.4843622905022,40094.95197008646,756.2042783515742
161.0,662.041127443277,34953.95875098307,708.018386987698
161.0,419.6722401029401,305282.59692617226,635.2361809302922
161.0,649.4707865235067,41895.60309119278,724.782622044066
161.0,653.1622370050021,129501.12219577018,700.3221422644781
161.0,737.4700903720158,22410.534463480024,707.4389665016023
161.0,1122.9156012109581,3682.4530358499524,868.8567573702604
161.0,395.5734423437651,419714.7426106857,654.8773731573864
161.0,333.23359249612275,685175.1597493364,621.8635253530226
161.0,395.8740132731687,358702.36667032575,627.7116061455201
161.0,403.6486306268474,531790.3875669737,621.553038814109
161.0,369.0633696035168,255352.38313488616,672.5787424553813
161.0,412.49089028125485,444999.4893123947,588.1804477166347
161.0,357.2955183479732,335676.6172547058,664.4883768890012
161.0,335.6478052388125,656109.7447190705,644.1022235700042
161.0,370.03743602649325,586009.200863243,581.9757852948566
161.0,712.249005510128,37556.9848722763,702.5192756299259
161.0,359.87387141219784,358167.77085127024,662.313956805357
161.0,405.41206902922,188032.27309659446,698.3865133854772
161.0,695.6374144031615,23331.931479945757,749.8020550171584
161.0,796.1541100434888,99467.15975260321,677.8935568413893
162.0,626.062346814595,44071.89975870434,704.7974630378036
162.0,1181.93829330483,555.9558001685839,841.0150357132109
162.0,424.84066526766037,331296.9434135296,641.9904952588921
162.0,664.51616108594,16852.841476485984,757.6257339011659
162.0,576.2726759012161,55965.66967062129,673.5998284628041
162.0,568.6770037195417,35274.36467401908,720.2013090246957
162.0,422.5797922846283,279917.1430908434,649.9274195499664
162.0,417.0451048679115,608496.0028918469,575.6118109249547
162.0,381.69501875288125,661017.9493611066,599.1224267485351
162.0,395.1919018288063,317673.64451326174,694.499570646965
162.0,688.8074020076434,15987.589440831636,718.0408605859504
162.0,496.76329043851035,255828.5517764318,739.5434806892847
162.0,851.1000142236584,5885.655179701343,758.3723256984713
162.0,349.7147117735254,371469.9369503459,605.323054528237
162.0,373.4812521249569,829466.4545022245,565.8887644729842
162.0,551.2742323187136,150406.53103449737,685.1721793795559
162.0,1074.399854442589,21595.783831680706,716.8091238993497
163.0,576.5237956218808,46218.775534226545,740.9288852461212
163.0,393.8060372513128,176813.48895542233,690.9894225606985
163.0,401.78673169644856,420770.2852945754,629.9568788751218
163.0,483.40997991100704,348722.2599056883,619.3404534333209
163.0,377.0550818526227,288068.61320707947,644.8695045725094
163.0,586.2007920587704,56606.020767443166,691.9213317754078
163.0,552.6483468081644,78224.07562288469,717.9235716946355
163.0,412.28309370026363,241248.51163454886,645.9131042947338
163.0,497.412161488198,414863.76367762533,584.3343674483187
163.0,466.5770813360653,162600.03127724383,688.2008087013662
163.0,512.8744242776664,236832.56256028806,625.1515916559639
163.0,328.8049405280758,524266.9806637146,575.7854998397545
163.0,444.1496245237854,288857.4346873205,636.6909697741112
163.0,392.80518006525733,475238.58382938127,598.0459121243648
163.0,682.5298925719081,55554.104841133405,725.7797503178181
163.0,531.0829289001786,385931.4479184635,592.7854142917333
163.0,450.56322494678057,253429.55729405652,639.1328023394187
163.0,482.4718403042262,302421.34711196413,631.7375229085633
163.0,512.8634444794844,206549.63572944456,682.3749991429436
163.0,777.5846515656792,18713.787166350707,753.4824688367468
163.0,741.8952341144202,20479.82407190351,726.93648723734
163.0,411.7309495677341,390701.8137519238,628.5271329066255
163.0,459.9019144716477,391922.8152558948,626.2234519662493
163.0,374.88127238491035,458829.2422326696,604.0068570610629
164.0,1220.6953376020165,6187.037243767203,840.9964821569295
164.0,639.4227999408874,32093.785171836065,719.6531076983832
164.0,423.74161724897516,408308.9753179038,609.7597719674166
164.0,597.6136038308728,20794.178288073603,759.3802057654502
164.0,1131.276782643079,7699.612708597288,819.4660620382319
164.0,398.3934016143863,371273.4767348652,666.7085659444269
164.0,542.4048887936209,334252.712878079,604.8477387173816
164.0,406.94922531493836,193384.66199964672,676.5831751655305
164.0,368.4519952923284,372726.6055416802,636.0269460425015
164.0,355.0117819667146,418582.35636566585,653.2101134392459
164.0,517.9388001502693,113646.21501254801,747.2407878644276
164.0,354.74559036093945,420699.4254982636,593.2259624451639
164.0,418.04871543721555,343247.134556719,627.7987249807223
164.0,582.2227444676524,57999.83777853081,699.3753047043094
164.0,728.2123637028734,41270.35141046301,673.2748111306214
164.0,421.6112734446913,645227.3391121062,572.0372773559492
164.0,469.6301983032863,144231.70664841752,658.6306197760315
165.0,413.97678837731974,982416.7646524841,563.512206963423
165.0,402.2455262489389,494784.92651550064,638.5099723725692
165.0,416.08681541264554,315511.2901469893,638.1378372516441
165.0,625.3676658371836,36818.09648562722,731.326698958226
165.0,408.9607685671439,387214.93179611175,637.3438302856978
165.0,640.5660016053326,71796.48834902355,699.4521768829345
165.0,361.4087702754246,231416.70295227022,668.9132429620618
165.0,350.24280077094977,808228.2614390972,568.0718494758128
165.0,477.1409826791058,256146.849506709,653.4292068718831
165.0,331.9947141471209,657318.1285930953,583.019689558961
165.0,766.1477904361947,28124.4109571627,744.5114597221915
165.0,359.5317069626814,502371.6980435975,575.0462997141306
165.0,564.296431699276,207085.59878786968,684.8418359827343
165.0,386.16315253011055,431218.6597313098,641.2573114110254
165.0,416.3176067118639,317793.57571270165,619.622438647485
165.0,549.376951950575,46417.586309806364,734.8082728499892
165.0,657.2090397311619,121410.61038834613,699.3190067524571
165.0,531.9211722968035,82802.45499006403,745.3388913345964
165.0,418.8469607632485,273928.7027082531,642.4370689646597
165.0,449.0200776375842,464871.42922673014,598.9296210005948
165.0,662.6030252402105,62751.64467537494,714.8703505424193
166.0,366.8672436351371,376225.56700011104,605.4870068327629
166.0,357.3115752648192,612571.8938491188,610.5317854571931
166.0,651.7203343210685,34999.062988461534,700.7186833034231
166.0,537.7362937429461,35994.789306964616,696.1715277213885
166.0,506.6242768333944,980921.6512019546,579.9455274216642
166.0,472.9238409626885,267936.3370008947,636.2306767384941
166.0,386.3110211097429,333907.14235172526,594.0064131192134
166.0,458.0972217656498,314960.6489944039,637.5948828024497
166.0,358.1332899242803,453342.8332543637,622.6294865383253
166.0,376.1574170620082,454697.01603894064,595.2056114961168
166.0,316.18445027422433,501311.84758116014,625.5442673901796
166.0,425.19193857336836,252198.52141675126,705.2289590995122
167.0,592.0071161114279,30548.566857001755,746.4425520931001
167.0,429.54646961953983,401106.5672376377,619.2227656392141
167.0,623.5955208961313,71924.46419916268,707.3623367452237
167.0,708.9821826545767,33469.71554809201,721.7846559914951
167.0,932.7300947574494,20518.625735890873,759.726095404426
167.0,347.3594499580772,593473.6883034545,599.2660690189119
167.0,383.56760900151374,408672.5140261988,681.0332751370073
167.0,362.98763215816064,484878.4336659518,622.5163621290592
167.0,732.378329956749,23138.087795525425,750.6178595696076
167.0,489.0725302722455,249556.1935566995,625.95769982511
167.0,395.9019853793086,195106.70238445175,660.7309434967057
167.0,350.45578627858686,513540.5550822882,630.9487336938005
167.0,609.579174011101,63868.26960212645,734.8476996720308
167.0,680.444848151973,36300.39817208796,716.9162667557292
167.0,474.22050387344154,308545.76040361234,643.1875767934469
167.0,487.7933231876087,185821.90067485924,668.1667989085508
167.0,366.5274343415324,712535.9841360775,541.0211789993233
167.0,403.5148583382854,314009.7213614546,658.1988850450925
167.0,784.3341667142712,68645.95599524218,667.2799085075386
167.0,570.2893646278263,177826.61714681415,698.4284531535653
167.0,425.6388159375719,285675.96243787673,660.2382294811548
167.0,390.59200103982664,238907.87226626443,689.0240679286841
167.0,445.090967202746,210318.08327368586,650.6846321435963
168.0,558.5801944103391,78938.1395264388,708.6871829487613
168.0,452.64568649441094,723100.6807004167,546.0312720969821
168.0,474.46523512419657,128646.17317777843,725.0766505877507
168.0,745.4343944142366,9306.433670821903,758.2581471219545
168.0,331.6453551580236,254716.8874982629,646.8082024853151
168.0,635.777872530009,40202.80489655806,713.8675484825542
168.0,594.2970981325674,30945.204529390954,756.5082344703306
168.0,565.4004528782312,52636.87712210299,753.910921647543
168.0,372.93887769432604,461567.78290560853,580.8753691407721
168.0,427.67595672812143,199391.776017,608.1305683220875
168.0,592.3771616421589,41661.494495458974,715.9370344542962
168.0,352.40176327431783,367085.1178477769,618.8267295699263
168.0,555.9004825693667,120468.79232926802,719.8101192200875
168.0,920.4898636983347,17319.395052186857,699.0721210507877
168.0,530.3351697006726,53249.43587817934,766.2894572582136
168.0,397.0086813646846,1045878.7167128499,576.7701790553265
168.0,538.5515926394211,143698.2372775344,716.5753677470302
168.0,405.9779224889525,365496.13332683995,633.7011833959308
169.0,372.9247892756416,417128.2519010321,634.7796340095164
169.0,410.8017432186953,403223.340267234,640.9579175890964
169.0,632.7825064616868,45516.33675212354,732.0288666876115
169.0,552.7970186466064,31420.515080832454,759.145216282263
169.0,499.11370882578336,457549.1688185486,595.8176925049102
169.0,368.3378301385037,124389.63480610696,682.1728864498848
169.0,486.5167550578934,410342.2447717425,621.9358045111236
169.0,469.3380954301665,208820.9638511829,639.5088645162036
169.0,405.62465367287723,450334.6440009067,634.5913529478917
169.0,351.78779710951534,440498.6476622507,667.3114620045303
169.0,685.810265010702,18346.752814019514,760.6921633826314
169.0,458.54104339091674,388482.6505928026,622.6382162324246
169.0,434.64078419911857,365416.3012647391,629.7665088391396
169.0,692.7678300640464,3737.647186834327,756.5836674935325
169.0,394.42010490079707,461583.3314384081,575.5574036039669
169.0,755.6961528942152,81537.4153625284,699.7111111119303
169.0,390.39485666645726,347000.3355418791,658.635156155483
169.0,728.817853671456,121414.28964537127,688.441251284445
169.0,804.3346786719436,20859.27975853129,752.1058721166255
169.0,609.894824254484,70751.51486210941,706.6008928493783
169.0,459.21383912583036,283930.8542015099,644.8690172168848
169.0,819.8653799072097,32466.753102671646,723.8463511740638
169.0,689.9301527037206,31379.256147261694,745.060643649366
169.0,352.3081112325629,631312.148155755,596.5789827340095
169.0,710.830301037787,36099.39504482442,700.3020952618101
170.0,552.5233573626078,59888.134697113834,678.8329028014756
170.0,611.7693920881078,16370.710542106626,730.2885977544964
170.0,448.54852302797843,279778.2903033166,610.9904295774807
170.0,458.29308835222474,275019.9887838348,697.6480711734436
170.0,505.9220971906852,200200.09763635398,702.5123830761171
170.0,353.4866893175498,348115.64157047955,601.9955825520548
170.0,710.3270819482478,58260.44280774253,682.9093089381915
170.0,420.5880297969565,287232.7827652534,686.0346826446449
170.0,455.3276491893722,141703.42084235308,712.7552263262227
170.0,697.4691634364491,34356.36223006715,721.3803395531954
170.0,422.2926503999283,168815.8531479961,713.4090095440208
170.0,481.7377962738362,214372.20033776006,696.041569477769
170.0,612.2170876245048,171397.0391570325,634.0097537951101
170.0,529.8517052321672,38489.46121898843,713.450394428478
170.0,756.1163060964433,111850.13751580052,674.6651327826679
170.0,624.7442796655374,2555.7976167812885,759.105197252985
170.0,845.1443146140863,11368.342326142632,736.3223311992961
170.0,606.2957651157567,59617.51133511658,703.1985498985694
170.0,401.7155880275066,410997.1740339432,594.890756357442
170.0,415.5884483276558,301795.8099996184,638.7770964573546
171.0,682.9858864075351,575.7517434402123,742.6305218877006
171.0,608.1445873544634,69670.96774154759,674.6265744842822
171.0,588.4234665135418,178368.57399432137,664.715691847178
171.0,390.675006077459,286483.7883658341,603.0416609029586
171.0,380.7083525296911,330013.10906008974,717.2849574663101
171.0,548.7051134532035,104259.69556235395,684.5862534627121
171.0,368.3029500871471,465577.61932408024,621.4639415082452
171.0,602.103553412113,107907.42248894284,671.4807330393639
171.0,334.53723755512425,507313.9399394088,609.086452691057
171.0,469.8007035828508,263003.4017489734,628.4201227725463
171.0,556.7304182305612,70710.58408419872,719.1917739900863
171.0,653.361975168011,28208.134921756064,698.1821200433485
171.0,333.74384182539467,639935.8690705242,643.0796973734344
171.0,585.4805760257198,24187.879267806285,725.165718476416
171.0,378.7633666748194,360772.18313533993,643.1808739712097
171.0,424.5591678248694,445176.90211470233,582.4729596411128
172.0,331.6720077474559,301716.32928526105,627.920509864093
172.0,391.48749906865595,377626.4089329559,613.8316667922913
172.0,398.40299642731236,531962.7421703363,581.9132320149928
172.0,628.123613768142,21486.35090136234,682.7728297309131
172.0,338.3162714008125,532865.0612696168,590.6900357185142
172.0,356.98337250031057,449640.7227341621,610.8081864480794
172.0,567.7915905901608,62516.5691477468,698.0857300340056
172.0,606.6501468039352,84682.51217977011,695.8126172836484
172.0,458.88802777569555,164464.3000266776,645.8366793722554
172.0,533.4759574394193,105468.16051426395,734.8955238229287
172.0,384.93743613845254,420415.2012452899,606.6428342975684
172.0,373.3919719824729,527161.2448754781,590.4922133953863
172.0,551.7169833186002,151357.71153799375,694.9677976918608
173.0,367.4877807786787,267625.6123817565,647.9178931351436
173.0,409.03339374391516,687792.5019789435,580.7653109665602
173.0,467.42959838790847,202191.32907505424,695.3856806217115
173.0,415.4512790342462,397841.51578318013,605.2711347091458
173.0,686.5994413383271,16798.153606355787,791.3132900845362
173.0,325.0641729139194,525729.1933791571,634.9726621212317
173.0,340.6851350521649,316632.5643220529,625.5454570906494
173.0,944.0138500017681,10207.420060453302,728.4127375085649
173.0,391.7235301131014,504950.9439396275,611.963150664543
173.0,541.086991259335,105731.0253840912,724.3819505310285
173.0,379.8974700632279,287390.66405337537,645.3992810674481
173.0,406.80775114841725,624273.848766345,594.3105251978022
173.0,327.9935186155302,591669.6071315045,632.1674321196415
173.0,383.52906309951015,369516.9892560049,624.5688817571238
173.0,343.78382937663673,557802.7446099564,598.934009671943
173.0,413.5239652044683,396522.96986940596,607.6910516639385
173.0,613.4976125689833,70455.56329876847,756.7099317573677
173.0,627.0830743663955,75853.84207366525,742.9370740883596
173.0,422.4590989589788,243581.4426142114,688.0383525586551
173.0,715.5909965634575,22546.19061890238,763.024053744793
173.0,741.7967813662754,11520.673866549472,725.9174517323736
174.0,923.7135644129427,18509.588620116756,680.944358555388
174.0,531.1785419790549,121137.61559090416,707.8464510485649
174.0,644.2312006324324,52459.643287763494,722.2935501048929
174.0,739.6665204561795,20803.231613061187,717.094162876914
174.0,437.2077865615237,178537.44693828933,656.2370550436693
174.0,409.914082371432,867912.1806048981,575.385921450895
174.0,646.8372570798398,106431.39228637058,693.4347933381099
174.0,391.33612394422863,726370.766252906,584.8107985781022
174.0,477.4428272308259,413851.9174062735,587.3211986508645
174.0,378.42328438018507,228056.70228229527,633.6596104777158
174.0,600.5897886698078,51553.74388171397,726.6788267307749
174.0,549.8037783724803,106808.24344463718,747.3365071499542
174.0,605.545946157175,69931.09842645784,697.0200409483941
174.0,358.50591268029353,659092.2347923067,623.5129255833151
174.0,457.3623151320165,719296.086830333,588.6304516466117
174.0,682.6344232308135,18770.941970562228,730.6275554909006
174.0,414.7473398083515,537581.219376699,614.9008887686118
174.0,387.30497117896925,499889.6813703707,621.2347290085
174.0,473.4957209077229,408027.33300285146,596.8769794069638
174.0,334.99258060511966,882765.9508761378,597.5038127058682
174.0,379.2257562161851,557965.3593895057,607.7301583066002
174.0,347.8797176443458,657736.1032779395,635.1148898227834
175.0,625.7605728241749,61067.71590925173,732.2858933854565
175.0,1091.1417480196544,16968.803417617495,860.0446785852548
175.0,717.9607632739842,47096.12137241941,728.8613326986577
175.0,703.0049010914931,127792.0672683855,651.9312325337759
175.0,550.8610433291523,305278.8046788371,647.3272325333645
175.0,389.11029102963164,686979.6815001797,591.0742711475066
175.0,308.27685609704463,508115.14859016385,620.5576435634966
175.0,574.0748451676616,101097.83211172018,695.3966676285937
175.0,570.1694884690447,155832.19234584787,708.0871610614861
175.0,590.7766498506478,92421.75792594673,686.6581346346811
175.0,432.9189976487553,411414.015589494,610.0699773853966
175.0,1180.0106369686234,16598.988589235767,824.2256994314882
175.0,392.14809486073915,612184.3270442426,591.1191798087423
175.0,359.1347910292023,431982.7497371573,635.1513281908494
175.0,357.79136532133055,676756.5154678836,617.1894344967329
175.0,563.0217353725355,109108.20910547,738.516904978272
175.0,357.97467643613084,248516.67946128605,649.0679970082512
175.0,467.3215285642721,738441.5227918023,586.441327114853
175.0,711.3132322487057,27854.851100808784,739.7975619250129
175.0,636.8915936326715,57707.53650502446,735.4995366666691
176.0,520.7513417838311,111344.32792723642,713.786679241479
176.0,712.1937301874383,36393.462303747554,794.7033223351817
176.0,415.0586751574167,405675.95889775123,597.6047579361359
176.0,737.6635132402174,23903.82136689598,699.3522648331381
176.0,479.8089779283509,445570.88128293905,574.5920757797086
176.0,725.864147575509,13168.738416125576,749.0081464718222
176.0,434.0999769984538,395262.28465606034,635.5401783887675
176.0,607.0697857854009,70768.15647983986,696.9328598801195
176.0,429.7548604001968,263427.32657104085,654.4710047506459
176.0,448.51078013552984,332691.01112763444,632.4869299268905
176.0,675.4686687629596,211273.69216694907,679.2950668875085
176.0,595.552418499688,150321.61040891425,700.3220878724361
176.0,723.0099363873846,26330.545428317753,753.2918446313518
176.0,422.75215905928115,447469.48116292944,596.2595117703315
176.0,692.1004573440161,64571.932558401204,754.6541628075577
176.0,619.0228354128559,134642.65905385878,690.6512614154001
176.0,377.8599937977334,493271.0987576361,616.8873921833242
176.0,817.1839258718469,7315.170968758491,779.7125629965313
176.0,369.5075310641976,340379.209257406,643.1873478128757
176.0,368.87929867355643,656801.9934833007,623.1056713731977
176.0,330.0655815854905,366488.26764626795,636.6863538973208
176.0,447.4270295786172,241517.12326692187,702.5343407336115
176.0,561.6636530448707,66389.92742527684,724.7257265609356
177.0,366.386535167973,282019.6869219693,618.9276476169775
177.0,793.01860765519,7653.939609998367,749.2065445405051
177.0,605.5739264976029,173665.01603604213,719.2124304308097
177.0,565.5289521292907,194051.21716924585,699.7089026148417
177.0,353.7857933640541,608331.2152376636,611.0629514056872
177.0,736.9692689831621,118963.09865062579,688.1403324293693
177.0,619.5456655235984,13110.022967231562,720.1578025926784
177.0,623.804686289922,134258.1802408327,716.1947362178554
177.0,432.6348915624883,174785.75230699268,716.3067247473023
177.0,582.5205902374612,139178.2784517277,740.2674787769768
177.0,597.2256048656333,21142.183389702197,739.9092823321827
177.0,342.4594144962891,478407.60394433275,643.2404316082732
177.0,368.3025883046446,586502.4406140286,611.7501055497914
177.0,459.20372484081975,351624.8523038033,594.7786625897525
177.0,442.2262122022025,442575.9853125935,604.1571333253152
177.0,484.0901542080019,348827.7324125604,580.3520184380003
177.0,403.98552642813223,503478.53303832747,615.9261591353204
177.0,488.23029053624657,201076.2120052638,661.3549544820844
177.0,642.2580575302097,86780.79884447837,689.60324881667
177.0,673.9091907604394,59846.24701258106,715.9733032060769
178.0,724.0844285200053,7114.872405378671,719.5392333622463
178.0,480.7031491294855,894071.0163882498,551.8556922421989
178.0,424.5054660585044,481393.7235524332,612.7881314490185
178.0,623.7278336242439,52802.77989589194,756.7587473181202
178.0,332.920045186354,521609.7664359722,639.4935674502841
178.0,541.3643866086231,176207.36129751237,719.3475523068385
178.0,651.4679673602525,26460.02530030263,790.1261830033756
178.0,599.4594756061956,62323.77032002758,695.8556471157069
178.0,545.3486261871888,70470.05423330373,692.4999758752629
178.0,559.1894481284884,448729.5690902396,574.1449759314614
178.0,342.3507659325858,730153.3260049162,632.1550426441659
178.0,698.6830267324177,280894.84583110444,682.7781447049579
178.0,370.1992883337544,482920.57879568066,674.0129193837404
178.0,483.18669816545236,317369.5470775058,637.2832984770736
178.0,373.3740261244216,511208.84128373535,598.1296270122697
178.0,351.59841489074233,484192.40888266993,659.0841754183826
178.0,609.3911264019259,52265.756184456164,768.4643359236823
178.0,605.1704249594865,307156.8303674871,689.612163488812
178.0,448.8011730573747,315581.15402167646,679.3512306077234
178.0,349.9179748877285,589669.8270488278,596.0981030846405
178.0,361.63132308131594,566291.4042802438,598.4388106091952
178.0,384.29763916394273,325193.46768088883,628.4190761950291
179.0,641.3510566395877,14419.908457106896,752.6611865417877
179.0,348.55097686107706,623912.7530057303,614.8954423377568
179.0,376.2310428289685,280085.4166455156,645.1232854162816
179.0,879.494997339988,23010.40207445267,723.6058643165483
179.0,606.7997813999133,55568.215571135755,752.4218608420488
179.0,625.4116469826528,39755.331285745364,766.0966374765627
179.0,517.9222631133925,181321.79164637462,596.5990652376375
179.0,699.2094861754518,48568.200471117154,747.7650556345327
179.0,450.72895118302034,232823.66854997532,653.4861212124662
179.0,508.16672230302174,108448.41186729126,695.9345737857504
179.0,1071.9469577120465,13476.784407622683,825.5325698497801
179.0,362.9741109876795,345538.69372578437,591.5721458571772
179.0,660.249283141142,67329.78485815547,745.5783340790556
179.0,446.3063242733286,953504.8044398306,567.7018880772928
179.0,544.9443496276562,68014.9703477762,683.193385190447
179.0,803.522382675727,16731.871674654452,736.3608178059251
179.0,467.07546122901334,224175.10907373193,689.1988716461922
180.0,382.16067439221865,483855.3480970971,622.8364024876687
180.0,555.3289186254531,70966.64101747429,709.5052048585226
180.0,402.31140308418776,557455.8969678129,584.3271792679795
180.0,372.22089367840954,478639.7711600425,627.1622830739302
180.0,574.1041957048544,66176.56937693385,677.9124230818168
180.0,682.0662830287823,8817.290327293482,744.8577631808208
180.0,463.68748224655974,428344.5331160153,646.1248493774157
180.0,745.9560533397635,3677.203655484458,733.9984853228153
180.0,397.8268647950811,725195.3870276595,618.3115084114734
180.0,392.09901009275876,464414.4449644117,646.5625789291389
180.0,357.97182535343455,692031.1366940867,619.3327008286996
180.0,437.8804534981653,269669.01254436246,672.1578862167117
180.0,445.48432906778993,524857.8477066515,605.4339797041224
180.0,365.0945465020671,276124.0448625343,700.1921892319402
180.0,648.1177660273473,23117.873615121534,730.0848020052441
180.0,335.6000852158252,334208.4023870572,647.3338189553904
180.0,415.4596944327218,442006.2043308867,622.5486557353319
180.0,456.38441485676486,486269.4923851752,615.8333120571814
180.0,417.8674621503055,422823.8171629794,646.4584921514331
180.0,545.5613167130455,45771.86830091609,729.384198867151
181.0,533.6172562194022,289838.1312214292,615.9702546983302
181.0,373.15690845602154,145261.44245648524,673.3687141495211
181.0,402.7669912307133,350306.3134943657,587.9270618586269
181.0,702.3871776809564,27812.848466130323,752.6339817390632
181.0,385.33783431713846,409525.4616348054,624.9451452645579
181.0,343.6140367249502,582887.7168167238,633.3764930453708
181.0,366.7005004866043,604082.8493472225,611.1544586681489
181.0,343.1810158923723,285108.0052738079,657.552674009032
181.0,568.6349698966292,46204.361869425215,754.4707896609626
181.0,388.74390262494995,450210.07793990284,586.4638277925005
181.0,660.7092889260734,28366.268477029986,742.7489573681172
181.0,328.35824831757185,366913.30017301004,637.6948715493579
181.0,378.93731400582817,332795.6435753549,639.8898044931054
181.0,371.19351682259287,448528.82356991124,613.3592988181201
181.0,422.329772274159,349427.45512130874,624.3695542177776
181.0,422.18329069775194,310746.7815844298,625.6612842270506
181.0,557.6392325012116,126692.10934159019,757.8631135686808
181.0,603.7032402754187,78194.16365184588,705.953375370709
181.0,413.6727817001758,936965.8490390644,583.739077757139
181.0,780.6027463677997,18949.428190553528,729.1521931403789
181.0,676.8073066072091,74215.75021442918,720.045001738476
182.0,430.5637085739483,730742.8758811173,572.0046407683783
182.0,379.50710811541603,534967.5776543188,622.0791767464635
182.0,725.845512641065,171017.5833898115,670.5859032696079
182.0,355.9363558011665,432809.5259816575,640.9606378666853
182.0,575.6391887277812,52390.6630040311,767.581783394755
182.0,400.0727024180698,340039.4426069935,633.3359562465122
182.0,350.0374254399397,640557.125930395,599.2605278353785
182.0,484.39791479388924,199558.65149991086,655.8530290999049
182.0,497.52017770919304,504689.7637084478,581.0340225587015
182.0,385.8314941904305,380271.03615076444,648.0069236474126
182.0,610.4556343633558,17621.778913185284,696.2709998954671
182.0,399.64692991160956,273606.91483431397,667.9849682370793
182.0,566.5769296165738,58872.40655531313,714.9070402276478
182.0,439.73466122019425,392634.8070374161,631.9487372392929
182.0,541.209185051236,125777.15080954562,720.5346595853107
182.0,823.1033678190229,1070.7037574778426,776.5303172815376
182.0,537.4275295962523,413584.67520543106,593.3523571587724
182.0,336.83110251904037,650683.3946016065,638.0917265736874
182.0,417.20913335248,551047.5776772875,600.9006771255581
182.0,608.2078864110836,7277.800092610789,768.8439372489846
183.0,336.1052008993052,422646.126530909,590.3471500498888
183.0,617.5254398624186,16360.44591253892,701.2340497829694
183.0,357.53235159514435,342022.07347694517,643.4909066479728
183.0,432.30644133229623,377485.6376902183,619.4695754140457
183.0,458.1352264240183,923703.8611841628,550.1596483051097
183.0,744.0787115336633,580.657889421457,786.286220185226
183.0,373.8734557382673,192115.42632936736,620.2449532995512
183.0,458.46527299563553,411806.0115193124,606.7801989541279
183.0,538.140411716344,48983.48650919551,709.8418043266098
183.0,377.6478483553551,165628.57948864604,671.1889103091379
184.0,439.7205174719321,332319.1223290322,646.2636570405836
184.0,395.08379580937014,598359.50954075,584.6665231509054
184.0,883.8135752388304,2555.835114661613,778.1542045085587
184.0,367.8852787811584,665972.4689656404,596.018656456137
184.0,347.6168244438066,373318.944916452,607.4692364667471
184.0,344.8342899338903,642458.8267342059,605.7199540280607
184.0,621.7657211434619,39952.81390061699,713.8128892631509
184.0,380.51131226396444,344838.2683954488,672.6279674045815
184.0,690.0360578979834,55486.54449077139,706.603602736658
184.0,565.7141607894408,55278.28912873197,719.6605544989475
184.0,553.1369076736797,114682.70360854303,724.731484810661
184.0,397.6589596126372,131127.59678797435,696.0380573396193
184.0,460.52452685331343,117311.75520364824,626.8303358620484
184.0,413.19828319572713,283646.99883924925,667.4643861083294
184.0,369.2660332907567,640696.0302252416,603.5792340611978
184.0,417.72955794863253,283086.1798809144,652.2129448538673
184.0,608.9122587408095,75135.4988513152,685.6954688989077
184.0,419.992083696463,167019.32501701976,655.4123356430197
184.0,364.7256227209659,370893.1530129262,659.210274214648
184.0,625.7284732572473,22215.316839125135,710.8497066305597
184.0,642.6552314496395,60895.081095140136,697.5049080527641
184.0,686.8288303455017,73066.87366924481,691.5767246765614
184.0,412.18344317240155,320675.3384627204,649.8737509962326
184.0,552.5234162187767,88177.31535265832,736.037412551112
185.0,678.5973022884649,22320.727902023988,785.5899073632356
185.0,527.6874317667083,70249.00945898546,728.6492154913896
185.0,446.55684886963274,264397.6587084943,593.4686035349789
185.0,425.9146404323499,487476.3564827193,621.1442238269663
185.0,548.914890103,103275.26453051704,706.6775337422132
185.0,716.1984466610808,5794.660889127743,769.6115366931233
185.0,355.32647903208056,318406.6293955458,650.53501589849
185.0,381.98245327989986,304483.71608617355,639.8615687047329
185.0,382.5494868204962,758748.2580232545,571.8556996921345
185.0,714.0639196969324,58849.280759990164,711.7209553976091
185.0,665.2399049511539,62592.32179568985,699.3816489470173
185.0,734.5617569815408,48996.07301007933,737.9150173253473
185.0,374.2577888102979,607593.573246377,607.1826401289522
185.0,608.0771986829182,124277.96174348441,697.3052424184292
185.0,770.4448567835896,62023.963602667456,706.6800702146015
185.0,374.89229932312895,699065.5857295882,604.3196246338472
185.0,822.2632643294864,35420.103546135266,747.3246217774642
185.0,364.79394551851436,621282.960079608,639.68478610827
185.0,727.4169747044223,55051.287160242515,713.5373809200725
185.0,635.9826962760606,59660.73052239032,735.7096494539619
185.0,404.49092728492576,281452.60299339204,653.9209858228286
186.0,394.920358757368,329760.8479139497,660.5336896506817
186.0,589.8994879972694,33751.938057172396,728.2183587297624
186.0,442.14629531643055,263770.1545450216,635.3798342800702
186.0,561.5260426703932,115252.67114911333,695.6469077007541
186.0,436.62969582847353,134483.0928943217,714.2805434083564
186.0,344.2945765237069,361802.2033020336,578.5019405333352
186.0,695.6216776680567,95913.92463640221,701.9068533082711
186.0,490.0604593141962,137645.62103352643,667.2474315013438
186.0,652.7558139382804,7078.585328412461,737.314430476996
186.0,675.1860122238855,36765.48953833749,722.6509568890988
186.0,719.8977365478698,53832.169285787946,720.3513074745632
186.0,652.1195242348914,48665.59960842521,724.2160174559841
186.0,770.3116593623909,114582.62949269681,692.2427138165009
186.0,771.6705080965406,74938.12030163674,690.1160638592648
186.0,753.1675650907895,51254.77739892481,711.5553040642998
186.0,916.4265944640264,687.7757584846074,745.9736433623181
186.0,580.0829808218714,81407.41083834584,755.3426172735915
186.0,409.87031240141516,321321.81406198564,619.373154358637
187.0,588.5175198551304,27631.1540788029,764.3787020844883
187.0,445.6901366391832,307534.32370646,626.9198208353104
187.0,460.8108608453654,295966.3266746162,654.4541762529329
187.0,682.294172580641,27046.05656516883,763.9828912550862
187.0,409.60420741308883,460153.4335087184,596.9461755981313
187.0,560.2563210098739,107469.55748079893,725.1467269925415
187.0,452.2458061633684,488703.19372350996,549.0250821597551
187.0,380.9054048674404,418543.4986700461,612.8756845497026
187.0,570.1250285621369,105289.57816691544,718.5297512404093
187.0,586.1603003921967,57389.3863930563,692.3636463750001
187.0,393.54324537756185,173068.6562755364,665.7270066720723
187.0,549.1687189631025,238672.3812504267,631.0311432321049
187.0,683.5581823713622,54699.48795285202,751.1080295432488
187.0,915.9356411469389,5164.421045452691,788.6922330982441
187.0,576.9258916668225,69974.48803153019,731.9367701155616
187.0,476.17015334099415,293044.80920936173,574.2123713961821
187.0,396.15327001240024,367233.4000874909,649.4407870926127
187.0,405.339657494589,483161.3546765863,610.6682609772447
187.0,694.6174995039419,45681.95429904165,746.6196197071292
187.0,367.61660075858157,502719.68500676786,615.7192075674064
187.0,415.891547554283,814880.2693935004,556.0726855781115
187.0,387.213010260023,412222.9197431766,680.3364849394427
188.0,649.6752774864972,28427.127234926436,761.0484014340337
188.0,376.7148844295986,442674.19908995694,609.2823794699543
188.0,663.3001072204324,49304.65857821095,736.527348826109
188.0,664.128103867183,31543.83862331936,712.2572415617217
188.0,426.8397644942301,428041.4244294098,614.0369170287637
188.0,729.333169317674,34009.7519679455,710.7731382874433
188.0,572.7000551869965,59828.07689417931,730.9387436841204
188.0,580.7605897306121,142511.80935671853,726.0510364381329
188.0,766.677084091893,207518.96671760632,694.71246773612
188.0,459.60271798859594,468415.73265825195,590.5860900745532
188.0,400.2366010852263,683913.0612996724,588.3935394320861
188.0,399.7709173541542,764692.3596553263,585.3323331609463
188.0,452.1110121565772,520495.98821189237,554.5075160457789
188.0,922.2509391074623,9451.677587681186,737.5430181804846
188.0,529.6173067139745,115850.25081902486,734.9317480479858
188.0,393.2681711442035,399584.78405653976,616.9366020962223
188.0,551.9380819723665,200558.72587356943,729.4498060748932
188.0,352.70582961521814,455746.59197091596,640.8703088287727
188.0,437.5366885099684,237682.47480953418,648.7109653503204
188.0,532.8838661727241,214028.6480491626,701.6007129744111
188.0,389.44223926873065,243785.9012489376,617.0963219310726
188.0,437.1041779820405,486924.960029218,597.7542074618505
188.0,350.3391124191131,618651.7525953393,626.0231607545365
188.0,566.8108711324608,91217.50571106892,728.6167363734316
188.0,387.72494972465057,405120.94564597367,632.9552791789682
189.0,564.0478690860696,125618.36877661788,659.6831469587775
189.0,938.8393847356372,790.5748942541759,785.5858644730996
189.0,588.0829256710224,96020.94043052706,765.4769321293847
189.0,414.03402713052344,345916.09712083294,661.0917580897689
189.0,610.5834992961866,67153.41826109575,722.1965190711682
189.0,598.3584668557038,114758.3788320775,757.4834632475627
189.0,689.2726413298406,27256.3643144957,772.877195104401
189.0,792.7059068788327,12666.914430992087,740.5104815274683
189.0,715.2926578572159,19786.235131326684,718.7790881111279
189.0,651.1299934172902,41245.142553579084,710.8109675544578
189.0,1002.009422380999,549.0167309995289,779.1916023127732
189.0,363.1955391334028,404330.295126267,595.90644319172
189.0,384.8507227368278,191893.77166753376,717.6543019812152
189.0,437.5997973467501,217288.19445947657,646.3206732603818
189.0,468.5344858864738,362177.66343363095,609.4086683494135
189.0,347.6216218416469,484452.0815562026,656.6726532089015
189.0,753.3145242415699,88882.30330744844,686.6190517507731
189.0,629.2545164456061,30450.381615542236,721.0979585031993
189.0,601.7867321312849,57740.229365703795,767.4079909160796
190.0,475.9407405963435,366563.13540180604,640.3979855986603
190.0,399.03199672033315,293724.5182139283,658.1178143521317
190.0,512.195489159885,340955.3283702658,632.5306345976248
190.0,356.95950940329175,392062.37199602096,670.2696165576798
190.0,481.698769916892,174004.74308209267,651.9324770409512
190.0,478.447407323448,375464.0521499703,633.8167859732147
190.0,449.1364231113957,784155.8915295665,576.4999760458276
190.0,797.9077950155526,37096.870632985716,721.496968189123
190.0,365.0258917896077,581647.7164549393,597.5017905388625
190.0,397.8717512250561,820468.4232689379,591.3486723629611
190.0,956.2936074547068,6229.086697148711,762.4579664034673
190.0,408.96452369235493,197412.94106345554,657.8936332643542
190.0,335.0007448611368,556798.4208011735,627.7801509392876
190.0,419.6623424890508,509306.42254056054,593.56875039825
190.0,360.63957371860806,410041.9978491496,657.6809692845594
190.0,583.5910595150144,78708.59227153317,725.5547378876788
190.0,524.5494054308007,318797.33160270244,650.0571806261404
190.0,444.05505058001285,310444.9967590598,653.2994274928163
190.0,385.2472991009336,308583.23442963697,672.6263585352639
190.0,474.1140020184214,612708.6686996665,591.8087975593351
190.0,416.75932665495577,434454.3039867289,601.1204102471353
190.0,386.9511658175091,479088.9493269354,641.1884202539562
190.0,456.45214130514006,750557.3358897653,588.73457465776
191.0,330.775887550935,529952.4877425262,613.0232351961272
191.0,691.635672091082,2356.9557597650537,768.8424898977954
191.0,360.50760922927884,373079.3371787194,664.5256938183235
191.0,442.56352210659014,332723.58713258244,632.6611589696073
191.0,594.6384780507183,91433.32215675182,691.8558726146252
191.0,348.83922230317165,466695.520803446,631.1687780825284
191.0,386.9400445816817,515291.6902496844,586.017910743479
191.0,513.0912079871521,373738.7483701597,621.968505596105
191.0,357.80471669658,501770.1396409387,622.6413184062116
191.0,422.081851853891,201375.703980974,675.0256473598228
191.0,541.5561285357588,10215.930718864747,709.2072272241305
191.0,669.4452829888759,58499.58556863192,687.9762087663665
191.0,555.6282896777277,141677.7620110047,678.1913778229332
191.0,540.4322835416629,70974.55757930805,698.5045167377739
191.0,377.8616146396465,243508.74516336003,632.8420446864875
191.0,356.5797817117762,615219.7208787147,604.3968361911167
191.0,507.8994291419825,96310.2095962553,694.3647788834122
191.0,618.4825974924281,44867.67969398691,708.6029187242804
191.0,416.50596496566277,405298.698637402,613.5096813149862
192.0,551.1938249849339,61036.831731439896,697.2809629470831
192.0,669.5577274640157,18763.770016199764,737.525856506148
192.0,367.62613254597335,466619.2935033629,614.7362341111921
192.0,599.4916830972895,57597.25933485101,718.7747180423085
192.0,411.36622231138807,377430.57120993984,630.7861479591778
192.0,646.0199892639173,55065.55740713294,685.5286488836384
192.0,360.8656682235388,442466.84194694326,630.2428290969794
192.0,595.1371680559257,20579.796176895972,756.4155158950484
192.0,411.6704042320316,496415.32548996847,595.6559501767804
192.0,622.577331248803,35589.52982589561,719.5291669315544
192.0,385.37347369540424,321638.138545783,641.6988578827055
192.0,469.4822239443265,490517.75057676405,606.5694778504896
192.0,365.1465531301229,209378.93862285741,643.6853801639179
192.0,399.3229832299959,786218.016023781,599.630930555109
192.0,397.2211800597144,757828.441813877,603.399877802576
192.0,608.4126263591153,170575.0070660412,674.3220447239246
192.0,369.6706739654991,975738.0193539823,557.6448480905453
192.0,458.6257130845839,370332.88392422535,632.8107389921424
192.0,401.590451751341,398193.8329350995,635.0889185523564
193.0,357.3363278444457,540542.0667159975,627.0529607432082
193.0,416.77889365723513,403379.68537633837,599.3042752758722
193.0,479.0854032793743,281367.6956513639,615.4736601858228
193.0,396.71057951521993,240951.79140507022,617.0971632495088
193.0,427.81210651643653,768483.1992150137,587.6296440772446
193.0,411.69830878910216,705972.3893278805,611.64604821982
193.0,656.0681275267663,75631.89823720984,713.8509924750114
193.0,1010.1089224785336,11808.384209195261,746.4849595638605
193.0,414.5576305110931,765956.4366429382,593.0239072519258
193.0,395.89852041384285,385301.6250279591,656.3048641166802
193.0,687.5651109968134,70096.60595439315,703.3692330083035
193.0,383.8070155137401,123595.40360494032,678.8646790509282
193.0,690.5492901372248,14117.3303354241,702.2789820296747
193.0,583.032957686633,66624.72468055859,720.7460694405546
193.0,670.4688400796048,85784.65353544618,662.3857815936365
193.0,466.1812143524718,210921.07358782945,664.5581594499162
193.0,573.277143609806,28883.88236637265,757.7091528831171
193.0,375.9568558531826,400222.8624703595,667.3246308726204
193.0,512.8949514104523,108888.7715138693,706.4293592856081
193.0,597.1489877461422,39161.49403699833,751.8971383679658
193.0,607.8132085529744,33104.23110392299,725.7223629841785
194.0,852.5820180888913,18740.599368260024,761.0963844310525
194.0,606.2093824308146,19157.01991875223,723.1627232729368
194.0,600.2723255873813,54266.063967251015,708.3653455111994
194.0,576.2686951995674,85223.22216167036,751.4157998202502
194.0,591.9098306691646,79112.57345452903,723.3913797828793
194.0,374.30588078078864,561922.7600834938,620.5516233949025
194.0,354.38007462117616,647984.8112483652,631.6198313214247
194.0,664.7414048116167,120533.7480488314,704.6157203254553
194.0,384.3723907441434,348286.8583702191,578.0730341470771
194.0,419.89465171359467,298559.5398121346,701.7060149841161
194.0,690.2075880904562,167635.70782695388,681.7218227217899
194.0,380.08413923306864,454089.3049474357,600.3273823958116
194.0,445.61444271361574,248379.3983529634,608.9886681798101
195.0,527.436835854911,71138.18331379993,759.6661678159396
195.0,496.44657611565793,197390.19634617402,667.1354737356315
195.0,686.2501717992768,16553.49608692093,713.2687347077032
195.0,343.439958275318,649876.9597480024,618.6715166409441
195.0,902.740549792494,11658.274812594047,815.4299604758273
195.0,512.3202471078922,333304.2691799603,624.7985929689498
195.0,652.560330910295,68049.92627996176,680.1445928828358
195.0,587.8691748417689,75015.89361681591,727.5922909660763
195.0,646.7002784590726,28003.804997812942,702.9716644547927
195.0,431.6508353067031,526792.8139987525,581.7223133187852
195.0,384.65579970962114,676281.1281684844,585.2687647843627
195.0,493.2536322182319,482593.5484266104,585.3338799534124
195.0,576.3283790006345,21012.05293299156,745.600071238489
195.0,396.3134463076018,465797.848664091,601.8197917733253
195.0,371.11461479887015,414545.15549797023,607.8846736326761
195.0,407.35237328224196,383600.479998561,623.599829946109
195.0,442.42294816362147,419938.1848786821,593.4892258470538
195.0,336.2083129612526,319315.326075544,625.8446999251707
195.0,592.8827065454193,38779.03115101001,693.6699502096548
196.0,625.4928589312475,16767.542529265957,693.1406965885586
196.0,358.6712940131251,828047.6667513273,567.7819776658167
196.0,599.179774438128,48718.92056459369,683.205736654231
196.0,517.9887440314415,122603.0314090664,731.9592572352373
196.0,427.5810294308052,246604.63558934932,626.4410287691676
196.0,537.9527053657758,41697.75417004828,710.0616232918796
196.0,555.1654044139149,93428.85573412204,700.3571449593343
196.0,366.511752788584,383948.62820373697,582.1253620633211
196.0,381.5858401577066,275210.3053624125,642.999157825663
196.0,359.66047725607626,460762.16001076694,653.415729209433
196.0,418.1014439365576,269503.2862501845,668.02432925821
196.0,482.75720752919074,128616.92113574571,661.1437711706716
196.0,439.78171338833585,1076468.4751618037,562.5147110895522
196.0,527.2213129438983,57749.715985392526,748.8814517696945
196.0,760.3074766267773,538.0829385642385,783.8590760929401
196.0,345.6991158599286,506010.9975440265,620.0306488678574
196.0,356.4691303586788,409361.4371257634,674.7946347618606
197.0,381.35505515833006,233708.3039556191,636.0692538962805
197.0,503.37403689095,393431.15578215866,603.0463875817372
197.0,610.8913778406857,77384.98780714255,731.597196641297
197.0,670.6180047935736,56120.26292495027,720.3754483635933
197.0,400.8312892774993,315069.18845995143,611.8594460783618
197.0,379.6338633080666,596913.4941706036,611.1932587351922
197.0,389.91052266962384,637043.334779656,610.3965492623396
197.0,367.4689724548784,405819.3508818614,635.871879097349
197.0,445.97377100987575,215440.7709953516,678.4145328934396
197.0,778.8041454390113,188541.79224626505,630.8336338679396
197.0,675.0578603992146,65429.221333897585,680.5467834039592
197.0,415.5623156591376,589200.908787681,598.4183090105602
197.0,682.3030083483392,47104.21810472105,758.4173920165009
197.0,765.768252577952,1321.149805542269,814.8461736541577
197.0,711.2551206233842,45707.69919076627,697.0376977681344
197.0,374.8848989021513,641731.7458648989,575.9686323542518
197.0,400.4830240258369,899240.7024231894,552.8693364468342
197.0,831.0537803906553,1938.9774364964794,736.2152840776679
197.0,604.6109599360304,103119.31233320083,687.4102585844987
197.0,417.57267599126885,530106.644473702,607.2103438369364
197.0,501.3861285983373,65953.38072674905,740.6597998799781
197.0,659.7294552394211,109313.28703608764,681.3306568622171
197.0,398.40099672692304,318944.89232712396,607.3892081359294
198.0,361.63230300480245,777631.1022651392,597.5313160799243
198.0,570.9982076156996,94873.90933801094,716.8169947465074
198.0,408.3634918466124,546734.5971026113,578.4739471016475
198.0,394.4389402286166,681846.6411953206,608.9376695419247
198.0,408.17461892117205,391078.7245821383,608.268533498517
198.0,408.1989419798376,312947.4307474752,623.6570122561941
198.0,516.90551828773,174746.51394460874,649.4817296941317
198.0,971.8418309749861,6431.623342445131,800.6207592652494
198.0,625.6585737511518,58988.17043160903,731.935587286571
198.0,629.9356344029242,132189.80389899705,686.8955860859269
198.0,531.8954298337808,297368.7317500827,611.5653653269366
198.0,373.54651342675413,533847.4433306697,610.465542554602
198.0,526.6257544769173,105138.65873376068,699.0229064425657
198.0,371.2194312069962,712560.9595405653,597.3147122284687
198.0,396.5723113550986,311306.1178598254,628.2310465755028
198.0,549.222292849287,15613.831591359422,751.7863671290686
198.0,516.5696274265072,85136.4455263312,723.0173462424411
198.0,678.3917526051628,56162.8783266744,748.8515288459057
198.0,339.9007244589317,351541.15308994165,626.8023830367565
198.0,427.8923153961288,481651.4778669429,593.2507698808798
199.0,358.93642183316945,706445.7940332276,615.0156889296487
199.0,638.986415292885,38859.60777105422,782.0038584985361
199.0,577.1288339746347,135471.28415399278,704.8584196870374
199.0,707.5997372518526,103999.42973828063,690.9427571299605
199.0,670.517696827345,154322.3173184097,704.6207900982041
199.0,355.9852042694135,430156.99577860197,635.3110306635111
199.0,486.5706164986983,541407.8668391148,578.6762180413097
199.0,366.0488444095685,667420.4919238492,599.1349898609885
199.0,449.3221825550647,316057.38971367566,607.5762218972427
199.0,682.6828912737137,19279.66138334288,790.8535333177429
199.0,395.9897591248212,463254.37714690575,596.1425364898522
199.0,377.9210353469265,321695.89863284223,630.6246240283592
199.0,478.34854887585493,181636.44687267175,694.5375622851423
199.0,353.5998120471546,486130.67230252223,648.479790495428
199.0,373.9222863322801,621587.6246367376,595.9622034287456
199.0,630.1642274784812,40070.26938651512,708.0832447894062
199.0,623.3290907892908,96217.10796437255,719.4852438992577
199.0,707.4573885704333,28038.934228741226,701.3360890861784
199.0,1207.9682556391526,2084.3463973443922,840.1472781538317
199.0,411.6596990894511,272059.74023569375,618.8698072582209
199.0,567.4787593528254,84664.53310906053,735.9125117416573
199.0,452.77944748301525,193354.15973299192,621.2973041688156
200.0,565.0576812721922,81687.19786140716,755.9919088418544
200.0,365.8858055417889,448968.3176616018,618.8031392599047
200.0,372.33437433200515,299668.4441247039,652.5211025928165
200.0,360.511694789682,450650.6738339997,598.5124904005773
200.0,419.71843941487174,277857.88303515915,637.4416867338904
200.0,484.15438029263703,285141.9092761972,636.4210978717683
200.0,630.275079361002,69370.40332340346,727.2306618715367
200.0,708.1543308603946,129624.54449877178,687.5765171655155
200.0,1009.1940302548741,1882.5560750294226,796.6468152454892
200.0,448.77080522900354,640659.2697736911,583.4716336040728
200.0,355.8381668275173,563281.9184387409,616.4977318411748
200.0,588.9205198358133,77505.63633917476,702.2708092671725
200.0,658.5360946863472,15540.203538520624,702.841313889234
200.0,579.6251314475819,290710.8368308135,631.5796211471556
200.0,583.7858996459335,100181.31847645629,746.6121679566999
200.0,366.60072431128884,330821.70874116995,606.2232728133731
200.0,727.6488287141709,13688.064847410964,789.3174106489017
200.0,647.4688247300145,68919.19861678555,743.3699511934041
200.0,409.29089340968346,885907.1667068796,596.9423394929581
201.0,433.7803289487953,301182.904805644,660.3662751465757
201.0,752.7612458414853,25335.57583611731,753.8124619607445
201.0,537.1257905840234,208251.1196185882,654.4022237477916
201.0,702.590320808273,71785.99308426991,712.4987427873642
201.0,418.1202759623548,478063.00487310067,614.244576076676
201.0,423.98100451108195,410377.31792538695,625.2633778859577
201.0,414.86146730620726,328511.4404527191,628.1012000341601
201.0,425.8421402969352,445888.36769452546,619.8699988112708
201.0,481.1850729326931,355041.98017733474,595.0540626048919
201.0,509.44539687540686,221613.06452139583,652.4003127573684
201.0,604.9278406065886,205140.1577408142,619.2747277876374
201.0,603.7185142346813,168471.51850519166,700.6845055653173
201.0,454.81509040544614,235173.37824940166,722.0852458325302
201.0,761.7243922664005,54980.22635491152,716.5960033896159
201.0,365.8466666302867,450231.660911832,622.1928257547432
201.0,342.72454426612194,713874.1600869074,604.3792270477327
201.0,405.2794743663485,420287.72658431827,662.9759884225715
201.0,539.3451037120587,118211.36286791746,735.2709488206597
201.0,379.4165419426621,239339.77455382372,665.0925907666323
201.0,353.971090368178,377885.7528064717,707.7476989672349
201.0,487.03264286478833,37035.19911160474,747.7862767592969
201.0,613.485691411766,36080.91594311439,750.2780993044342
201.0,475.90464442545715,221646.3084360842,675.7712992677243
201.0,711.9057026338442,30373.925643830804,720.691015336096
201.0,586.6534200047645,104411.4689923501,717.8034373343854
201.0,773.5657285242739,17571.745153292755,765.8763602228563
201.0,438.7271909610104,549188.637977718,603.6907362286466
202.0,374.06220528037596,423941.8917803651,592.4755029266325
202.0,545.9229777323164,83880.08449219576,717.033047769066
202.0,488.9684600900126,265177.5216713986,663.0927283180491
202.0,417.5254397143255,300355.93235688395,650.8886012958789
202.0,402.9287862495123,382389.6799407429,620.0309352421099
202.0,394.17655264582135,337953.775372445,621.6427898426459
202.0,575.8580732775384,61811.25932866671,684.2331525435334
202.0,728.543346416187,7113.372638075816,768.7840731533785
202.0,440.1894335482023,294447.78044781944,640.4515108372569
202.0,369.5250129708223,535827.795859009,624.1880799551044
202.0,435.8747531693386,317698.5418297047,631.885146084231
202.0,957.6691471428585,15822.909268770574,701.9856566433868
202.0,490.4629609448111,191695.30307782712,671.5681880925177
202.0,542.0752993928899,100648.68830213376,709.345878928055
202.0,726.351112036794,118192.16128860929,677.0682676622439
202.0,651.7047206401944,238533.00013275517,662.8774867860186
202.0,1033.4571935430115,6175.367060745704,808.9985708350296
202.0,663.9479143056205,34963.32815935606,720.2463901399243
203.0,446.61287274925866,705027.2976777358,593.6092608732155
203.0,422.9471295870269,979882.9828145838,592.7744713823836
203.0,636.2957723677788,160128.5152868911,665.3380235492101
203.0,444.75560867460496,604502.3812890709,605.8307657594249
203.0,462.50236503239114,381402.1257907387,663.6128158196483
203.0,512.620652272286,325329.7961144833,638.512316506909
203.0,308.79718290644155,447805.63422544906,631.2171960205548
203.0,586.6305193871575,68286.4434251888,732.5105556457335
203.0,689.7359913594223,31502.86663483456,713.4116946602971
203.0,385.8360867898866,444443.2801636745,673.4176194987443
203.0,892.0373042909346,29400.50704548933,715.3147548251742
203.0,424.40575454141674,839124.3690529963,609.8880254379523
203.0,519.7906319070333,237046.68846858916,636.9666540292405
203.0,395.67753945858306,791972.4475025682,625.8400356047027
203.0,450.11626197764076,581849.1251218375,572.390917300593
203.0,683.9691693694623,89247.13496819967,692.5517771568228
203.0,399.88682517567173,323095.0366237891,668.0674144882247
203.0,309.5986081368624,227029.64382174826,706.8293697183382
203.0,389.437443929198,792095.216730886,611.9904009734053
203.0,517.8209509244464,249410.67744628657,611.4360778990069
203.0,379.3910381635856,455472.63372897275,626.5525223473959
203.0,401.0460692780417,504220.1733911641,611.5604534996124
203.0,942.084951401333,2382.6934390824845,768.3143024933729
203.0,617.9570563121836,117646.14903376494,715.7142415085888
203.0,448.5007692911103,1002172.565138175,590.7436188359316
203.0,444.3385163844269,437521.61479893024,652.4077957475674
203.0,663.7575759519542,38541.77322662986,699.0476512225754
204.0,469.82241629523503,194136.94501899314,699.6864982670362
204.0,834.1948358960108,1638.8314666878705,825.298470362364
204.0,681.9655568696504,36221.74493735388,781.6248400202347
204.0,572.0200212699484,73579.45670630263,712.2338072252039
204.0,359.9506757664493,286083.8433320055,627.089613023101
204.0,662.0552245718558,46086.35207449487,699.7094569494134
204.0,353.23115240208784,321325.07630576566,610.9775748962433
204.0,331.77468330142,598878.374034366,633.5285451520363
204.0,714.1156475815496,32097.913238853373,771.815453066482
204.0,485.0223101048355,281363.67550128023,626.8901049328887
204.0,474.70278124428194,106207.90921855521,663.4155144296569
204.0,347.7576293812525,365692.0414123826,686.8796602103318
204.0,403.04361483248255,420175.87981193897,587.2960991680612
204.0,418.310979149949,510774.54161284986,587.1028211124642
204.0,1059.877882231926,10804.633540445848,814.2833234302002
205.0,596.4593799865518,35303.412569525484,730.2701583671065
205.0,643.4495070195698,64564.78216295668,728.3140568262164
205.0,352.0642027267581,426869.9070088914,612.4742016433526
205.0,436.6365781916117,169946.9449838858,717.682727532108
205.0,490.9185803090801,577330.73763189,590.5277409174005
205.0,406.65752562326935,239736.80846601233,644.7183248503967
205.0,936.552930900564,1769.152295892359,806.9826327082885
205.0,862.9913767997748,57301.76549149484,687.9094117333126
205.0,698.9329579694513,15611.31160615555,761.355106302536
205.0,361.1735684430284,369060.4484178077,628.024142942725
205.0,520.0495895714547,446091.9552209524,605.0135915184483
205.0,1112.0977079718884,615.7362918201019,766.1867161092815
205.0,355.4565080427237,674884.2463066566,606.235899889956
205.0,605.4002157984968,76804.56068787418,707.0786506003416
205.0,723.9409124413258,11897.46059391465,753.3796655865356
205.0,704.4162162914103,37852.507326841325,722.6776491625072
205.0,360.21575620344635,370383.3550454064,652.406403336971
205.0,433.43827691695924,361260.4537728305,633.8860244404883
205.0,478.350746688504,108966.71540443115,687.9652258704311
206.0,440.5277681111934,339193.8250150349,650.2756241477969
206.0,536.0960360345197,144769.2931950556,695.6737620355444
206.0,603.5865954050151,42098.87746908088,746.8120081370879
206.0,436.41435587016764,293858.6157254588,662.9836129632068
206.0,435.5548081817015,342153.64339854976,662.7811809128456
206.0,406.00149814892524,650898.395097056,568.6740311998068
206.0,456.3809090783785,519504.3448661656,585.8704903343807
206.0,372.809163772639,420523.74600133783,615.4976121390976
206.0,624.5780196765423,33467.320926860164,697.7119925671626
206.0,371.585014488318,372156.0620332116,650.6102278925255
206.0,653.2559414264788,39716.54168445426,684.5287269285725
206.0,897.9255652407601,537.9457743097146,800.739295500661
206.0,763.448335819121,571.8073373272879,770.0119794891838
206.0,411.60708092585077,230912.3544791347,678.0914138507221
206.0,514.8634240472978,88152.121349746,716.2348873202277
206.0,451.11101471835616,391058.73011571245,599.2724782644663
206.0,385.22372382475214,363608.70675029646,679.0295558151875
206.0,398.2974037425505,362742.9269538117,656.5879383552192
206.0,739.6301950092567,21792.319658867364,701.6254399838842
206.0,745.3287735890634,35068.937151187805,690.8063537603209
206.0,352.4014672116995,389592.06277358474,674.7948499880584
207.0,356.18800957260083,454690.24637087446,644.52124309288
207.0,433.8676578698915,789994.7980658069,581.753631604229
207.0,453.0279298339036,300683.13066367316,660.2072007500517
207.0,418.8814797237193,356655.49026403704,609.8875167691288
207.0,407.7507422593726,385963.26224390324,605.9162075699452
207.0,581.3197212691326,31085.08730502182,708.8527167182685
207.0,621.7080122280314,23601.556825316926,750.1502391731757
207.0,658.0499620045142,45370.378905201214,671.3979944287261
207.0,677.3035069780859,25880.294181243094,706.5395722653367
207.0,397.7457534488199,362648.47824152303,626.365561087013
207.0,390.1116204514673,507353.138153782,587.1747531040102
207.0,384.19314641964945,464630.80221262714,625.1082445618098
207.0,351.80056609135045,445099.866526983,689.2619929384578
207.0,454.5572909945265,338094.8215447103,597.0084024189761
207.0,381.2232841866246,287105.6637030325,698.2887792093522
207.0,342.8100079631076,579909.5477576039,664.3927026892901
207.0,461.2719048245089,181326.53537568575,651.1517039402272
207.0,632.7979195083715,66431.9435341622,702.1223357825917
207.0,359.643963751533,628891.062448205,615.6271843985614
207.0,443.49903865666624,342519.92197082593,616.1289120923195
207.0,756.3517608302585,15566.938880102549,742.7075446792685
207.0,620.6617752983117,20954.734821608163,775.2890352257699
207.0,373.1135375353606,412850.7799752499,662.5237384083323
207.0,352.7442058354172,542759.2154753568,629.5088937060756
207.0,410.8302815027363,358334.72646531236,683.5159015452896
208.0,661.1300683171851,21870.108351340492,737.848611833425
208.0,580.844754893698,82036.77335194021,690.2826464775774
208.0,431.19037690264486,308790.07130824093,698.6565772425606
208.0,519.6160176522856,143818.65184042117,675.0994412180219
208.0,374.3436550501946,454209.70653920557,621.6001341664935
208.0,454.4441383490229,874142.5373881697,589.906146970927
208.0,557.9705520538563,43151.77086956835,712.289608085461
208.0,382.0430659366896,357435.21123931854,679.7955134522327
208.0,391.0243197722001,385303.9928705932,642.3940576471135
208.0,430.3500913724299,333512.2893543913,623.419370910791
208.0,344.5008814777346,362537.02379324206,689.057473325876
208.0,325.55849125170414,476474.15890050627,596.4426703625435
208.0,1060.4896889835966,1086.5234393999956,715.3295888113003
208.0,392.6459116684688,359619.6615830245,667.9362503309733
208.0,428.92578156330734,381591.90244025935,651.9869909221696
208.0,512.9059053762778,210565.97689989823,767.6175392490838
208.0,390.55386695546986,411725.8266756769,654.8692821919334
208.0,409.5075056986263,429762.02028680523,601.0893650059534
208.0,685.2557364359694,33772.32921359699,732.6582741224531
208.0,438.36559791192633,256756.67261809684,624.5160609713824
209.0,404.13228598585675,643968.0874332205,611.975332636815
209.0,330.0301506618317,510781.4000816346,687.1337622104721
209.0,436.89677283940483,201605.89942817582,647.2778768680214
209.0,429.43002206555235,227517.59061339495,616.3664274796812
209.0,419.51282184033687,512662.45942865324,594.7263340396215
209.0,922.1342093813655,11467.302992837163,731.0477274064049
209.0,379.2055310274352,317383.0537862479,649.7945809478248
209.0,361.98479496188435,519632.98450260697,641.3953214382719
209.0,587.6296539707586,18693.979428560477,691.9388285045096
209.0,422.13758096343355,503924.68909243355,610.1724947131825
209.0,585.6339693374423,54698.367509001495,707.7115138814492
209.0,508.95969067478694,576764.805634832,561.0277504778196
209.0,396.33375754764836,859392.9002260966,597.9404051675416
209.0,414.7522957657266,402976.1966924115,626.7945752107445
209.0,757.2744508959744,161519.49113655195,683.1134465627723
209.0,387.77321788897154,460279.10485927574,618.9351061226436
209.0,465.60119795694186,1304499.6074382486,576.9197869856546
209.0,417.1699843419988,880443.9756836796,594.0944221691035
209.0,419.548387238455,240833.70222213303,638.8970339500884
209.0,369.7230072847685,537591.7167081154,629.6255920130392
209.0,361.89587136088073,815850.4131276852,621.6339166819694
210.0,482.15258543809,187381.40327692163,704.6816533671318
210.0,654.4198920289672,100226.81455384218,649.1928078003889
210.0,534.8101876795863,53422.008097467886,717.1960043278373
210.0,733.2688506304683,25549.957722236017,737.9081042288824
210.0,401.60848129453615,449783.621715522,632.7793326401096
210.0,383.55531634393844,238825.10655739068,678.1561794543574
210.0,423.2282893244569,338711.0351949873,636.0321815404249
210.0,396.64585323267295,484087.11327252234,612.4858804975669
210.0,807.2365787859026,18415.125824743915,721.0655379104189
210.0,769.1658232754315,2701.6758799449076,764.4749850126115
210.0,376.8108556804119,483118.40973511944,621.9473032339059
210.0,443.85138589940726,329518.14441237954,582.2975016037985
210.0,342.11215069453976,552424.7231003555,623.7423605016669
210.0,400.5278786027685,372303.964460261,634.0168714359587
210.0,600.1653406771395,135565.17640573106,716.5515765299663
210.0,423.48846894218076,608734.5420509536,607.9699822455638
210.0,717.3255509402368,26040.139067270982,751.8610588586663
210.0,529.9739432354354,44750.67970745654,774.5943792612073
210.0,615.1319224131928,51237.81758244299,750.1972889665241
210.0,377.70674437980153,346525.37192340475,642.0980458892478
210.0,647.6956972101677,106622.78643871189,693.5408753125182
210.0,438.7034894759765,325296.3802708986,602.3969642545491
210.0,770.4767930361605,71939.81412774375,692.1996623712577
210.0,447.454575919646,246433.7916833691,617.392780003617
211.0,385.02784212700396,334793.6530059383,676.2587551948383
211.0,380.4054493979231,339080.71218150534,602.8817426483047
211.0,392.50237005728115,197186.4688298601,699.695893300586
211.0,701.8253216758847,20332.192053637813,745.2729379089346
211.0,332.9572589889589,567689.6075149103,639.1131257962452
211.0,691.5661616850955,34155.67221270848,737.5929188963381
211.0,422.7108815520386,474699.8361391305,583.6183302891839
211.0,376.59295515151825,593989.5551066588,602.1163852788064
211.0,729.7449169749741,1477.8424961944716,775.5039632381096
211.0,355.8506375897276,462195.7138240108,622.3265765546557
211.0,654.027065789245,6801.284701748958,791.8647824535315
211.0,619.7592072274531,9955.652320865081,750.6874410054473
211.0,353.77588681131846,636094.9387041001,588.6222749492051
211.0,615.2908161083357,99810.03414268397,746.367242027318
211.0,764.6719550067559,18121.068570276035,720.2528302475349
211.0,333.5287847339711,468948.0821227177,671.6345898595747
211.0,387.49955014237565,272022.1904470122,623.5655061567016
211.0,845.7026760804262,55028.93734612259,706.0761207699067
211.0,624.7702402853065,147973.0550368328,706.0946278801093
211.0,373.3252722581805,811110.8199401151,586.0787132859609
211.0,634.1466518922538,70624.13167154018,692.9930044014031
212.0,710.6985173719879,39284.44657940293,706.1583161496683
212.0,612.1600524931254,91316.80969726175,694.2900312876915
212.0,350.26498838049747,749622.9226369058,569.3950491059642
212.0,395.9306658408205,261183.49117549846,659.5892666019762
212.0,809.8033234629665,35270.17473402978,715.8948492723667
212.0,449.26269662583786,479803.3473490565,598.5055489239942
212.0,593.4911670141063,50233.19410965048,731.96122408322
212.0,396.61069694330115,496748.2877965467,594.682262348654
212.0,409.0694135984367,349783.4161401896,636.4337751789744
212.0,861.6062312456112,538.3653190539986,779.4126216536081
212.0,356.73202328493323,411831.30949677614,615.3398291625552
212.0,342.0310608216043,236050.65162631718,665.9875819760082
212.0,660.0544231665302,8888.60683041523,719.6231443159493
212.0,446.6309979158565,451990.2418672012,611.3313579357929
212.0,575.445594673824,102134.76527089246,735.2632114455073
212.0,622.5271427205148,65286.94957780897,720.687189508984
212.0,422.8476056348124,315398.4417311773,652.2660788842634
212.0,501.2839288640385,244704.0545673685,656.2873786278406
213.0,690.3810878933717,598.6739806034873,746.2835198660308
213.0,393.7903172985449,245254.13458615955,669.0392000428157
213.0,452.92146160432674,811262.3538929594,575.3794852456182
213.0,375.2084342181807,434785.8506309727,634.8000497922959
213.0,675.7877942469089,30744.689050673405,726.225622259825
213.0,587.7141195102546,91759.7980297665,676.9565854771473
213.0,375.1480381086299,320935.5875315856,638.9394097123247
213.0,364.71466634857626,680361.3821031131,612.5295727853438
213.0,389.92829714497395,436648.08236632246,597.4257214500129
213.0,540.7615304066687,81237.43354126404,688.8885182122369
213.0,669.8323157702837,45226.460779565685,712.1350985387946
213.0,666.5239684743938,592.7687656261628,751.4299309181763
213.0,331.77787709840266,699051.3157962569,675.3835300600904
213.0,601.4236008837095,435267.5371176337,626.3962852045603
213.0,484.9932681771705,332758.90649241296,633.4122970980955
213.0,339.90731415840156,469157.0382957223,612.6078353906507
213.0,544.2497067647791,285959.2089284196,653.7287174555166
213.0,870.438309120293,23766.060139754445,745.4479949029437
213.0,452.7686822731106,308248.31594232464,638.668269569199
213.0,632.0982142748968,75720.61125123974,701.3357513854626
213.0,611.1969192082094,70528.08232705735,732.9341032572827
214.0,398.5337919168151,313188.36656539876,612.3888389227906
214.0,481.10187835021515,406381.3413357704,602.5584882818295
214.0,351.20051218324346,723946.9595961643,613.3720262828258
214.0,332.2970287096945,645447.8806023606,636.8897294842392
214.0,381.19676815848715,623342.7273837272,587.0705383411333
214.0,464.9628508719363,280827.2479575507,648.8556200395269
214.0,730.0235760866613,162685.12151779534,675.7738482890574
214.0,363.95023571939817,408495.418711908,615.0364244744809
214.0,599.3978688550403,8453.734249158175,712.4145418680521
214.0,362.913575711753,588732.9042328692,622.8720079330714
214.0,415.51112031619465,248399.9810525242,667.8353262830743
214.0,363.9698467221524,761373.330636017,607.5036555915717
214.0,379.9306499826248,453595.7450942306,612.5894137743044
214.0,379.7673480919101,327106.8770482046,614.8833505338978
214.0,371.9719682950719,356833.8863888054,637.5767416350186
214.0,341.0229079882935,485501.56413566513,650.3428312030678
214.0,332.848987513878,620817.3650152957,613.4048085499501
214.0,681.5556534522424,99340.8075362904,701.7703389912873
214.0,452.98393398650006,606172.7294820294,596.278294164615
215.0,405.55255766499243,247894.73864512588,628.8291515559882
215.0,606.7186997527477,24388.06889726719,748.2553235569691
215.0,401.4444857258767,371188.29297690484,635.8286956499737
215.0,398.5815840441138,915553.2743155833,570.4537714208836
215.0,404.79286303021286,699090.6834789277,591.6784285845105
215.0,898.8156671366287,4575.152291372877,754.5823946791186
215.0,548.0055007412493,16926.855012013577,760.0742337995105
215.0,395.2811496201781,737514.2208003436,629.8731971865417
215.0,336.74047708355977,364454.6821450913,653.0908205408599
215.0,386.0540164847686,309846.2634253893,643.6959164875522
215.0,872.2613233619218,35761.37566100062,698.6195432479726
215.0,355.5576942290804,403352.9256317626,641.9992744506314
215.0,760.2432587109604,27795.662202285934,740.6516223760503
215.0,626.0961085404925,98690.3424728301,715.2750498707135
215.0,687.1786424511025,16806.051566102262,742.1677233660656
215.0,398.6837290704229,619802.5870143718,608.5526826332037
215.0,656.0644474810025,13322.246516569287,787.9007101390705
215.0,1080.8830908686125,577.3524231012339,865.6111483099417
215.0,669.8052850412864,45785.86321390088,706.3974318565027
215.0,563.5277582094847,171783.0117070412,721.5629282360575
215.0,364.65803649763154,763066.1282908714,627.1131415894531
215.0,466.19172418048004,590371.3746724253,611.9006542701467
215.0,389.8007051602654,407523.3227828064,636.7531488389033
215.0,583.0182106257492,118964.25383500171,710.0508685221031
215.0,403.2204305835142,837431.3463411566,586.4829705885656
215.0,462.8027845691996,212453.30544942917,646.7929655616136
215.0,646.355986470979,50029.15222353357,735.4686032597298
215.0,415.51398255378837,599748.798178592,604.3794490482824
215.0,562.4564845527441,87714.33129668863,739.3257364673227
216.0,468.41927690010084,248361.75810299252,710.6118184222291
216.0,378.7630306344239,675301.3916005938,603.2306824725015
216.0,419.45156105795525,518616.04986205517,575.9582280238242
216.0,768.5339260220246,7217.930451329155,733.5586224072258
216.0,462.2002741965826,297401.0890407522,655.4110186380886
216.0,330.2907129310633,355553.39183573134,673.737220125183
216.0,665.2937766658602,23331.13338608921,715.3514172120699
216.0,351.97059242700834,276132.51665986824,659.7220241919014
216.0,490.3399969908655,462869.4968204682,629.8554449033046
216.0,591.844955846045,152653.22518138954,712.4842111369667
216.0,753.2787410081015,590.8385455628613,789.700424042384
216.0,553.1137408129214,110324.79616192744,744.5837233749572
216.0,501.67695521642423,171699.17197692094,636.3173960251445
216.0,776.42821936948,110712.3836451172,677.6893885100068
216.0,615.9795727059321,39369.707549954204,729.0227874206859
216.0,394.2101125570356,367862.9251890636,658.7677194723876
216.0,352.4369105191096,421161.701789156,633.6746446076128
216.0,407.2407217788703,329761.2871734031,650.9916513154157
216.0,492.22781871407983,511781.22997501167,627.299436152502
216.0,344.32193506864917,381869.00210664934,669.1220224104027
216.0,360.1353424878803,671772.5732402699,608.5164873617183
216.0,652.1141281651235,27435.38409305857,693.6018726038271
216.0,458.4360843946348,322021.9135151862,642.373454575809
216.0,343.53770193719316,794441.158384373,615.9534102460517
217.0,358.75861252952285,608690.6846487771,570.6615077718154
217.0,721.5692277596426,17018.25967835742,735.2819336451562
217.0,371.8280191346469,557109.781237489,610.9155718137187
217.0,368.28856420495896,572670.4829113749,619.3046526120672
217.0,997.0229608518667,5188.953614280917,828.1089088287154
217.0,536.5223945229807,54221.100065113125,742.6353639214628
217.0,662.2902437341344,120767.05423964116,686.4373761288703
217.0,344.0447100638629,235822.82010527933,629.6417861472569
217.0,528.4962737624782,68946.6179610109,746.6365035243249
217.0,639.0411241916889,51173.2320706947,701.2896613021591
217.0,664.4844542111767,9560.673111129552,768.1374412120452
217.0,377.66638267521364,407348.44072280166,600.3283069022135
217.0,448.2362768709383,284154.33365128754,623.856251697866
217.0,368.31651562343313,562723.0055280783,588.3911190403252
217.0,819.0517875399976,26859.921638042506,695.8296253064609
217.0,505.52782853259885,358747.9632517676,603.2615541147059
217.0,384.9815352579057,216733.71547728585,659.4048346420891
218.0,642.3740979308384,48603.439946198865,709.4978711702854
218.0,349.71400677630095,538764.6809503571,633.5072499592605
218.0,537.5442904876202,76136.27066343452,731.1795729579624
218.0,349.03329599464064,621185.2757328508,610.3194098858396
218.0,689.1677445608925,9258.910581074744,791.2532172337224
218.0,664.6354007912555,40049.34242623605,742.8759299346506
218.0,384.6959403927728,260034.24136685242,586.1114714343986
218.0,342.8876161682674,440444.33769302827,645.8049922106934
218.0,426.3841490359312,765111.1065997396,581.4211840490758
218.0,547.7913923929907,65350.91894928867,718.0672993810081
218.0,765.7958752609443,6047.475135553297,801.7095539340427
218.0,738.2883052753639,35978.26391086637,734.3932017308911
218.0,1191.1563341440465,4099.746008960304,838.1604079662548
218.0,365.5580821670152,504224.4332467725,618.9709844582318
218.0,467.3463262824455,222928.61847888405,627.0526942982412
218.0,371.2877861246905,421135.50526580634,651.486516088917
218.0,365.45524322320875,415696.5016665487,664.4463598011312
218.0,579.1565308820299,56035.99376563299,711.276830236846
219.0,615.4336102605974,45218.11831901484,713.0688746031301
219.0,429.55700998027174,341071.6394578986,583.4341625961237
219.0,707.197421513896,38792.83855147755,732.6673093806301
219.0,352.87258577401724,526185.4816752897,625.2788666525975
219.0,600.755313987421,31656.039821618975,736.7388925509639
219.0,387.4127449883469,522980.8203390752,586.8347889569577
219.0,331.9071894983166,303375.98316521384,658.8878435280425
219.0,818.7915222803518,9372.779264958217,718.4261035783677
219.0,329.5042899519951,699251.346750645,641.802932348556
219.0,388.5918245162746,311076.6111940322,648.5136234517039
219.0,388.37621549854714,480617.55405228335,644.8881410273705
219.0,531.5489633546152,59853.35170184694,699.9289693763322
219.0,353.39123481220565,822723.9375552157,596.3271829518532
219.0,648.9588787576398,175603.5402609343,666.1389953473112
219.0,608.4767049458029,42625.31807916122,724.632616141942
219.0,357.51051482315745,643178.4094984554,618.3129871465624
219.0,585.1825214146621,57597.68682717211,724.5099687189864
219.0,528.6251193823788,77439.03475873912,732.289080709377
219.0,361.41828021495974,562494.3616578614,593.8936452728444
219.0,924.2787491765507,1473.529441860136,773.1555000749095
219.0,506.46963924188117,279987.9041091328,629.8364208361309
219.0,389.09349063697,466691.71676000685,605.2647535559767
219.0,589.7446515348744,168212.6654326808,692.5762873100039
219.0,433.7176704926762,282495.0422237271,690.0642000926161
219.0,426.57866308075836,295661.73217670375,701.1701678281972
219.0,646.514365488091,51633.70141481226,697.0188179121178
220.0,680.8301490653945,39477.49353262463,731.4254295441967
220.0,582.5742147263833,60621.9199598294,734.2292533421414
220.0,356.48033572392336,429081.1123246261,624.3019334746225
220.0,649.5074690333108,57594.22253550619,737.2573762528908
220.0,699.4301018554719,52598.52432688712,729.9402017426976
220.0,438.9020215762353,322717.9918965298,623.1994981121672
220.0,559.4098652834414,182680.62955132013,666.9337216699336
220.0,380.6393928634851,386164.43823469506,633.1932985558483
220.0,408.08993549058795,494772.90952609107,584.6726645607563
220.0,700.8528204436021,45148.215134988306,714.1126985173522
220.0,639.1771725249574,3735.193630650766,751.8378362144446
220.0,388.59879607871693,258971.9892266839,665.1925480911452
220.0,470.18243722680864,347613.7131558182,618.0677820065727
220.0,615.6075826604465,85387.26663128777,721.6165435878817
220.0,436.8493210100742,535951.1461988675,581.7225652574106
220.0,599.5433567448683,136440.99318181264,720.2713584171156
220.0,357.09121664106686,380974.0677247976,661.7962318613519
220.0,463.136499202299,465049.37606505235,601.988677962494
220.0,541.4088670911547,39603.343656318066,738.6120126825919
220.0,362.95754209430106,508929.92864806816,596.5831553605124
220.0,357.94536430040637,401120.8247589557,618.809531863038
221.0,796.9004453560575,539.5994196541201,808.4669013339113
221.0,642.971839813776,25007.98908518096,726.1784473314698
221.0,467.57030290011954,513195.82570907305,586.06718387762
221.0,695.4591549570249,20503.88969500223,729.2747003826238
221.0,764.2026635614019,22116.164939350554,713.8438642343441
221.0,605.2672243836129,52254.01431191766,740.8340129767266
221.0,507.9815400294799,82753.31528613658,727.1403396256924
221.0,706.7122278520309,35743.95147745916,712.736240769077
221.0,512.470335625077,463668.1164330593,591.9333840735372
221.0,371.963017005276,214564.15492299065,607.349632781157
221.0,348.30120879200655,510085.88517711003,606.3276470511048
221.0,416.497985240831,671545.930147155,599.3419606516753
221.0,363.1856107241662,401816.7470869262,604.6803190863099
221.0,847.7832014940244,12168.58778633451,761.7572952448957
221.0,381.39215148259376,575005.023959591,600.0308451146208
221.0,583.2680728786934,194725.41080558757,677.4943014140543
221.0,726.4370941131349,74890.59781556786,708.0511591296486
221.0,434.2116073789369,669054.3592280268,587.2434499222255
222.0,829.0266452576516,447.4276502503893,761.4241707828737
222.0,558.4976237151732,82534.34452783738,708.7719193816749
222.0,603.1924631257576,168831.95014266635,637.6368249141841
222.0,374.1794725099522,557729.9210783199,630.5839917077625
222.0,355.32806225723624,834818.974577535,631.2381645796463
222.0,790.7394624099248,6241.062208997543,800.7772601158923
222.0,414.35124316264654,272796.0812764447,614.956673005597
222.0,574.5512028814566,43542.33996448919,732.6668177282497
222.0,423.99913201789315,552761.3359199854,587.8186968874265
222.0,597.3504278950177,11066.450217237376,713.7856431440517
222.0,414.9699516460204,894129.6877895866,599.2098229892435
222.0,368.80173908408966,472591.77936111385,634.8054024728459
222.0,437.49441402648995,489019.50034370436,609.2891130490033
222.0,491.4299886850316,141360.37651740576,703.4004814887372
222.0,380.78866884461155,496058.0289357471,601.9684357355735
222.0,538.815195316694,408315.0247411439,607.2122147817502
222.0,933.6568500767742,8019.0384968913295,701.2546083638521
222.0,376.31721287520304,367382.25500198297,618.6551688334769
223.0,700.0274016208975,27265.793603950096,705.8939813573252
223.0,400.9534877203607,365154.6713955447,599.7862947605722
223.0,619.1619719015414,53084.56836657996,749.1372096966944
223.0,600.5715431004178,89618.87349626998,711.422276603388
223.0,349.62518340542044,616083.1037025744,651.6958692352133
223.0,445.1073254818132,275137.92541991634,627.4161244424198
223.0,449.4758721893697,354143.0868658788,614.4206505396529
223.0,356.7953607173616,260617.64691741113,667.6563262836942
223.0,783.0857580483527,17965.0486332855,722.3971419472061
223.0,402.40668544764554,307683.31319900096,642.1246185946611
223.0,486.5270979965044,753023.3718057596,583.6245625938988
223.0,485.03240862068697,254601.14932464468,630.0523938716337
223.0,382.57290755094624,770483.8040266623,610.793341057832
223.0,596.11047228003,74252.23690883903,727.389886260422
223.0,393.08155246846013,657374.2414918124,616.3175806703431
223.0,660.4140789048266,17238.97809544847,764.556969412219
223.0,409.8590473274202,169675.40210166358,633.0221498114718
223.0,364.5681512412277,426238.06244110013,630.8516553376147
223.0,629.0263686161376,78214.11308624317,701.3526698966658
223.0,556.2200597628735,65585.39898160867,754.4946566429524
223.0,381.2650937018802,321091.16866517806,635.3903451998078
224.0,417.4389460075863,319703.4320475517,692.172213540763
224.0,673.7398631125438,42671.36367700524,708.043197623895
224.0,583.2239495731933,7047.925621474515,788.898903746282
224.0,368.7037475347235,570967.7703126252,674.2038718747095
224.0,338.4367114861844,583528.266373333,619.1600776898368
224.0,451.17231754127414,341396.5486248215,669.0252973717924
224.0,570.7241083417177,194917.46746755857,691.0198204412026
224.0,396.8836528211151,223652.28903015485,694.5786894425312
224.0,553.008770541806,249176.77519501027,691.3134080945433
224.0,816.6620044503333,18011.720896794777,740.3601886288914
224.0,420.6695407007201,502270.57501350815,608.8726062315671
224.0,429.4060956450595,344741.80117534986,616.7832868893706
224.0,378.1150680003812,363672.6726764085,650.4528797277585
224.0,548.9535647791995,149986.47871612245,766.9540038709677
224.0,457.2929144345625,435822.1880756391,594.5553496111877
224.0,998.4051440369842,546.1675059918783,764.7682309650902
224.0,346.0591534772593,912469.5607275247,569.8562725058503
224.0,605.1086150111098,25736.54217909511,755.4322288860644
224.0,586.5882185652077,113806.2502641828,683.0897665966057
224.0,608.4007483001839,47451.57339717316,711.7795697701556
224.0,643.0512850195278,97273.95417497003,664.5982720692949
224.0,389.65071371092694,386139.5473359006,626.9433986124048
224.0,689.8088924957422,7296.054614791763,761.0559710270719
225.0,381.2719839189973,294748.2821000046,653.4989883861016
225.0,360.7392306482085,604182.2312101378,646.3561606169721
225.0,429.39530039047514,158690.73345665433,666.2514432648826
225.0,393.18242313938066,313618.45041867765,598.5849589652865
225.0,570.1374025810551,30502.553685023115,729.5292193381124
225.0,694.5005813239177,32228.904929430326,694.9904237687774
225.0,705.5821194385765,30427.72874323863,712.4389464839843
225.0,375.555709758985,360061.5736687364,675.5448745049674
225.0,387.79018356481623,645905.2493639173,601.1693481261639
225.0,546.7287144673927,96176.87748538468,700.8035274690607
225.0,431.8058970106048,426814.5191061017,597.9631793075089
225.0,375.29060975823694,385422.2774840723,675.4422546655884
225.0,434.67871155876344,249292.73151525142,653.110038164459
225.0,362.76851826719087,305514.1634347124,676.7670044582852
225.0,428.4401347130563,285569.76938783226,646.4534444491176
225.0,552.8958736035569,177924.15524072872,581.4002585947447
225.0,800.2121883474681,4248.884543562799,768.873933937932
225.0,583.2629868693334,49056.39598091607,726.308206690989
225.0,462.1908368410401,218322.5101695634,639.5178309384743
225.0,388.0507107234309,482969.3673345708,592.221057932243
225.0,502.3554261022494,270045.6544516185,634.0873069322972
226.0,379.90107962018595,739630.209684941,587.9705487813949
226.0,627.418143665027,16946.452933762965,759.4039351503839
226.0,784.0215295588648,27595.694266706472,710.8485200287442
226.0,514.130827638757,81184.87870571221,722.0979153304731
226.0,559.2076539431696,64466.36531388402,754.7916817459005
226.0,681.212868615943,2380.325737667359,765.547597616578
226.0,398.93423153867684,470478.1458296727,635.3996211364545
226.0,708.125543604108,56527.31932256308,716.1274101066435
226.0,434.1039471451613,297206.94712302584,636.1489102523163
226.0,622.7201814359248,55564.727542870605,722.3989563520953
226.0,475.0806311743888,113029.02440066662,695.7413341237259
226.0,698.0495853890197,15572.452918446,747.507824010088
226.0,716.5492732226766,19913.80560477336,725.0061637316419
226.0,349.1648137362256,537905.6028215345,588.3067521288211
226.0,440.56714875942487,270598.13060221705,714.8784232842274
226.0,395.18418428427333,804080.0938558237,582.4032779421061
226.0,629.5716259720797,109636.79936497254,714.3179831199275
226.0,373.54417463859164,490812.5450413038,597.3173367270598
226.0,410.8507356121368,384486.19026517094,602.5792630426417
226.0,428.2221200190984,756938.2266699154,574.0098482500468
226.0,463.9629028478656,308061.20105652075,629.2447029220498
226.0,408.7967786032616,444923.1483952325,616.1953106445633
227.0,471.96411658998227,272117.3808591495,636.3657267744095
227.0,633.7758816985099,73626.07829452786,683.9435678818279
227.0,378.10012488703063,306559.1185878869,632.6685312462511
227.0,428.37209866842437,298197.04972285463,615.1220734851906
227.0,813.4321016513928,10327.323868670668,738.7872261723293
227.0,749.0699475305603,12092.914565891737,746.0782930067537
227.0,737.5182160169501,19219.482242345464,702.344345397946
227.0,572.0725041785944,40823.36235611646,717.6450427953965
227.0,498.01268210968334,265814.99933070166,644.1431518356259
227.0,429.8469523810401,465918.07421483047,595.0506850643161
227.0,588.8086333641778,170918.05280782573,653.3619507789948
227.0,386.67745370537796,424657.7638631847,628.2536302606914
227.0,480.1953130263282,276499.9095015242,607.0689257685882
227.0,390.2687967739751,235159.98279951295,694.0863218260969
227.0,631.6452454515129,23559.3322740031,750.4190030269234
227.0,383.45813007178657,471240.5716716385,630.6124919096909
227.0,559.6403288334054,84419.77494611747,699.8477396856199
227.0,365.37521667963256,460851.9848226561,656.8355025223998
227.0,548.7210289792388,117571.96224289788,725.4790871770917
228.0,366.1243002669494,626878.411926516,609.6464130071961
228.0,826.1298940396997,12558.699943187094,732.7321177366234
228.0,383.4655337578452,284460.79694660835,669.2002219963421
228.0,494.347354313495,305227.357878223,646.7641377835189
228.0,404.3557046288241,210826.89137432133,680.8373247226921
228.0,427.52894641579735,355966.1544123024,621.4471642332595
228.0,594.9859695605456,79490.83453531335,684.6886440651822
228.0,796.9497540855144,25974.854429576942,750.6911575248803
228.0,364.9025618874632,293066.14927223534,650.1883465376795
228.0,337.42809899534404,321005.8083545537,644.1450430601834
228.0,592.7107800681821,151783.3453073233,697.7012270725677
228.0,519.6498607579375,689931.3155229343,592.6569968782323
228.0,637.7083809331507,55596.72768375122,678.5806148487169
228.0,344.7509907891127,303047.0247119247,652.2473703003975
228.0,738.052700540656,5745.542815164887,775.8492549522332
228.0,879.1568406261243,21940.688785912906,707.8273619996816
228.0,640.7990144642927,5951.143388105183,751.192841234954
228.0,533.8964956008591,468193.71039501426,614.6057965690454
228.0,469.3216519594821,1075504.023006796,589.3217036728889
228.0,545.305933664354,84385.38100909027,707.0872341954251
228.0,351.40827521526,633078.9912996362,598.1468540201025
228.0,561.037086685209,45481.7446446533,717.0658306419377
229.0,390.58876265899505,413539.4148970108,607.5702916074546
229.0,648.9017501101299,35950.15584903529,737.2731584470151
229.0,495.285290983578,105473.19946256539,715.7394611176366
229.0,372.16153948021906,428327.81059647945,677.836298922944
229.0,626.8555462483953,45411.668291429545,720.1278142272952
229.0,1009.1812824714341,13477.435050953984,740.8795331760508
229.0,389.10941384659225,333236.4032052494,612.1976599275304
229.0,436.99029971181346,271340.0538681859,650.2375702872332
229.0,431.1568756759914,243680.6310375911,697.7420891263558
229.0,378.55827609864014,440677.4149120539,663.9646010924764
229.0,406.03735764517035,861468.2468854229,556.5012742264581
229.0,908.7220005785932,19472.640799521458,775.7672927855242
229.0,351.09262140665203,630780.711795369,642.2767161398635
229.0,925.0402599424303,562.866188178137,830.3239083628914
229.0,609.8310672988242,115290.00625798303,714.3330391679709
229.0,690.5902758881876,117164.32405249798,673.5952912264556
229.0,800.8709907525595,21863.92718677099,723.0848297399523
229.0,470.92536009638235,555390.7166382575,596.5179699842067
229.0,369.03755514472124,470254.21136535454,620.3155436952305
229.0,445.9492588020672,610835.9725563985,598.2408400022806
229.0,734.1693275581399,46348.701018715765,705.6194714799491
229.0,435.37125711699923,313615.58800550224,660.341004737435
229.0,391.2872224972562,564149.4022282569,603.9788899531666
229.0,674.9520819147056,124091.62921739937,712.0436526412251
229.0,389.0113080786347,434111.41370607435,633.3337369066718
229.0,603.964286167085,138118.569097144,683.8249477542719
230.0,488.44737999039205,51682.72595555483,773.2138116517075
230.0,634.3374930795011,53196.39318697463,696.4852682254408
230.0,646.3565563683802,20646.483674221312,698.1660732400316
230.0,469.37220467772374,266726.1205816297,611.7200349063007
230.0,582.1752326829612,98073.54338925902,714.6626891018511
230.0,355.45993519305887,589353.7473018067,610.2068437598438
230.0,397.68028710223166,221030.96673850127,642.6753966874384
230.0,378.5797700508995,396558.5905786788,590.2171537501584
230.0,619.0130803402155,44556.03552096595,711.8573133152927
230.0,372.57086416028494,302695.18457590346,641.8621358985436
230.0,936.5554397162551,1334.566368780881,773.0010591319206
230.0,634.0768925266503,62325.2614625649,681.1418243467592
230.0,640.3051569692353,38236.35805082944,720.2384140627748
230.0,408.79289745526995,192455.65739906233,620.1754888167463
230.0,428.1124905994939,873137.1579005498,578.8341788255077
230.0,566.1889379653243,161183.94143000012,696.0569028160224
230.0,562.4833066758908,108671.97382754982,711.7140415305414
230.0,357.63978433814265,376982.6032803536,646.3867112671779
230.0,585.7454009417888,103042.43667508829,701.6367202298477
230.0,587.1314384539979,96569.28763816987,723.2577590143164
231.0,667.9296750100611,120242.54478454753,697.022832606114
231.0,523.4887346614195,79865.29886682877,722.0225841274854
231.0,710.9666069754869,838.8010691033039,767.5029480720913
231.0,420.41932267554006,590437.2904090848,564.2110939295055
231.0,678.7705624395869,57477.245456594304,700.7992724853009
231.0,660.6628725555915,67751.38176532964,737.3806781354075
231.0,722.0452105398093,57326.27008364206,676.7107083592099
231.0,358.4215542172501,501325.1189904164,613.1939435719206
231.0,395.6218142969523,319041.1097526601,672.0828607385448
231.0,845.1155924026665,27198.992038470322,700.66842830648
231.0,407.0446077640779,349349.3637289129,631.5667017434125
231.0,463.00156739633627,274905.4641547471,620.4448488975597
231.0,857.940016158737,11432.164919764164,739.023890485565
231.0,642.3767507666902,27028.161170802,749.1911485717364
231.0,709.5539007198488,17892.92146255265,770.6714734498437
231.0,414.5240073284102,643284.1262064236,601.9325350330647
231.0,377.56686663012084,411858.9558432267,660.1869400054526
231.0,510.7115408487639,83455.07974687273,705.6289520997427
232.0,349.9252039552159,226740.13222430748,631.6832855612186
232.0,431.9023127847381,617462.8739416291,580.5420741883355
232.0,1019.14165090953,14442.368017248511,749.8079561461526
232.0,516.9835982548489,27907.46426115745,731.93536994991
232.0,420.2113797378875,647546.4527830197,589.7273202598218
232.0,557.2951177952393,27342.6163049228,755.0947200627628
232.0,478.8176529977463,415283.35429053457,609.6820047334644
232.0,576.8156122836623,118476.63708362241,691.9460167607363
232.0,887.2899025321966,15038.02964798927,754.0499146998832
232.0,394.4575432309208,464044.64823036455,617.8463324366835
232.0,668.4196241225666,21745.46773491494,716.8519309245142
232.0,609.3130277246618,72915.08713373865,731.2169632450099
232.0,514.2721482344799,105978.2505574337,707.393439672798
232.0,391.20533366612455,622624.7942002751,620.4939169118859
232.0,344.1858221590861,522577.31147700886,646.7454746707186
232.0,770.0742991682372,61023.95428905347,688.1824061486477
232.0,783.0796076987979,58232.926876626676,707.413060406884
232.0,510.09653291189045,178981.21397924767,621.9499363322625
233.0,882.2867828520721,517.9848881671574,806.23288979499
233.0,646.4656138146025,114939.20806237408,684.2756399896343
233.0,704.5681016170805,51128.88933943709,709.7581030354278
233.0,621.9485491872035,60873.80856674711,738.1906434094781
233.0,383.96055791581813,284977.5206351477,662.3627532766382
233.0,716.763916131496,19476.208309333302,741.9947133827999
233.0,401.40434069970604,520218.12533037725,615.8832815736437
233.0,392.38600483272626,606481.9243868951,589.2479667633878
233.0,593.2267782223565,165951.06864602765,697.634084750139
233.0,373.13024841671574,562837.2241147743,603.5989028258084
233.0,385.94738066463134,627116.1989334626,588.7729653662728
233.0,1053.779765016548,26008.770161624758,737.2529947140852
233.0,484.73279202646836,169041.28901082213,663.1945969490965
233.0,398.0109179128227,257218.21555293744,623.9006816002008
233.0,398.39936546403493,419562.35275580076,617.2426609705379
233.0,632.9896589831274,112501.44849155653,714.5082883917071
233.0,647.4348505398611,34259.732158029045,765.0964946690245
233.0,681.392855752267,46460.29402596125,742.1407402510008
233.0,376.2608963431376,354240.7625606069,630.9657279590668
233.0,475.2663411818948,323679.70066491916,600.2877247174266
233.0,316.81834406073716,546601.266138894,627.066889758651
233.0,372.5070240998748,502531.74694409204,627.567156630776
233.0,445.46563182235786,199867.32777709476,711.3578533294623
233.0,712.6107326652992,73115.54394351569,708.6446831882016
234.0,496.45148351663744,353304.1503225915,624.0468093115439
234.0,409.69078108039906,759481.900443322,596.6414743672824
234.0,413.9692503334517,449765.59660415765,624.843465161727
234.0,356.33993725114397,267492.3934013815,662.370689252326
234.0,755.2453204342643,15510.042093651908,715.56798984608
234.0,433.8533097848027,359518.0742007231,655.3295551205797
234.0,717.2559824283877,38750.36316027326,709.9323024859344
234.0,565.4924596009829,205620.6627846401,739.2471926735008
234.0,586.0247921408172,41515.39764057296,697.9757533517043
234.0,443.2418223371464,488603.8077976739,611.1939413136207
234.0,390.96243858111484,428521.1110692734,656.2170060565487
234.0,455.7319249822537,642491.7424816362,559.9069957059702
234.0,722.2395864934434,34642.913090327354,773.8401342065421
234.0,654.4232770896767,45908.72903296142,697.0851143311244
234.0,372.6854525020236,613107.3042319873,641.5878982079657
234.0,585.1788373609886,46437.28336730555,720.7098066196489
234.0,624.5786447371216,155580.21087102615,645.9352427387272
234.0,382.3339234394958,429632.7360643059,641.5280574458707
234.0,400.8086665609212,456484.8627958258,619.2897552451221
234.0,411.79129734028675,501912.5955593358,598.612808855111
234.0,733.703755675066,5476.254353008642,733.3765502203607
234.0,347.89568549684424,464989.4567442086,642.2323515869374
235.0,727.1909385962646,16819.809685511424,741.6309967729115
235.0,453.1816787044141,222987.1525958258,645.7206669057255
235.0,318.7626299781954,604189.029364916,623.3874465454941
235.0,381.2811629592173,198599.29246318692,651.8190587953676
235.0,479.0529439419136,994994.6461370345,560.1062839023087
235.0,608.1497441665805,16885.572567742773,762.533993787747
235.0,330.73529676642113,378264.0303711342,621.1075788502338
235.0,773.6758098794083,11174.06902005339,771.6313953135037
235.0,693.7649216128549,48429.40112858499,684.8546481402697
235.0,749.0970852446502,27656.90959033228,729.2757617559012
235.0,670.2373378021578,69531.67152178896,686.7052699698996
235.0,597.7131229295395,75036.91011732757,721.1869525824687
235.0,643.7608286704149,61160.713315710695,719.8755069539367
235.0,374.40614929457956,335853.2468254309,667.2375112184741
235.0,464.8261263514363,104350.53702624934,713.0448778131013
235.0,589.6468772513081,29033.21101292277,738.0112942996117
235.0,379.1463645148418,308861.4033894736,663.2808428932774
235.0,642.3103833074191,35672.477700762574,728.991108634741
235.0,384.39554904210524,500704.92564466665,591.7084973828977
235.0,387.14133653437307,181596.60543934585,668.5246253713738
236.0,461.3951740953361,195851.2165180525,642.9376077598164
236.0,888.1106889600555,26538.32960839494,779.7401175891968
236.0,364.04722574884914,586748.4325631014,650.4037725760613
236.0,400.0956124720001,317061.98449103744,657.9204781013199
236.0,939.9796832214292,20775.184608953274,697.333066831118
236.0,621.5971886329249,34526.068330236965,714.4620499924039
236.0,402.99982943070034,222429.593317684,611.6310704353124
236.0,366.85412266541294,431828.56992600457,650.6467292109841
236.0,445.5653613884887,204895.67904754818,667.4411305409925
236.0,400.07195348857795,356413.82551566063,642.710528998213
236.0,519.477864949213,154506.4421319512,742.5672489968292
236.0,365.0156216138899,275485.39962980483,682.1701679871646
236.0,426.71045628586273,206329.48672218056,682.730867591713
236.0,345.33537504867263,656341.4973605396,636.3926146651381
236.0,385.6046474611093,413255.24804244423,641.232399269794
236.0,595.4076676290979,53368.82548106496,731.978213119267
236.0,391.31502488196554,374745.90036339016,596.9877893072864
236.0,377.8381771314953,465713.97285263106,588.8934462544894
236.0,383.9956895770107,843951.1185470767,582.4051432494473
236.0,473.0297907444436,336995.71593458456,598.5609805354682
237.0,455.1539026981931,384654.1173285019,594.0658507459293
237.0,427.2375642985709,261190.04102171015,644.0505059852816
237.0,629.4907774860328,16986.167266725457,714.141893498837
237.0,369.3807299966088,618968.4072261994,569.7438502774322
237.0,1055.4350899713045,584.6286866704805,791.658519889516
237.0,370.88016521773363,495581.2863659352,620.7308612519354
237.0,368.4535240243303,281947.06476083875,652.5039932590375
237.0,1037.0104537522018,5156.614809296219,861.4331871524959
237.0,424.4373247985118,487000.8801250087,633.9183243283544
237.0,599.162457323999,49840.41277059832,747.9678822349158
237.0,555.903585292876,256023.61138845404,615.7554012814625
237.0,617.6015950674296,19780.273757073377,757.0043569654594
237.0,494.2476043093326,89428.56760962172,682.3264518072151
237.0,443.1746470563445,397285.159771503,614.6880433902729
237.0,528.6833069558053,853178.3461143764,559.6093350904977
237.0,322.9564118814938,434459.6290488035,654.1960435488689
237.0,421.03731767438506,280687.7784554607,695.9121858887081
238.0,705.9475248287758,95342.20336566168,658.5311178514586
238.0,696.1951059528461,12682.051439469944,773.9973908418932
238.0,407.2023621637972,734611.6389412238,561.2589764408747
238.0,716.2106265846132,10674.918787620289,733.3822108090587
238.0,813.3192537603727,556.430418770409,759.2087551522238
238.0,386.1009074573001,365481.8726400868,644.3105503475385
238.0,587.4455241751351,160536.58532665757,676.6549260694281
238.0,459.3060575532766,217117.47247503253,654.4376367594245
238.0,442.71792167523324,333810.5800001261,670.7167488707275
238.0,375.66763511650703,879750.3425272855,567.8208005985149
238.0,382.2076058221931,437418.7409355679,634.4661102927913
238.0,541.4576838823634,41518.9352391317,700.8961105938706
238.0,359.24337837785475,447689.70333493093,574.6234703287615
238.0,352.97358522928863,377279.1568587708,645.1717624592964
238.0,342.561767074643,495797.99108291784,583.1220753343789
238.0,359.2466222738618,278465.3415788964,683.9493911997638
238.0,639.5060229149428,36422.275832004314,745.296470297819
239.0,855.8258919600878,15023.320782418577,715.2991758739449
239.0,960.9836283638612,2739.7351224733948,784.4182052942643
239.0,686.5640592920707,41183.363509952935,713.2640384189922
239.0,689.7637356485826,158373.595657261,701.3773386117052
239.0,542.5197261924523,101212.68215907387,705.5709986903789
239.0,607.2166593813585,145675.37718915954,704.2981125308627
239.0,408.33338626758336,274135.0702605408,625.3424005244982
239.0,606.4469735134394,12945.207050743606,768.3691666071887
239.0,367.2011513692862,507609.59194816864,678.0920724356752
239.0,383.4545435617097,408763.8773559182,604.594725198857
239.0,445.7070694276109,610157.0044430353,600.9787645536006
239.0,649.5526459920138,15936.729080795498,719.9169566712814
239.0,592.5310848119844,91724.86352285773,711.0707226353057
239.0,373.9657288674664,467608.73857615655,616.3587019184497
239.0,642.1419862216908,63066.71589684505,726.122732266164
239.0,778.3301693518443,22343.1004229761,714.8534556909901
239.0,419.70095526988996,343883.91281658155,619.524932234181
239.0,795.3338629569045,10451.358286687137,797.1369772611021
239.0,559.8288241586376,193367.20466875302,690.5949721141201
239.0,637.2654198667177,33761.1375765054,762.2142048339771
239.0,380.86212611543164,417647.2798922674,697.6321755348976
239.0,819.4885187439156,11323.139345024301,789.5625319499874
239.0,350.4015607468441,844496.0578206917,618.893757852588
240.0,721.3315778702992,68516.88572733919,704.6710292033767
240.0,687.593612660188,15941.003480335514,720.043439624383
240.0,935.4570952760934,5125.379929288073,829.1877605193824
240.0,407.0599626896057,234658.27144967616,640.9242965888492
240.0,368.3758886059823,410980.0749124609,597.9292568173784
240.0,779.9935433792664,70169.07134317518,704.484505344141
240.0,1083.4765597544956,547.5319514503051,874.5985127828812
240.0,633.5465932144291,108296.93243835898,716.4865207896286
240.0,452.25585986368435,554539.9996823136,585.6305156011601
240.0,390.46360284226535,851018.5574517194,583.8403014952506
240.0,537.3468710389051,23288.972847354817,730.2088617323595
240.0,333.0904320234019,392590.6707554692,610.3322329431601
240.0,359.24676128871187,335418.80762805755,643.0890014178507
241.0,570.1531186347039,61896.404999513004,715.9699615811772
241.0,698.3306088383554,56800.131188052386,674.6607779294555
241.0,597.6666182426643,111501.8844325213,694.7275019930197
241.0,357.3617805729844,429678.0804326453,595.6424097677994
241.0,399.2887372930895,341994.96059877245,617.9865240610295
241.0,800.3416634087856,4566.910214507029,752.4311976959386
241.0,612.0690619224184,6949.7417630983055,778.299346411261
241.0,443.4349623571704,210645.0834444454,655.6379062820432
241.0,437.6440199452068,338994.92142432014,603.5450143953205
241.0,639.3808038617531,12379.06921444511,711.3797192770662
241.0,434.2060545131909,407071.17449729616,613.4813284248889
241.0,717.8439556836539,37766.47167234369,702.5896886119282
241.0,633.3005933850724,12724.88915380809,741.1655426929057
241.0,526.3380910585086,256750.96739170948,616.2734843914812
241.0,371.9971018029195,464981.0735094127,588.1189414447897
241.0,416.02293941482753,341260.4330008704,658.4632994851828
241.0,626.9649720416405,54515.88588733405,722.0848607334801
241.0,345.76043413408206,339691.54651379207,676.9020186582536
241.0,531.0295700725878,208375.3905320465,717.1986627267147
242.0,644.8702831651541,25007.440441754028,765.2486873525957
242.0,660.1066023184902,57298.18200235025,721.9411694535813
242.0,886.9856992901911,5710.223722390785,742.2340655428497
242.0,407.0697295680536,174610.29420408103,684.0869234738109
242.0,978.8723904529954,5123.149789763147,777.4746040406797
242.0,1079.9175329526001,2266.7060323883293,847.7093680363372
242.0,363.798529188062,273869.7000040643,599.6373015236812
242.0,681.5243495294056,16593.82279298596,702.7610098265823
242.0,500.1378254457488,207856.57801404415,671.8102756811938
242.0,570.4734190491837,43485.837703233985,727.7420379701583
242.0,369.7482606540152,212380.8663720141,624.0436128990782
242.0,620.112326388541,127110.81573262202,679.0197882829492
243.0,407.11474159057923,565242.8575856463,605.3678588235159
243.0,676.1172766430593,23241.8198885585,727.5152017117578
243.0,491.5097712348264,251656.69654154318,715.3639050276158
243.0,387.08467025476847,666346.6655144833,633.0027349859901
243.0,608.0539408790255,49852.78656145337,700.6191080183689
243.0,602.1775651049691,42275.190890103084,704.7320495613984
243.0,678.777476317355,7666.565539298244,762.7550512270327
243.0,422.1620049432807,448707.1483421687,637.1543831377946
243.0,533.9822068026409,73860.80280535444,736.2201885412949
243.0,837.498515976917,553.3512323087696,771.9539149540667
243.0,628.6026136710569,41338.985135438044,749.1304883484688
243.0,560.5024510792246,76393.46573242544,654.3230648497558
243.0,572.6057748799013,54131.976000364375,671.3258831036748
243.0,370.53150150807653,254382.2517521694,638.7680065265665
243.0,592.3006032660429,469581.4009957233,583.5521491792347
243.0,578.5940954415416,44999.40300421313,732.2481131443616
243.0,459.04257147367485,391496.2978460961,634.5773109930452
243.0,440.2241238886564,498989.24228414724,596.4652813557026
244.0,330.5986481240172,487457.4344063716,621.216903126129
244.0,609.3571570951601,41344.72442392185,738.553279008426
244.0,786.7993549365677,39654.27651512489,730.319645034085
244.0,609.1957597664431,44045.07535629622,690.0050455835702
244.0,879.7735147211803,11093.522843376591,707.1869515955876
244.0,515.5872454349685,216854.1625759918,656.9885236200358
244.0,368.49028016725254,357538.799874784,628.9273001097116
244.0,661.1081064519697,42636.44432082003,737.6387367348617
244.0,431.791035129386,95596.4556699233,709.788403580696
244.0,368.2901950272417,444156.4996062697,661.3350052673838
244.0,508.13544152038247,456006.8883131806,605.6096950496358
244.0,513.9400496697674,331017.06650816044,623.9183818145136
244.0,864.5522297490927,14203.232256170495,723.3762796947362
244.0,412.4578020396338,246038.7569560029,665.7560510846145
244.0,399.3900176036384,274285.80341738265,681.6807245886182
244.0,372.8333194082399,571453.9167269402,589.3825370256278
244.0,1150.2470162135767,2787.099757576245,825.354162767755
244.0,584.1055068582672,70362.69762579454,737.9861022749332
244.0,505.53772778446165,86801.03453080387,726.3358073095924
244.0,475.5580305435051,253635.8985427179,654.7576772329287
245.0,668.3088317278788,31348.585092173547,715.6029581575632
245.0,388.8981617675942,389474.7822647604,642.8929018351281
245.0,991.1872719356355,5348.77844897171,795.2301013458829
245.0,403.56181099935344,440947.8821559117,639.6132463495954
245.0,392.5096188373162,619673.7567283009,589.7021784453927
245.0,1037.2708241230853,1324.478699583255,847.23878397866
245.0,1014.2346317407585,26058.644406528474,719.0916220082942
245.0,670.7529841137048,92926.30512149443,689.519611669456
245.0,608.2167750331104,40510.70163885976,739.6524077447984
245.0,608.2195812983913,22405.334425690402,737.6315770536353
245.0,539.2180609593278,236545.18351009904,718.6213225817844
245.0,599.0759747638629,56130.90876507884,722.2456448276142
245.0,626.3995166545178,43898.74006519718,726.0186547193038
245.0,388.3796811452281,458881.9055727773,601.289699729854
245.0,333.1106488766172,667535.1275335841,568.5310491753924
245.0,640.3458397887808,122967.60039708328,707.9336034055094
245.0,399.65376731942143,448209.98407010833,605.5235198925216
245.0,962.7814176649841,16415.436266625882,754.1241421231719
245.0,370.13661069050295,632575.403360826,602.0933225436387
245.0,411.9905613810725,262840.1317239383,629.216634714044
245.0,468.79189198530605,424168.22561224975,615.2004837801765
245.0,369.4451359506381,584581.3002075793,629.837893137007
245.0,381.5551750881994,599813.2805782403,622.4801792166346
245.0,383.6788170160799,482306.6984265065,606.6739870195696
245.0,415.40883797269584,427832.10757139005,611.2584503753599
245.0,591.1503184715742,77988.03798566663,716.7768729317107
245.0,653.7676825015652,180435.7702672291,693.3410934728645
245.0,552.0958633445528,50583.55824325989,751.5333523165734
246.0,401.2547153468349,375788.6663920865,703.4255694367231
246.0,367.99197716494484,428607.6253214017,622.0335802034721
246.0,777.253539158912,533.1905372518553,718.8373610014899
246.0,546.7055685381658,134055.15353462804,704.591630475114
246.0,478.27428547107377,196450.7421073471,660.9433682339562
246.0,644.0075460733768,13313.005689758267,729.9386838072534
246.0,431.2354987559602,918432.74352596,584.8738582029385
246.0,408.0930795863008,269887.2922671207,678.8357683387216
246.0,332.2004001686194,468246.4124535539,642.4148736992217
246.0,401.32193567967056,331106.03856472357,643.6448136955119
246.0,458.45704528129244,352161.33325399243,626.4666931658797
246.0,770.8670491687058,57653.431335585796,726.786939508815
246.0,585.7029082326177,118766.1562128178,707.5329347867083
246.0,900.7839286733692,518.804740214487,792.5930132438131
246.0,506.8462877073809,145448.6402455385,707.26682536408
246.0,393.82415252277974,162681.23655348783,710.216831120266
246.0,565.0865913485299,24183.720099944498,740.8518167429103
246.0,606.3687191785618,117355.65429988982,720.2249280402579
246.0,547.4327688132187,80713.42813759403,746.7039916186402
246.0,412.40914069696686,454747.0224815354,600.2987747000924
246.0,442.96262876815695,900402.6057999085,592.9484788690039
246.0,549.0706119524357,95577.91785373799,737.2068338109389
246.0,379.01256364593695,489571.4007527583,608.913438016931
246.0,611.1067677466937,65481.03713516256,737.0467417982151
246.0,364.6609383793703,390030.89950100624,660.2177579387895
246.0,539.5059658540587,248482.7446079894,660.7443191556198
246.0,509.2228899814363,509316.4660811018,597.4217532493487
247.0,389.20668645860474,616237.0085037657,605.3158021747433
247.0,372.6072299664947,781456.9642141397,594.7930409508813
247.0,372.4305496073446,453896.177404929,614.5390688226569
247.0,581.132568568601,19828.057265321808,770.3909002154965
247.0,443.2375979555627,1034994.6924108873,577.9244999314783
247.0,363.7731074641919,534019.8598921861,631.8600361184755
247.0,433.0456208453148,187260.01010470517,689.748111480264
247.0,422.45652311656283,549985.7453227519,603.0046273952333
247.0,373.830212798129,710862.3394018374,611.4986409325655
247.0,419.00298516860363,384129.65608703747,649.210705543192
247.0,683.8159189693498,3972.5875025452365,759.4925961384791
247.0,431.4729499295828,279307.81159113866,608.074372412976
247.0,621.4332120869402,76491.89545233166,707.337394743065
247.0,508.6460983653597,114731.54230596403,736.9683833012333
247.0,438.1831154760932,566482.8071945857,588.5813700650915
247.0,819.4109189836944,3553.5914909348994,763.7907867459751
247.0,335.5207564515446,262306.8730243351,649.421659924075
247.0,355.9277401614827,650387.2317499933,621.0723483428795
247.0,513.6666693950037,91650.13471839405,712.5971845325581
247.0,638.8558853750583,34312.3796708159,720.6087732612075
247.0,633.36302421133,22361.17102214668,732.8932416024455
247.0,433.8066789590971,252749.95446840345,622.2056432971266
247.0,986.2566381196381,487.80429650982666,790.2510177042675
247.0,767.2351000652969,551.070441046439,793.1043296848736
247.0,631.1356255891213,55513.88998277585,687.2209815270343
248.0,610.504836489298,11174.142178437776,734.5632050281262
248.0,821.194345137515,2900.2073214345655,720.7545485914591
248.0,551.4394304160875,248785.60591388415,724.9872022321485
248.0,618.2926580260691,24767.69629526726,733.3944188805679
248.0,587.8714415840741,45375.97354770083,736.97031886812
248.0,377.01733109903006,258718.47964621065,608.591684151086
248.0,383.9112590182339,961697.1061069613,579.4455571343568
248.0,443.87936305823774,740733.238324258,588.0867046278512
248.0,646.4521233281453,38174.62712054351,697.6379410057033
248.0,416.2416724081596,665419.0817118223,596.8859812035221
248.0,670.6171572741465,24794.717237378427,653.8964027444264
248.0,557.7462580997816,96188.91327002898,722.1582329084624
248.0,412.49114758697016,248950.47903618406,660.2269989035027
249.0,371.94881667830697,520118.70029285125,609.6109363419799
249.0,669.0686837339475,50151.21139248588,683.3083480150892
249.0,1082.0033092646215,754.3428307993797,706.5376997562995
249.0,630.2153786367438,54138.066044942796,731.5972989990958
249.0,360.7248946430308,351223.0961675704,678.4165335023455
249.0,763.1820495612782,36186.5153972212,721.1443144810776
249.0,395.8123236901998,376217.45391976443,651.8710462077853
249.0,356.1178096369382,890748.4857566918,586.5733540912466
249.0,376.61131609891754,749432.3499576384,594.7333369573805
249.0,640.6004532132678,66907.36197458877,730.2137722919281
249.0,476.9093922567722,263543.9300908161,671.3202098826962
249.0,596.1602962968227,43652.05947733098,757.5924460901016
249.0,660.8972707624999,54355.86733267737,725.9107886555993
249.0,669.3256007064755,15039.496435163039,726.5283998676599
249.0,426.43063880720155,323502.70560977736,644.0094750946223
249.0,665.0504871252184,22249.11467966794,776.185413276517
249.0,364.94961566847275,310273.2282766633,700.1248358535205
249.0,460.75625954722045,81666.92660550847,683.5230435705259
249.0,420.4884935932215,361467.2346582631,649.1649592056227
249.0,424.5506843035862,338229.29071772087,629.1703443217848
249.0,386.90650555421314,436959.81863567804,565.0294223289185
249.0,941.2021399462603,14086.723665208188,768.4251734592208
249.0,441.1994727722372,281775.7703306345,696.8973438943575
249.0,363.8201949048956,646081.6715139509,614.2516325979689
249.0,400.19947420950996,365280.015462796,600.8601486132186
249.0,333.00170577006304,700672.7389187295,623.777086987992
249.0,482.3745977361205,281835.51615095243,651.8128495744214
250.0,690.6477618898454,78515.91937201034,663.3711102990363
250.0,346.11494538784433,486707.2101896432,614.5711490346465
250.0,615.7919461928074,59374.225402921955,684.5811246305237
250.0,582.7425013464384,15547.906376822211,782.3105366002909
250.0,898.1813948816367,1918.0811225497769,768.1497709898408
250.0,659.4283748932525,20016.2539884082,733.3313281628989
250.0,512.979333733386,130695.75776680869,675.5056478753971
250.0,787.6406591576851,15037.44927844102,717.765766448595
250.0,441.86778977120736,619001.0059649164,578.1486270690352
250.0,976.4706241397771,40412.43668299051,716.1252049293348
250.0,462.40218590119144,583412.650239448,580.5048699342545
250.0,349.5272169485756,249944.53603251578,616.2492839510664
250.0,618.7614135332528,28086.884189256518,735.982061591207
251.0,487.8551860885223,71599.07190007308,735.7834307515164
251.0,658.7677521970156,28427.193136091926,717.4554586855324
251.0,404.09389053255063,324373.70086908905,643.6976256998848
251.0,626.2897750468586,14276.03394622061,729.1774320996682
251.0,667.2720604492504,53669.70960561522,698.1223334655444
251.0,383.4868466223897,209598.342553559,684.2229606502895
251.0,474.7223029867985,221995.0616458244,659.4421245717937
251.0,506.3447674317759,95919.59659965162,735.4034625547089
251.0,478.1930162772981,907999.0214370382,582.3506869952558
251.0,422.4425124706324,298294.2738023604,626.9809441733684
251.0,564.623866250375,107523.79790373247,673.3121706440544
251.0,372.81857337840916,327057.8053149403,642.1988660154603
251.0,481.8894173533969,740849.2137783312,586.5973434405408
251.0,398.0706254461469,262692.68986618944,657.1678311279744
251.0,606.732514069538,60937.21263907604,678.1785710157545
251.0,409.4398911624955,239561.72770410575,650.1656725427898
251.0,327.6692574752032,377556.994589842,652.6625323265926
251.0,777.816468365396,5829.929311522098,739.4043208458261
251.0,366.58524391362573,444482.3298878375,614.1117832281045
251.0,405.5786462347709,609748.253372865,599.7967187692988
251.0,543.4200776703237,368639.70969985175,613.8152371050297
252.0,744.6217211674207,57142.57370162196,682.9778270720325
252.0,414.2659188581871,228368.31357112245,679.7091212463356
252.0,342.0964210407545,482582.9834588084,570.8291393694147
252.0,552.0296876127927,167647.56952436548,703.0745621409199
252.0,391.5820502246115,356162.5975473123,671.7742346736376
252.0,604.469994818324,106484.50203297695,690.3485382715671
252.0,603.0835816998914,69522.45351943508,707.7339900977354
252.0,588.362234187025,1261.2599419974358,715.9507208713763
252.0,568.362938986586,91904.31859753712,741.055789996377
252.0,425.23769882645706,400365.2886909767,637.7260051543743
252.0,925.7359026264967,543.704832045432,812.3360012791835
252.0,380.1492423065171,407401.48640294507,599.9523016228184
252.0,435.36212741951107,204692.44143813217,642.7692194373735
252.0,646.5683432861445,61052.000658611076,714.5353277038381
252.0,862.4243651988024,81629.58848425583,656.5816745794215
252.0,686.8150336986143,41146.389615916974,702.8675051105499
252.0,634.8471106952817,67840.87519173937,715.6308617431282
253.0,382.05261267131254,297091.8668424701,681.5571140949464
253.0,445.14581687636166,524012.9714214594,601.1446717930717
253.0,408.7451946331008,320561.4584610504,625.9519467226186
253.0,841.8820134087551,48612.74582664557,681.25051359438
253.0,1027.9141968134347,5351.399343788252,800.7087179996894
253.0,1253.113079534711,1435.776066423235,854.8066222666957
253.0,439.6221813632263,269053.38681097573,662.1125735414072
253.0,360.20523205372956,501437.7710517704,663.6412414357036
253.0,615.0651154178591,67065.88488844252,699.598316627779
253.0,668.5392409479655,43579.29559096631,723.5092861351084
253.0,532.384655994057,157728.94166029862,679.5535170737552
253.0,1317.4429178558432,42468.35008171988,728.6018234759999
253.0,1110.5161152261007,519.8549718100144,858.9265675816071
253.0,529.3051542274399,210311.547872031,699.7115518280839
253.0,367.31372810254885,697702.1325489478,592.3500157128722
253.0,631.9639503038254,10748.381579235685,736.0003552414878
253.0,607.1040545916261,103718.64788485401,727.7258928381526
253.0,407.6123714149925,326718.7227069436,614.1174414484893
253.0,720.5336128756453,19106.974935925595,732.52841191513
253.0,405.6336392242416,495558.1949820338,643.4326077197339
253.0,358.4347280947763,552176.2342073825,626.3610561102431
253.0,676.6516789011628,9675.416003696284,750.5269913480879
254.0,350.77510001002764,443378.29507762886,643.326977262262
254.0,601.3862526475583,27752.741139284044,732.7334060862413
254.0,374.0577495583863,386591.7991536149,620.0459450471889
254.0,487.0710538297916,365813.893934816,626.9036775804158
254.0,370.08810762668696,751849.9205866416,581.8005067411497
254.0,342.7875852826442,229168.53507595358,660.5645947266551
254.0,774.3058931250973,578.2053550858798,720.1932789720425
254.0,762.1601239863187,14078.719787725451,723.0253319905839
254.0,656.0532524374324,116561.72397542518,702.328377481108
254.0,400.3641514774561,200855.57761965925,679.5451869461906
254.0,347.6633930879037,921861.8092288378,626.8317570604078
254.0,666.8623665531414,23000.78891874425,747.5407418793977
254.0,559.0908739578741,25125.51487952837,749.0194756711354
254.0,360.31018452729836,495337.68654395174,630.1276989108665
254.0,457.13391456753965,344162.8615798102,632.1083566831832
254.0,751.4513312087265,6702.636913224625,756.8377020452291
254.0,427.82600417692765,392953.8611978412,588.4205060353181
254.0,672.6155153778745,20971.617040735076,790.0867812625249
255.0,447.0510404745255,264244.28669183253,646.0931965481075
255.0,1023.4702674043994,9047.893297684752,751.4339875676654
255.0,642.3605950577788,22691.026501840646,736.2834758153675
255.0,649.2611675871399,53751.07639674191,710.6716162628419
255.0,650.5486582551974,41710.69894671423,734.4170587350254
255.0,409.45130319880064,483452.825906968,595.7730758801317
255.0,390.47022896753407,613452.6773355204,600.8250482965173
255.0,494.3765156435664,234230.04374986835,653.363767212192
255.0,406.7683480017901,295385.5736042204,666.1209276537321
255.0,583.9278393619186,83809.11745749865,707.7261189370737
255.0,335.1497773698152,372780.9301016483,622.5408518865955
255.0,540.2542496770202,63441.88801387535,730.2093553635233
255.0,847.1760115617767,12066.9351332089,697.65610282368
255.0,402.16935215439423,428674.36737411167,608.9667513972867
255.0,577.1039451251386,10074.82210795458,748.9033599612627
255.0,579.6822239672986,229125.03405016806,677.2513673963747
255.0,701.7599893802366,12440.335820077567,723.2848996441312
255.0,381.7814949170071,545667.031677137,608.3479284048104
255.0,1024.5920152744302,505.75157278784553,826.7031517136971
255.0,657.0046435314832,56511.00390297616,706.5896092655784
255.0,1044.9424882356318,572.1630596652047,818.7013284552289
255.0,467.1544750089987,252551.74049319283,708.5883772984625
255.0,694.0616710563144,46882.28350319983,710.420446324785
255.0,764.1787658474053,181058.69881955942,704.5713401538408
256.0,576.1089289550191,36341.52127150034,762.3799378950602
256.0,1399.1759256734906,414.58109298586567,858.7234115699626
256.0,662.5812411294216,82065.5057066086,650.6079791154431
256.0,396.2102138368179,516839.64934956224,624.447656579464
256.0,614.37816964976,11708.835357389913,744.1112767812297
256.0,394.79393838143807,583500.8982139408,591.1794730025904
256.0,482.41016211267487,285984.54228820855,613.1161311125051
256.0,801.9101202060016,24100.238642869197,718.4670543680638
256.0,461.4627788472254,354923.4323925068,630.2965947969269
256.0,438.6646485296588,415137.8206508285,624.2353328356118
256.0,399.25342863658227,458179.1721724994,599.8254045739544
256.0,337.2554422844117,671790.2997113635,585.7714801184011
256.0,379.4993748259673,381136.39595759584,657.3658955162584
256.0,328.36816366279254,569700.0664538235,653.3411781748658
256.0,404.18996619743695,337539.9909968576,681.8922159885794
256.0,382.02757046150924,660974.5845223381,610.1371710228741
256.0,644.2451894543906,49017.3922054953,739.519632985806
256.0,434.08601375446176,483347.70250238985,594.7493026109562
256.0,1239.1514524795518,5075.287865697294,743.022985278174
256.0,423.5912486765161,328770.58453446033,635.5452222668604
256.0,861.4576230895802,529.0438984728576,751.6231722694614
256.0,822.8477861179404,1215.0393019158432,788.0778768674181
256.0,878.0965640696265,4072.3055231230574,745.4572610525236
256.0,763.2808487118879,61515.33522065415,689.4065936868295
256.0,408.4640103844037,507976.85186780884,598.8336970107537
256.0,407.0610396593697,350155.4131564976,652.804867712263
256.0,473.30518552793257,397545.77378088783,570.2528448960809
256.0,749.1877630601527,2806.9430458698644,771.6485783432498
257.0,814.2133902688043,511.85027186854336,779.8841957980468
257.0,368.0459758221861,375506.293032125,602.3938882986628
257.0,418.9876658195478,303466.5229873394,645.6471165297628
257.0,584.781484554661,56902.17950543392,733.1233274966339
257.0,440.2703652006472,231815.139094657,667.3028773163278
257.0,604.6288227565831,36382.984187432914,757.0669205625557
257.0,583.0237164544673,128102.38918186426,695.2896793678582
257.0,565.3431399515517,325305.42968632944,632.148128707737
257.0,635.8313459790498,95896.407705497,701.888271272799
257.0,354.70798997797965,583497.6792740184,657.6401518632773
257.0,405.0390295331591,795373.6375902669,597.0048388751522
257.0,799.2049149213909,730.7234698987404,731.4007872142315
257.0,361.7464288315172,609057.2993853495,624.8654879719056
257.0,1005.3279217830503,479.2866478120817,764.7931597140449
257.0,647.7464625155346,20579.566220860153,695.7092931211199
257.0,470.76451876064,217674.87415346582,709.4901531341976
257.0,475.9015700189315,153727.44191094328,659.3302608525155
257.0,426.7752453733832,378000.069810611,589.9432293819827
257.0,362.0884836549982,560452.2984414857,662.4261913234319
257.0,531.4142265548431,109656.94119177337,709.0720147918523
257.0,600.8365169155404,38224.84651220324,716.0526622057031
257.0,770.0948076877864,16334.916255439257,757.0156094700635
258.0,493.80190604997244,77146.69453420994,687.9465754403358
258.0,1051.8975177288535,568.3473734779301,754.1671924307096
258.0,618.3316121446406,14792.199434821205,739.0908830489415
258.0,366.3383185006792,301145.937039022,624.8154212949222
258.0,582.999731213857,24295.084096152594,734.7741581440999
258.0,652.9740818272988,2787.567368933818,750.3142627652593
258.0,387.0613817171213,633215.6433363523,620.0559660459519
258.0,474.41892338237136,610355.2140744438,597.1519315575397
258.0,699.7548377613742,7211.473725300644,717.7649598926868
258.0,1159.8646577103068,554.7263998229577,857.8838958216363
258.0,628.7552533194204,137013.88617160192,684.7019489097155
258.0,343.96931311675155,651517.3208699977,547.3286637687235
258.0,610.7980356512677,72296.72188795003,713.2759622865167
258.0,458.84557318581204,191980.1717665356,609.5193128995008
258.0,316.32300934911177,401185.5515109346,659.2640432856319
258.0,437.2978183237874,295971.5937323925,672.1076558500714
258.0,616.7367867407335,22405.536806678734,756.5800164179401
258.0,761.8444180130067,1621.2903772316758,772.3390106662243
258.0,751.5947061598604,40667.484907530066,677.1158325926267
259.0,421.1356458066727,363755.09379443055,621.7097974658825
259.0,372.0505676343031,495214.0246817492,611.2303583449777
259.0,546.2353758977882,362659.6768316071,637.5573849600672
259.0,591.8031782404186,11626.22924583673,711.3390124375761
259.0,560.4764263169453,109275.49248696829,734.8168593223093
259.0,899.178977635154,567.9406497482973,787.8002696527258
259.0,591.6246195640009,119486.75063624448,717.9138343160488
259.0,564.0399827227156,53123.34654821194,724.076300710427
259.0,485.0945311453949,493572.2476483749,599.9404393204393
259.0,378.5192993223648,422707.3648541232,613.626455665176
259.0,403.9801565905351,232049.2818527621,680.7781948702288
259.0,662.314020155744,87113.67662008373,670.1907343324717
259.0,431.83417521392994,509816.0236101411,605.0739796453759
259.0,433.2790735064006,187449.63114246473,667.1046481872256
259.0,354.5424164200365,439419.5243425138,628.8436856122663
259.0,350.50455263588515,443081.9551500083,669.0991000909249
259.0,383.4787535955066,296468.00578806835,640.1167726886266
259.0,573.4508344239125,52950.51272712536,736.1977126547731
259.0,393.5799117164423,552013.718288348,565.6980972495408
259.0,884.827562448917,3109.1948161157597,797.9343891603348
259.0,426.65747644206266,261170.91497604814,644.8439617451484
259.0,561.9106666491764,224004.32425209266,641.7384782161115
260.0,833.783813596726,24554.01971528879,723.4228809977145
260.0,653.812479079996,40888.8413360282,725.6574638903339
260.0,599.5412325659207,49363.34667485585,729.3967610906901
260.0,595.6822703970385,58008.73129500773,779.6271147315784
260.0,692.6284062759547,69258.88527061984,706.9158741811846
260.0,668.2147375442867,18952.104200099504,789.3655713751294
260.0,418.38690868055244,692815.4226748998,585.1628208543929
260.0,592.0845830999712,61222.86034172547,758.5084039541529
260.0,383.98914571066194,275888.2471088533,646.4203516364643
260.0,503.1287918012108,505044.25315063394,625.6614491170097
260.0,369.83847859914204,304157.7889788418,632.6319381432997
260.0,745.4996427544216,20462.222089835315,740.7995215218302
260.0,773.2804603320292,15087.092405877813,727.8727926410502
260.0,677.049366165485,60672.533152483484,717.9325100559519
260.0,589.5108915578993,87918.27979011631,707.849010670935
260.0,379.35735069591357,785446.2421284985,591.8831716171358
260.0,742.5970524104719,10175.580809206453,769.7466097387329
260.0,339.9328504446405,522867.75868324534,686.8157398545598
260.0,702.8396517253356,35004.365507115624,728.9719309958766
260.0,371.4347076610811,899022.2045071934,596.2818652580312
260.0,652.1723339801865,102946.31942342137,669.88714215163
260.0,701.5736590879765,40078.75050138837,735.9637509126208
260.0,466.7241037735152,236613.2522982245,663.8700334928762
260.0,364.86952264268945,395045.3526606094,638.3544054603343
260.0,829.037173422397,5287.443523232396,744.9832753124515
260.0,370.650347393407,825201.690681257,613.9530098286732
260.0,944.0797467921972,1902.3302108998587,831.4053620194642
260.0,674.0157613710198,21316.56014384654,739.2384104838634
260.0,1142.8124928669292,550.4615342924058,866.2548119335091
260.0,568.6805083535561,195004.03713320615,729.4205829735596
261.0,427.9380473951975,201571.5701046862,668.878995217721
261.0,373.1672681140092,394156.3144649951,642.5596315927489
261.0,635.2468501832872,42728.20472531089,737.1685870111472
261.0,411.1327611706116,301813.8634518148,663.2871698893094
261.0,678.5627901380427,13663.817334790972,735.0079813819297
261.0,400.5555771793428,274579.34774962254,682.2576720889193
261.0,471.3076263107499,229115.40170655318,606.8122890464534
261.0,589.8945343604456,52982.03993879474,685.2229330344595
261.0,338.54049334742905,325535.9098634253,648.0400535267248
261.0,392.05331848873476,608858.7932771483,640.2188912607672
261.0,626.1948394904242,47177.096770654556,659.2754278965455
261.0,724.2469522699852,22777.005382339135,730.9599190015969
261.0,439.54464700548385,277002.2814882277,626.000887509803
261.0,392.25376338987235,560612.7784594558,625.1000373748594
261.0,362.0579532845652,720318.2415674597,610.4000267065692
261.0,394.40313544034365,638598.1609020821,600.6943743826432
261.0,589.2679340517875,91866.20193641399,736.8057362277754
261.0,648.8508463045487,29672.125101922924,739.2527777037466
261.0,1143.9423989727425,564.5679227196251,772.0255877257559
261.0,968.8394434615809,572.397775932633,817.9176670254883
262.0,679.4132130646531,115177.32410325616,686.4986930209906
262.0,510.49784529077647,254226.42206987736,668.758288441807
262.0,513.5854571347742,34081.66377384169,758.0755419426627
262.0,613.5584164770935,15917.3643341353,789.6073595493187
262.0,616.0982488437238,36097.52391035263,727.9812470564506
262.0,357.6755687848856,373898.33444488735,612.5633259967223
262.0,531.9267955393578,44918.78772545622,731.6219548134397
262.0,708.6787392511872,11655.16916281293,711.6564314931861
262.0,387.7058391420159,341828.8118690911,609.1314552342727
262.0,752.6245132827685,41370.52727519541,695.0852668454015
262.0,385.9860007186853,270648.7874709461,667.2339417773088
262.0,409.58035991486616,153562.2960206725,669.2334018686593
262.0,889.2582949706057,26123.56804874454,698.0698802493245
262.0,726.8137123950382,51024.79683431277,688.7993765821113
262.0,663.1631015220048,31311.792274844225,714.8351738845279
262.0,440.21768040311275,822619.4582325912,578.4200826639797
262.0,603.7003647362573,44088.38591964753,741.7573657555668
262.0,341.196717943224,474848.60752475687,624.4575126552493
262.0,350.0763474992329,471712.38195792725,594.085649831988
262.0,441.7492726354815,267803.3869190069,629.0678527027407
262.0,1047.7837762562706,9015.704479915225,802.2021260772351
263.0,681.1725506697054,18150.96599858028,780.9766453674335
263.0,427.4422853434377,408651.63897823653,597.2790048861617
263.0,565.2537447853723,193020.7657991628,710.392506338118
263.0,626.717372787221,91538.91149020684,684.0873133491771
263.0,740.2507337463079,7743.920176318402,746.5631406253611
263.0,699.9281794065569,38211.9498225939,742.8701503939035
263.0,460.6310721684959,200721.22035649812,682.3210443376986
263.0,676.1569301859946,73538.03206506155,716.3763296233885
263.0,428.4785586785508,1020301.5392347656,592.6015028435583
263.0,454.6583172892263,542048.6876892574,593.6210909277419
263.0,378.9971432834773,395089.67907934415,646.9242292097738
263.0,544.0852969923715,127499.5771554565,734.0849636298187
263.0,606.7026663748657,113166.45775944584,683.4660818270753
263.0,744.9075380753311,91252.6790506263,702.6964263850136
263.0,430.1940372994544,320078.62556600303,615.454642056356
263.0,636.2552546798898,69211.32392652718,733.3187916295441
263.0,426.9993015603879,372545.84979187854,710.1911957299817
263.0,783.639142858376,56878.76441725136,742.0620820608553
263.0,886.7384367882278,24376.344436404823,736.5524807931005
263.0,405.9015683777431,431154.96504894487,602.0725568110732
263.0,820.6245416632481,68955.41134930206,720.4063004799312
263.0,595.7673935859295,76628.4255670388,745.7247310467419
263.0,685.0034635534544,47300.29722854326,767.1963083183339
263.0,439.8232238980596,157130.64714245504,736.3628142786429
263.0,525.971912438616,398959.8201133632,601.0488715696309
263.0,385.35828911591165,382709.11065870494,627.3204939137189
263.0,945.7902516210468,7511.763750088781,850.109247967316
264.0,576.6382818074155,61025.63938402603,706.4638467254825
264.0,383.935831804491,200030.26406870692,626.1372167178381
264.0,397.65543377743995,819109.7356821268,596.3679782124174
264.0,817.0512566136022,28426.71995755469,697.1660248713229
264.0,615.9509743715854,128253.99422505833,679.0734413590842
264.0,539.229040472162,96666.49252162097,740.7743525275891
264.0,633.014007044294,127864.64552572284,692.7816544733545
264.0,379.60901837020623,497659.46771390794,606.8738894121313
264.0,648.2354016787147,27286.099377644226,727.2152933398334
264.0,634.9143758952007,53463.9292894204,748.5663811121461
264.0,358.72483162097353,385482.92750294367,623.0804357337934
264.0,1066.0446883837749,14051.348265683071,845.8182790112636
264.0,685.985247253686,116356.19880027026,667.0681506809644
264.0,482.96485134318107,417860.55644773034,599.5399098606939
264.0,471.8658148242819,452400.14092548366,622.6958661286398
265.0,428.59193337799957,660967.9968747004,587.9962220191868
265.0,382.6511260373842,434590.71775341214,612.7812588449428
265.0,361.4738122777021,529937.3676437732,632.1903294138154
265.0,714.0383959813453,73175.73401638109,720.4219187177357
265.0,512.1435138276408,224270.1331285688,688.6193078761196
265.0,412.1977465497516,179052.42478774348,698.8911375165621
265.0,800.0554857445061,41967.59994429225,708.3970725257961
265.0,625.1803945097605,36004.332673303674,731.1842120239578
265.0,629.7651820949327,35032.92899650143,729.8722944180788
265.0,392.85695298692923,429290.89800741913,663.8799749416015
265.0,429.15939243154827,433657.3817011965,626.3268770939306
265.0,364.7553487825594,434182.12658134,632.6849888454171
265.0,424.0479108340585,450883.06428127934,594.7859021536559
265.0,659.9640225838242,142495.2549917318,704.2405044756624
265.0,775.1565588953889,109276.36102223171,683.7405352454596
265.0,484.2592314259999,317479.6879318546,685.9284729832068
265.0,657.6681839329339,128755.27542267038,727.4114363274417
265.0,693.6023986568965,13847.145457785113,747.7452422463381
265.0,407.79467743353325,327745.6918746227,676.620353045586
265.0,391.9198339245167,670165.6817832387,576.3572569159917
265.0,413.07972021502945,508272.46541899774,604.80865222483
265.0,347.46944818501606,605386.8925541557,625.3946503157549
265.0,391.88712621784066,183528.9978245278,700.9310898756696
265.0,437.30825176157225,407931.9099994099,672.85260913443
265.0,538.6566867504138,195918.57909179275,662.7630987029318
265.0,543.3224982029391,133464.23271330743,709.5577411204999
265.0,685.8514062442441,72646.69326941337,720.8657186315412
266.0,567.4656580848593,46383.44735711341,729.3582042513681
266.0,384.4867536123377,268398.035266647,614.7172194507898
266.0,518.9974478726347,107948.01781931054,706.9963778240171
266.0,716.8886355176749,1315.3117200126571,734.4527351669907
266.0,504.9687096038459,719741.6558673134,593.5342644188237
266.0,400.17970759752365,609920.2796138345,594.3997052672798
266.0,687.9314436547785,4746.371503262741,714.7976105808276
266.0,460.08295899539485,146390.01857168667,658.4656193615654
266.0,366.55744442414414,402898.5409577599,670.2976332178857
266.0,378.43887508032907,445348.0461226903,652.3902379405667
266.0,676.0253984091869,34515.17082615197,728.6619171720461
266.0,633.3233294655289,36768.58908884877,736.5490273933505
266.0,503.9455612974983,93567.03118470508,728.9688967664415
266.0,616.9331308691444,109248.24086045504,680.8803226142508
266.0,456.35964442221183,217424.5649891276,665.3987051749348
266.0,592.3644489632417,103949.86064304656,713.0162500597143
266.0,338.0173854204635,607479.7585721634,651.2805493468347
266.0,379.4634524508104,526082.3579878433,642.5887356284907
266.0,383.97794233929665,1001678.8241939781,612.1772446742696
267.0,350.39086394333356,622394.5248645912,607.6045890102731
267.0,374.3412721372425,467168.6075653912,634.457708396072
267.0,742.9549970384202,19974.61541254907,728.9299383237087
267.0,376.5807289009243,222078.41516454984,641.4050605507482
267.0,440.0530887780257,309666.96762438474,624.6857410994279
267.0,556.3693680389135,179164.98806363528,725.9426694734258
267.0,746.8104444214932,26549.90634275656,710.8941024073024
267.0,432.9048650741308,322779.7128234747,597.6153350892465
267.0,630.0151467346863,77620.38756691797,682.4687375074373
267.0,363.8055933537475,572144.8632025813,640.2514317309273
267.0,906.2578331380588,511.90563256920166,788.0443353202871
267.0,351.9526616697485,444521.87653117924,651.2748987128128
267.0,344.9177437622335,219625.98724067,704.695784981025
267.0,380.48793154808135,534430.2190262921,595.7189854432079
267.0,789.3374046385813,6245.3853475791,733.5005500751128
267.0,822.0502741531773,19621.694329265447,722.4766860210556
267.0,558.8965514873303,36572.69210151615,714.9000947238719
268.0,388.01584842079643,381169.8102163526,590.901920812207
268.0,415.5666103478001,758620.3234770726,570.873723719582
268.0,375.09600781229966,377584.84661019937,662.2637146374242
268.0,404.88625501623477,314151.926635112,628.5532318628342
268.0,444.6049798105508,248139.30266404562,629.7678581623596
268.0,399.9664310953553,375343.25937218854,659.9860733609855
268.0,504.0587222822962,505029.8068084784,577.527275246916
268.0,380.26096097691516,843545.5910876946,584.9610737870245
268.0,630.0739343372435,35719.5511108784,739.8254673719462
268.0,542.6302116396004,102647.38099185306,721.3233960367996
268.0,850.4701585072868,90168.50156397975,701.6725082072066
268.0,352.735054632127,460084.6510109922,652.4905050088491
268.0,878.9126307033783,13788.73295415696,699.3394657205025
268.0,592.3251796314861,41455.39002374338,702.3765826328997
268.0,350.83530237719344,783987.9857008214,608.4577094314703
268.0,410.9297140063132,295401.77996391617,614.045328900341
268.0,347.84338941738025,863311.2819447954,579.0517476433802
269.0,389.85325556056716,361345.7619235325,603.5121779387571
269.0,1206.19726424665,12842.500867190265,710.4131692463615
269.0,346.5431894936071,683650.8358629951,553.6273109125342
269.0,575.8360476860807,70594.91308806487,690.580533108284
269.0,630.8969678308404,29272.32117783745,781.2093633160273
269.0,535.4020597650849,165563.9203079338,683.2153815704241
269.0,342.61276978101097,409212.4751171412,644.1001331625312
269.0,785.1183219829492,7727.416848130434,740.0472400115902
269.0,382.5220396957028,539375.2658452683,623.6900607571614
269.0,703.6977067037456,19137.39800315695,712.91233706389
269.0,368.1472684013111,276600.8101340633,672.7393453218224
269.0,413.8112152596519,264225.8391385132,687.8063435233541
269.0,729.4744836488424,46744.04691434167,705.2411921747292
269.0,694.7000287063971,19755.449506867702,768.8935848690122
269.0,630.4569839045839,33135.7676747797,750.7039036758639
270.0,399.9198154890334,842126.9994332984,608.5007047691885
270.0,431.6295800550379,406330.614869954,608.9119390950416
270.0,388.2163780295534,293284.6420060351,679.2169002936142
270.0,450.8787532344675,303903.2432496703,663.4370239219091
270.0,350.52844793822385,441766.85124876525,647.7866204159267
270.0,447.429185360846,494522.1663486901,605.6209728137836
270.0,549.1824907059803,148974.67472341505,686.4234020129198
270.0,384.4098308030216,393337.61470179557,656.080310143846
270.0,444.7948912599574,778926.1408927586,595.619445514749
270.0,506.69115565908226,575105.8700810478,594.6644584234058
270.0,561.68872901134,102202.44810718615,740.9949875136117
270.0,550.9453218375098,241765.59779665206,655.9084428583484
270.0,455.59046010150365,230264.1715220962,683.2503290886657
270.0,655.9797746426898,33607.55939325209,714.8689814866253
270.0,503.7548603286122,230375.84149947867,673.6439259105708
270.0,370.1524275034983,498428.7316614947,620.6256297898682
270.0,634.224767402693,103760.33530679515,686.5030351995392
270.0,429.80127546705825,308032.99935094913,674.1627244200649
270.0,632.987476423242,102214.01473744764,731.7573515398539
270.0,626.7993526554742,65061.08119926921,748.7788888955482
270.0,362.7218357171214,857995.8719287174,587.1230402219365
271.0,596.129939710137,24603.19689166631,757.8216549904413
271.0,634.2962146244088,35675.62365146499,723.5562344051331
271.0,640.3371721598415,6846.945363104838,755.5740560720375
271.0,457.9708302423203,182248.93011088582,632.122650596365
271.0,396.5600086880685,339933.29143377795,700.0450751425603
271.0,665.4567346051225,30047.761191330083,703.941966159133
271.0,358.9460261607906,498158.0392452264,578.3252875231772
271.0,410.17039004554596,361149.5301080399,633.717764170825
271.0,411.7459214050507,467748.0093509318,580.104564354533
271.0,644.7600235566432,29701.206646138522,743.0768374602476
271.0,419.3936049768066,317105.0744845924,633.8509491486066
271.0,396.5922347578947,363457.8125638602,614.5543817474017
271.0,714.9121565873996,67115.70457043922,700.4618854910328
271.0,390.558233377261,431607.7163556662,636.433558979248
271.0,520.5662757235827,354159.4176568966,627.5510244145396
271.0,596.241121965585,25604.320855958995,757.7528412873046
271.0,408.07377297394277,298867.53732926864,688.289069553315
271.0,665.4662709438866,6673.743643689282,732.5612605577143
271.0,350.7062138731422,450954.54155973357,650.6656860858824
271.0,434.886454391978,196628.54523509528,633.2476887188835
271.0,583.8779505806373,77794.831267662,735.7815813801229
271.0,406.37157068321017,415340.29995396535,607.6613535565547
271.0,894.7524436902808,5497.740253394238,718.244502628997
272.0,405.49035739453365,242518.50046298595,690.5461118934686
272.0,638.6400390142961,41344.71247864557,774.6226716411813
272.0,692.4876126208093,16836.415876281473,771.8941414913741
272.0,728.097592731805,87226.5254499078,678.9735900318669
272.0,753.9087092091481,85384.59633944082,693.5850299302408
272.0,699.2063800139085,47302.42474900856,717.1872604593779
272.0,443.8081705905791,309811.52475475316,683.861210111882
272.0,685.1897089038373,47668.64242561598,770.094945443029
272.0,890.5140830237837,10336.427073231054,746.5866583701437
272.0,363.0903566671513,659017.7123276219,605.1683545105758
272.0,419.00757386038777,458138.47224368853,593.2599787182288
272.0,664.9666492273427,54561.33064831515,753.4431736490343
272.0,401.6656509766335,782006.3125145283,578.57834501412
272.0,573.2013568349927,55149.559140848156,711.2310686595268
272.0,589.9915964616351,501963.65443286824,587.1395738653881
272.0,564.4935910407231,68162.40907642955,713.2200983468048
272.0,957.3939351627027,1566.2202719711322,785.7573613008359
272.0,507.2127758796191,305551.16444516147,644.5212000588186
272.0,388.8954923670786,470266.40384614334,638.7158719562516
272.0,530.5074011589916,178807.83293229953,692.4928602324385
272.0,368.61269386562907,561854.872384002,593.0210578326692
272.0,745.5844045336686,45077.92829281916,736.7610179985737
272.0,363.5777194197717,326973.7629094815,647.2350412802949
272.0,368.1251490487627,611571.7905733453,599.6269742731938
272.0,506.2167306834573,147988.43811731445,693.52777912345
272.0,386.7162145842198,191621.4174000414,692.7674011859895
272.0,348.55811834732646,551458.5750849711,672.5753528933571
272.0,352.7469224373818,407814.26989259466,679.727062594851
273.0,479.1946304590338,85698.84693954959,759.0672361309172
273.0,444.04182082121184,474287.5350539279,596.6223060811632
273.0,556.5604661139351,83832.42676195317,674.8340436662158
273.0,466.9540680075566,203218.57666719062,667.6939753029086
273.0,401.7629766508176,466742.8865170482,613.550457535291
273.0,768.2079529012382,20048.229736747227,739.1018200677561
273.0,553.3495045163683,164453.51627177722,671.6906285475781
273.0,950.9696588746708,502.6338731014914,773.1790021537463
273.0,365.16158773619605,469340.1764651661,607.7684507673508
273.0,411.90154156381806,420790.36552191566,629.1065250782218
273.0,602.5354175664728,14285.703931624406,770.4795577380739
273.0,358.6390284382518,401848.0051099856,668.3595645056258
273.0,598.3418488691043,73076.48864657125,723.4254199870425
273.0,357.9488565214686,568725.8728652393,606.2359239976129
273.0,384.1874321171477,456959.6036364148,646.4620225858969
273.0,654.5191211359476,20556.3400315021,749.0433376953467
273.0,392.12859657874264,370886.3889517981,632.210355306137
273.0,705.9848439975964,45618.387670206575,691.6886966306156
273.0,634.0447629255186,30260.27985337411,692.3405545888822
273.0,376.6540831869696,685257.4844138057,597.677907616427
273.0,756.794731421592,20828.96660005041,727.4543673688624
273.0,940.5477439772926,560.7323725130008,809.9879596142284
274.0,688.1228686617033,100569.41903642168,695.8587882479789
274.0,1141.2108243854389,3270.1500801912584,853.0828089827515
274.0,412.8538066289354,589969.0758652404,586.8528259094068
274.0,701.3740908100426,32499.437784061247,681.3961910012094
274.0,601.9860406762758,22317.438922982026,713.9954612568226
274.0,359.08010300957056,501323.99133881874,645.5826626846556
274.0,374.25384392501564,518897.63049465965,643.8666008338374
274.0,355.7978334431313,570654.3965519381,606.4908410401258
274.0,402.6774487890513,242142.84633107265,626.5658448379517
274.0,697.6173311287858,114136.17069497192,690.8088166519503
274.0,361.8037573619556,887002.4980801195,604.7197596247871
274.0,565.9215058638932,109896.91121573396,735.3639762643093
274.0,397.126424164808,425905.31995444506,610.306747366642
274.0,819.1597538869706,5091.000988578202,781.1035048807416
274.0,373.5232088077332,564538.9112524291,629.3123014448778
274.0,312.2651535743507,438614.75093183626,656.2234896105181
274.0,570.3936757655713,84662.07210457217,721.1748074675686
274.0,807.9740978414881,18334.232131895515,763.7319895651871
275.0,906.0022887202985,6927.963259034393,734.5570027382472
275.0,758.4073556545795,28138.608354109387,733.8980358315941
275.0,383.5286989008426,121274.71319123282,656.2467767500474
275.0,818.831728708577,3645.100320189067,744.3696482418314
275.0,464.8387693655293,302677.42184609745,639.0955914577585
275.0,666.375468649642,53332.13098455771,691.2494660023619
275.0,399.348591360016,353498.57672452135,651.7118849860831
275.0,800.1489230508846,573.1576875999159,796.0753370838565
275.0,649.6909184775247,13541.466233450145,738.6027877229016
275.0,627.3587582879952,37860.034168736674,755.8036938880485
275.0,362.54401638731434,398359.45520000055,572.2030290258206
275.0,366.3023274752713,331541.06035314867,672.5734740873658
275.0,515.0033952229498,299575.58480267547,632.4453575721581
275.0,551.4602537863364,249866.83236851502,654.9920540753225
275.0,832.8692865099017,8657.355709773552,708.1673133677084
275.0,356.6292776238734,425897.1465715352,599.7581876756128
275.0,736.306502715433,38465.46526602977,733.7738246960405
275.0,656.4449666632923,98715.91604888493,708.9662086583128
275.0,674.1501369920566,39898.486628406536,720.9736175032896
275.0,627.3571874510072,63536.07822640657,753.5349686033159
275.0,353.170187919739,882036.1678197758,546.9353339653097
276.0,906.1857464320279,11491.179761441097,778.8792284727566
276.0,415.70742253654,424373.811195338,610.575548057821
276.0,700.8291276688219,47053.09424149223,707.9182046781253
276.0,552.0282001740777,122984.92131864802,670.9853994965637
276.0,343.4250546682721,569997.739210015,631.0839567254319
276.0,425.80555914984564,440968.87083649915,590.6410721968173
276.0,356.45132434842213,484903.11891293025,680.1922937045885
276.0,814.146909294501,5175.227882214824,779.0660005352959
276.0,930.6086618850211,534.87164005467,799.0753568680634
276.0,571.0522647633344,33289.829143714436,740.1702627927862
276.0,426.2952933776157,305546.364173043,604.1649949751807
276.0,615.5546109159696,59708.18045580037,736.1213462486603
276.0,396.3299523189082,480702.85011888586,599.5474721876603
276.0,387.5896994692249,346206.8471413329,654.3928294575319
276.0,412.17358584193215,325624.63274928625,648.440087833724
276.0,614.6321704258353,75078.61115891111,733.017371683325
276.0,368.6032654717343,336691.9982869958,684.3486523264431
276.0,579.3586157654474,88700.61803674579,712.0934852955064
276.0,342.25063943224535,512381.1404618085,649.2315348516667
276.0,368.98486625621956,588533.4100256576,630.6431685716173
276.0,375.6194905075802,763557.7553761934,627.9184162680887
276.0,729.2569189288319,33226.172604644606,745.0342397931406
276.0,416.1538540662318,588140.973208938,593.7351126150303
276.0,358.60677633597413,414480.8720926371,668.8506976316411
276.0,389.39792951485543,451930.13534650736,645.8529087612292
276.0,726.2696888415919,71649.42142860439,651.3129445708569
277.0,570.8022165449607,79998.08752266094,681.8481069982253
277.0,604.6051459456594,32637.849092968463,759.3346860661487
277.0,357.02882218612945,644449.7023202747,607.2337249066987
277.0,339.23745175867816,400399.69616609334,637.6759323179494
277.0,396.5998520882896,394150.4480102836,641.3508384462481
277.0,728.578713669095,13227.792070860258,759.0256417984399
277.0,498.70366376186115,509695.97271304205,572.6847828728893
277.0,750.3451649390705,9452.00464103486,706.6524135714018
277.0,401.55106589470637,307131.9337177827,620.7754822748379
277.0,351.62160225256787,440402.7465362948,614.9546092192687
277.0,654.5316612583989,45490.65339676549,759.1808216587143
277.0,462.12790770627765,451388.5658735229,579.5395667813325
277.0,688.3877582059556,56052.01154939483,716.6810076807678
277.0,363.45519439684807,518448.1870879219,585.9253371239847
277.0,469.3688225325087,285915.6620796823,677.3939595819827
277.0,595.991036115587,59269.228091625395,697.2466040557917
278.0,738.5041035367569,17642.892807117667,752.8069237586595
278.0,398.36045764118023,695484.6619243292,589.0261924596778
278.0,855.3263555308708,4263.23164388003,763.7256762775664
278.0,811.2759632282606,8594.950503444876,755.9015385469412
278.0,439.92884850743536,447024.91861036123,595.9042243645168
278.0,379.6224958805581,191328.8893825632,673.2317236105335
278.0,573.1020987309055,29842.61895450802,727.9039982140038
278.0,440.45308168362226,288531.19022604555,638.6349796280244
278.0,422.3023567896025,582447.2995085133,597.4050960525364
278.0,397.526845208393,346420.09585450793,603.6476704986638
278.0,348.88553188372634,347866.25806512847,604.1163287671304
278.0,680.943857282244,22048.665550023354,709.0386330905981
278.0,702.2209937724722,149828.4720586781,706.7589768706458
278.0,416.3762464940201,323709.8005575976,608.0181615062497
278.0,830.4471895199189,5328.561947545247,784.0652395882955
278.0,338.33988180955237,326839.12385378516,654.6393939700947
278.0,489.43540462006,154163.73262501814,644.666003028932
278.0,437.78104505975267,294684.9355282638,650.1133856244294
279.0,400.3759412169582,717501.9925741166,643.4297972805509
279.0,390.3913401558451,337399.7383993128,666.3059930842016
279.0,511.95918680540836,103998.61403355615,683.5436193068323
279.0,693.231766653568,30612.88229628008,720.8804265005233
279.0,960.702647532499,2162.05243096399,768.9795991467771
279.0,449.88171518786675,437868.06375661615,589.3742733679192
279.0,376.4207576993518,777270.7288196839,615.2156325274601
279.0,507.7795054044378,176200.43309296374,672.7672463942487
279.0,624.2028693393944,123889.68503859744,680.4469528931859
279.0,334.7677754413827,777691.373411009,590.5427054172095
279.0,443.35709553072735,310288.4980415152,639.8046439489677
279.0,423.24157383807596,475001.1907551459,621.5443041097249
279.0,600.4805855988064,67883.14913075343,711.2404235829423
279.0,424.3658767156802,528001.7326586305,620.6768183138261
279.0,484.6586549257293,360397.52220097504,582.5790493371928
279.0,435.768848080559,701815.8389292228,581.2803844830717
279.0,363.7791418292354,726228.4281680204,623.3284745181506
279.0,671.4662085152219,39319.94962065911,765.776901151764
279.0,595.3479002881826,35785.32955683324,767.8837347846357
279.0,406.20048146556167,209244.55849063877,642.9051476338856
279.0,417.3237940127746,587218.5557576588,624.6336179620872
279.0,484.18655471928,76159.98777939174,749.1375997310039
279.0,392.9623008038398,394713.5293158199,663.169334884364
280.0,891.9689264740008,27114.342205154888,719.3778263148874
280.0,420.34693690766017,162372.3986390038,660.150179363943
280.0,577.2799039158491,30905.738887345877,743.3032325106029
280.0,797.9618669845795,21735.48650479794,730.1342041804006
280.0,409.6097562314261,502605.3773122296,637.2649029909489
280.0,1352.9842229705482,394.93362760274755,843.3539048109899
280.0,481.6815877185888,205707.6953386396,640.7444884368724
280.0,374.62745765663,558193.4054418312,614.6233399581631
280.0,366.128384820376,208605.74483318022,670.3833267909849
280.0,836.109907797779,54817.96760494708,697.4829255567229
280.0,735.7498333912042,8121.416961074173,772.4855993725691
280.0,301.52813586147374,503341.40124786994,621.8375310718616
280.0,386.3025905783664,525534.6122196724,568.0206130207549
280.0,925.3626110588848,594.7544605072559,775.8064550682233
280.0,568.6262984104523,56289.26001980227,715.3279992512947
280.0,784.358328066919,20821.18675008387,731.9308579071178
280.0,661.8835841973153,12466.468952868569,753.0696737358818
280.0,428.97393892862664,238980.82675287372,612.5946087036127
280.0,579.8379282862477,38610.03755402805,729.3967794831294
280.0,389.1404104883761,435709.6195619245,656.4651260729106
280.0,607.8807454680485,30281.03873162894,763.7436812880472
280.0,344.259699805151,668119.6305437103,616.4875684493363
281.0,383.61864997255583,299164.7902793501,621.9861526123581
281.0,419.41833822947024,801466.0418888743,568.110774661345
281.0,721.0655022554508,8484.064166253564,754.1753407738761
281.0,796.8586167277739,65506.472641620276,706.1822008148018
281.0,975.5018851095442,577.0352849153209,809.717570493348
281.0,606.3750339017662,28320.77941462582,739.0240037006926
281.0,486.3262551205758,229985.09885831084,616.5436163735462
281.0,779.036633923768,6147.914608535097,737.8262615006543
281.0,626.6128196542873,10950.46175039335,726.484680019936
281.0,746.6057725372697,59000.47951037098,710.7796417417949
281.0,645.644869393363,72453.06630682526,702.9651907274189
281.0,724.014111881396,77316.01169083323,682.5086557820861
281.0,349.53678885098043,732828.3246593858,590.9673296267708
281.0,583.1369476241731,32117.49270865678,733.0654515593552
281.0,583.3976360010956,85580.73298155877,678.7703935083796
281.0,357.3292862183999,568843.0662234195,611.7635463482974
281.0,436.62806201323946,514336.24562033254,593.3042238238542
282.0,523.5309056076879,124502.79257024774,734.9181904674879
282.0,528.612218130085,179701.5234966313,695.7658852964768
282.0,733.1349369511346,6052.902985081281,702.2771713387267
282.0,385.4876157721797,620426.3094737795,579.623689715211
282.0,385.182471944684,429175.3676514288,632.0745146335736
282.0,380.615370281649,472635.88423552265,666.8624328191719
282.0,1262.616946664972,101757.81957959406,685.5061289901748
282.0,386.9928870803087,310982.81652801234,625.5933800020665
282.0,453.1580349405957,375452.41710009676,609.7818355147629
282.0,532.2624625850151,112390.93228465911,740.7819600978326
282.0,1149.1600523498296,517.3877834449023,813.3214549991555
282.0,385.5247687570986,595028.5330302389,586.5055259829217
282.0,425.28106334953685,577286.6797243634,619.8869548492614
282.0,690.4917554618945,63726.0664963432,721.0695925834652
282.0,568.7128903695133,24695.924268940216,722.4900206677095
282.0,638.5525300178916,94705.49223033468,704.4439778878086
282.0,1233.5226241771027,425.09776545709065,816.0432093554803
282.0,393.7383584712181,465888.5662370145,621.4083281053149
283.0,805.4118141622807,46192.20669877378,679.6284478820052
283.0,436.2050840508709,228189.5456368812,655.5661442556353
283.0,496.27784317342866,766596.0536675217,574.8098297903872
283.0,751.3268655961965,78347.7185480292,704.5560789625258
283.0,689.5117505117696,18211.399803435368,753.5901306934144
283.0,1068.5758152013805,492.01845853610564,788.0273478411813
283.0,744.9482517180404,10277.721045758244,771.6850039596476
283.0,437.65887786540515,206205.5838884771,654.7416818663124
283.0,546.8164827819498,59878.968075354234,722.3666115023009
283.0,636.9331566764083,19859.291606995248,752.0148242844205
283.0,431.59469646600786,254910.9354501134,635.2470241402743
283.0,376.9657587822819,434134.6142779347,654.374309352107
283.0,650.864507518571,112779.69950651936,696.418565535885
283.0,777.200404324165,74398.61753704937,679.836131756272
283.0,339.39765645925536,453681.755070461,636.6126357587971
283.0,434.26237256833986,625980.4014635826,630.9467081284956
283.0,588.5147004266599,26577.750558651882,729.2577526058726
283.0,401.7841207287532,402494.6612795038,654.0316420268641
283.0,800.432341647144,2125.527307712406,761.8315969027299
283.0,642.8936383937865,78386.92146336545,717.9021164499616
283.0,727.5235465374443,87455.8653912033,686.63832576736
283.0,654.9911115218329,77275.03411204349,719.4091255495239
283.0,418.3533058149296,247626.92484966453,652.8433928123223
283.0,452.87948495912394,456321.6988878448,595.3414665931298
283.0,809.8185694726836,39256.00356181897,725.444876790115
283.0,471.09403027815034,411823.3036156242,627.6867437597102
284.0,332.0749712269823,706345.7001310386,602.8416055332966
284.0,382.04501261777386,235189.99768767995,653.3812506565408
284.0,382.79331249567696,173632.3779611648,656.7894758274779
284.0,400.687919549555,332923.8831882946,639.9402118339293
284.0,458.55400654587595,319886.2787035945,632.0637032903022
284.0,820.995556765725,141443.55918283924,698.6444602247609
284.0,422.75761930511663,423212.16970811103,598.805574117289
284.0,407.8958737184097,337165.1298130781,602.1207255284169
284.0,535.9975753555523,130476.65778407767,725.5808291944934
284.0,767.1173263222275,29719.6605570471,702.927083323542
284.0,783.9515562320767,548.7616878861639,778.3333474409724
284.0,652.1412188856797,80008.90848612308,744.8411597861384
284.0,403.8599304950994,462209.57674452337,610.1507475777227
284.0,570.0840452018701,96198.00477796534,733.2991410933057
284.0,375.5689357283147,444593.447216418,632.2533014521787
284.0,669.294042007628,46490.09990795798,731.3192208078711
284.0,802.0871559350628,77435.60658439175,699.7155440538738
284.0,720.6635716373951,7224.553563061438,724.8642075368966
284.0,605.8234757607822,57319.128811154114,752.2878576277718
284.0,457.6797588772881,594133.3852272092,560.8622067389643
285.0,849.7962160901204,1147.8871638117714,790.8481622605799
285.0,411.8360300791201,431640.82015432045,567.2082260154217
285.0,709.0920377268618,38490.35876700073,683.0039616588153
285.0,471.9792959426984,151356.4179215438,697.2383206151771
285.0,1120.3452208298197,3313.057956160352,755.3419249078667
285.0,342.08597363337424,662457.3535660901,652.9313462006905
285.0,482.22473191489007,356588.6378265753,640.0280648347931
285.0,330.9804491627127,748630.5850868991,635.318619435608
285.0,785.2087636309665,9127.132929872561,769.6813370998383
285.0,608.8303999573345,106824.8957742872,675.6328160787191
285.0,863.9644597163342,1763.4950437696878,758.0655592872035
285.0,346.0370539322828,409817.91676346835,627.4451080699381
285.0,535.7447485379818,333285.94337344664,630.3141037998283
285.0,647.3614923699549,29028.444073231345,711.5363931909123
285.0,471.7608155890094,250932.39512385835,670.0769975484056
285.0,342.31178523189476,485603.5272360084,608.3895051924818
285.0,420.4077086382664,355168.86658166087,656.0245484709594
285.0,621.5060142733878,29088.91029582903,711.5191769105069
285.0,773.2344470464591,59752.90402353888,680.1646374788138
286.0,360.82904920938444,531486.9715076986,645.508624730723
286.0,393.29412475615237,1023805.3870293014,562.4026034011981
286.0,793.3516072759685,927.8516866803636,751.1764905857559
286.0,698.5891930518245,7817.750232821036,717.402714646536
286.0,418.07924099346076,225957.63004324737,650.7229336630737
286.0,383.246771448359,273058.3083953885,613.5493489076667
286.0,448.4914984455108,531059.7142096985,587.0746258209896
286.0,1209.9529450425287,579.108171121374,869.3711132032306
286.0,552.7520137607563,29724.939672138098,760.2443160507423
286.0,377.42258870740886,521859.16273546166,627.6836808586008
286.0,591.1470865396352,77946.44976042044,701.6529222379274
286.0,689.1808198865738,42126.54236733783,706.318323021988
286.0,379.09376455136714,443138.433972676,592.2204988549148
286.0,640.9771525357912,8982.214794131796,776.9947328571749
286.0,427.0000333080223,380095.4768094349,609.5058491117579
286.0,678.5250848649173,56590.80097987926,695.632085767747
286.0,609.3908681267536,72277.850339058,734.4378365634992
286.0,356.7309337706858,559520.980649985,652.6438662568
287.0,510.6741399150663,417884.12334906886,580.9434331452893
287.0,458.7867879157555,395978.37514836644,630.3265314934633
287.0,516.3761138095861,54293.4948133948,749.3342516123123
287.0,1022.4841682995008,8885.078702799916,749.563995096354
287.0,348.5590762481073,405083.1772981146,690.9897840638926
287.0,365.690784058774,525717.392201208,609.3766708872466
287.0,575.9215541507807,34675.738172279875,721.0699776122744
287.0,426.72272530056495,207911.77828047937,651.9425601738245
287.0,350.075607486934,507561.0439377647,635.0141581400327
287.0,336.3358585370646,515804.9681680307,636.4115225666975
287.0,398.5172282058705,292047.584448951,693.6034447758443
287.0,359.9945004189178,455653.21241699904,631.0900672132974
287.0,373.6295039070153,360222.2420034386,643.3355836298917
287.0,956.131344844282,2411.6416653662454,763.021084358325
287.0,358.69627637794053,502327.826814373,641.9181097614926
287.0,657.0447729395707,23321.24978176856,683.6893252392166
287.0,371.49862137401044,406975.0475171928,606.3147793378076
287.0,1092.167409417497,518.8531885659708,813.2593458571794
287.0,542.0936327347265,122747.46590624543,691.6848663052897
288.0,627.8891855148252,24745.519408574793,723.5416273083563
288.0,805.8458886009391,3496.1083984776433,767.6528350856651
288.0,586.6313288269812,150620.09208227007,710.63530852108
288.0,419.7703367624775,374112.25068332977,668.2754516069361
288.0,401.6949458942292,437905.36672111694,612.6974307584436
288.0,755.5799570785671,4885.999090300648,716.3918244669053
288.0,698.5658034654623,36277.53719970044,721.2136281801991
288.0,688.9228301946837,41171.84570444622,715.1781277255329
288.0,427.3941135140493,314876.02246375015,579.6674954465246
288.0,352.4384097110769,307090.7045628047,683.1234149433745
288.0,363.16194242999245,403127.9081306276,652.7975865912041
288.0,397.81267581247704,608911.3119787987,604.4976321983019
288.0,877.8235026090982,47332.69997418304,696.3414313606371
288.0,503.140042293822,152523.2676755072,700.518830181087
288.0,682.6332678961165,41907.305473560365,716.4717739078438
288.0,343.65823940147214,472936.0652653735,657.467084011175
288.0,720.6147657821448,2807.381537897839,781.121767071666
288.0,587.0474584605514,55145.2164532834,751.6279429036722
288.0,394.404736691181,573729.0406393964,622.3263915864841
288.0,621.5097069238299,56531.10234032553,699.0696578877161
288.0,365.2686880464569,666810.7638009494,596.9682283686672
288.0,370.12108846632356,657677.3749194787,613.1230985977453
288.0,377.80022498944555,394030.23448343354,637.3901196842785
288.0,352.58942112425467,787349.1704553085,594.6807502971775
288.0,1396.4149487470802,571.1773149628839,848.1411884895903
288.0,362.93565594355306,748908.3821473654,642.7774159374334
289.0,379.2519707462801,589301.066636721,615.6554150807382
289.0,729.3706025523835,5060.583712512898,743.1381415934649
289.0,653.4003494241099,75633.3515036642,729.2443430818505
289.0,405.94824102050325,352689.8764877012,640.454798201286
289.0,457.45546596096995,498666.9105858761,583.4483620679064
289.0,375.309949689796,204144.9508823213,643.6666244906226
289.0,921.8629282089794,549.2231239869839,788.4877376937724
289.0,668.9980222218807,43292.563935122496,708.4852125020208
289.0,656.1413629816614,66846.33965478915,755.2078391604445
289.0,437.92329236833484,479706.0359777573,633.0725621501738
289.0,820.7245751433198,28923.293395554963,726.664424151846
289.0,904.1865322018973,36441.76372489659,685.6805564482781
289.0,606.5424551066557,7739.406038911458,774.4331631668871
289.0,411.38254304665827,826164.4245069502,603.9846132238613
289.0,392.34346698020005,597023.0283282433,612.0798182206138
289.0,840.179883094695,1205.9535143711373,727.3021257672792
289.0,342.9588212795625,661851.2350586161,630.5927726011795
289.0,387.88157067423754,703719.0094416796,609.4663067784076
289.0,362.4417904622297,424128.3530073975,653.2200981879658
289.0,632.5669989562155,91182.7466495276,744.4555062152264
289.0,473.3377164506319,317393.7271532767,608.3821465883086
289.0,609.6841804154313,92730.23531318356,740.4428856694688
289.0,385.4732527432499,581765.6031854383,629.2048827831721
289.0,860.1479615147922,958.3431237499381,801.8069856183204
289.0,364.4178774314176,672410.8827640384,630.0611125205858
290.0,559.5885793434509,22124.41075217204,748.1090809064659
290.0,986.859889583278,1133.728425335475,798.0032020471002
290.0,680.5764276081894,5259.946973740697,747.7191630785775
290.0,449.6216841425157,115713.11707825628,656.9894826682204
290.0,589.8306812563973,43711.13790788736,714.7228211593462
290.0,560.5943121304325,63097.30757720099,732.7717571094154
290.0,359.0109611143884,261184.44894923572,634.2442484893888
290.0,428.1910936642728,236065.64142697147,658.3296294374995
290.0,394.57071307377987,466305.17366491474,610.9317027207371
290.0,944.21842737859,583.0625062113292,811.3592114479948
290.0,755.3248802392679,36151.42404040824,695.0591267584904
290.0,717.5695400299736,16810.643635186487,704.3615160273843
290.0,522.2710223451029,115116.34927172304,727.5834041769842
290.0,719.0789847118232,48686.7857407904,679.5161129784858
290.0,399.916749257007,225266.04729027124,667.3783361820663
290.0,694.5906714773579,5036.246979356302,724.1192302719995
290.0,384.43585777575225,533340.7174373755,606.1668791056636
290.0,987.6209000556116,4133.74914964467,758.042417803596
291.0,623.3975523420187,59763.78732704726,727.943102348323
291.0,702.5672970459229,20047.88541605925,717.1745416360149
291.0,774.0421676844287,5794.643468708867,738.3256361118749
291.0,409.8999682737373,424327.7296979571,635.7599043305576
291.0,620.3000930184415,116900.77176327887,717.6854016206536
291.0,385.25904249429976,296367.48528322385,665.5139796474061
291.0,449.67424158435443,255861.7466417208,664.6844950779151
291.0,657.6772848684278,44682.242424851305,725.8494746052
291.0,731.7863973970503,92603.88977807446,695.3462090610238
291.0,369.2428094186048,449749.1543412271,582.0883772971582
291.0,763.207277982787,9860.401208395047,713.3528259672319
291.0,367.4341299097641,389297.1409627932,694.6290048986609
291.0,664.3330635371336,24798.51255238784,708.5765399134347
291.0,324.2987940652328,703746.1766066258,575.8516098002934
291.0,411.04026862096913,383379.49129717017,650.1931154790477
291.0,636.8528464706551,155375.7450887805,700.0652898554009
291.0,346.7414432863485,452459.84613009775,688.1224405102831
291.0,443.2853509392058,419544.89844858384,598.1762455937275
292.0,890.00225680465,642.4286719360356,733.0539346584494
292.0,618.2533994435636,69803.74365305115,757.920469522258
292.0,421.98513202327536,742390.787267182,588.757559113599
292.0,434.81390883979867,268964.3665003438,643.6796525207371
292.0,388.2824638763647,522216.6368013879,628.5482106973891
292.0,707.5812315425729,12765.537757485063,750.8441557057741
292.0,580.8453278064824,120860.1055696773,710.304249045331
292.0,634.8085530707598,61761.846670297724,738.5014216093408
292.0,595.7929362388383,81296.19734436735,717.0222719986065
292.0,618.7026871115249,63571.024770752774,748.4447734813958
292.0,468.03861690779866,318241.0093264487,616.8151809636287
292.0,844.3495004906425,8673.443090672932,771.9345467524639
292.0,737.4073313848622,46044.900516730886,712.1527444710126
292.0,447.0829256405488,342402.5940134187,638.6326483801356
292.0,682.1483440896598,72355.44619005047,723.4722595894256
292.0,1095.5913052745325,551.3666074609746,842.0877156320752
292.0,570.7806584106656,107341.73900398813,750.1095259385069
292.0,744.8682279924014,27058.960891333583,750.302592563868
292.0,353.49908581711054,660458.3047552619,635.2148684984604
292.0,447.8648670025818,608750.5031299407,570.6095984913927
292.0,956.4353934764,12207.990827159058,722.2105799486166
292.0,374.371580549999,811065.3378601765,607.1900503967597
292.0,387.4900285198687,389575.55669452605,657.9712539374691
292.0,642.2992060499017,33899.19049657384,765.2961104275475
292.0,995.0634384136456,46892.97558917739,702.3204733297196
292.0,350.9027667762462,609915.1477658838,641.2683258533718
292.0,367.1549051178991,415162.7862850892,640.2100630328005
292.0,517.7664585812277,124383.34595143638,703.4001889265489
292.0,399.04208450385875,371895.40490875574,605.1756328389962
293.0,925.6188017432642,488.81223374067156,803.00605749875
293.0,638.670161902954,90701.75364008905,713.1141819870675
293.0,609.8634213391135,99433.05935015174,728.573119124606
293.0,361.73581896996035,324233.06095320015,648.6634605387223
293.0,337.0075628264182,365375.93816603546,670.0168792155017
293.0,626.3201683157918,51654.71581892138,731.2572288921547
293.0,391.42732888228016,399022.0179650855,607.0763680425395
293.0,411.6067563713199,217517.96902444863,662.1994030735186
293.0,750.337156027536,110801.89555702113,710.9113875301908
293.0,443.9281040449541,246613.38211392114,624.6305850297376
293.0,945.9104008093225,10956.300028480959,712.6960044143703
293.0,363.53849658744554,362526.6201882347,623.3149435119931
293.0,386.095389160559,843757.7413773979,594.4064925114418
293.0,400.5803039022859,261206.82749730395,690.5192860163587
293.0,360.87792857049317,592831.5879276869,625.1596301690666
293.0,456.8958799752819,636148.2989737446,573.7855870757364
293.0,773.79205608991,4816.594017754789,717.6644447847201
293.0,514.2465457530222,175541.52064401447,687.0940648298689
293.0,684.3944517925914,34668.50329074853,729.8498261006165
293.0,660.2469102562978,46267.0924200819,734.4175464857325
293.0,395.8538837894429,537522.1449340977,594.7129478875624
293.0,621.9683707588887,43985.419783928715,773.9600253542229
293.0,487.53796969475127,508000.4288884387,592.3596957505001
293.0,629.198516902954,48245.19479079437,753.8439377892216
293.0,616.8026203467539,68011.15557766517,719.8015616411833
293.0,918.6246911814712,4477.244244145472,798.4301080258816
294.0,729.7201660745767,1018.6179465837924,778.5065945487364
294.0,894.5668589917155,4463.1066738310265,752.1868994937417
294.0,420.0179670301515,484434.07573342574,612.2599750399713
294.0,672.518025773153,115433.67565928416,691.8160648372237
294.0,469.6395327009479,384901.4035255983,623.3121147557748
294.0,376.4510970660467,563224.4473431316,603.417887151679
294.0,656.776543904506,35185.35223999776,726.9607827366532
294.0,584.7015248451188,286026.839743051,645.7164450082928
294.0,408.47868645953895,678423.6759801696,576.9273098655701
294.0,430.97778952215253,482466.90703980054,624.6889693013999
294.0,985.6693369336319,541.9605322574728,809.9973963378015
294.0,341.24018129815425,726210.0339715726,632.752000888339
294.0,754.7144945837339,34722.84911827089,754.4277054464205
294.0,477.8262187856035,332384.4927736648,661.0994302291441
294.0,661.7224499474896,19977.23008833256,763.6074047942373
294.0,594.4525095805094,83730.5273093011,700.6486652428596
294.0,563.0790966645529,56078.48435473931,768.5924193845984
294.0,797.1593779956041,43613.33384260226,723.087661203895
294.0,522.531610343046,107563.59228992327,709.5535342042706
294.0,1032.4981919991526,495.30515585090035,826.7246210543116
294.0,637.844226934555,57936.65262415791,735.3448828128104
294.0,372.70063673255663,354996.3129900789,645.8545260563751
294.0,453.33845788910656,266000.760916999,666.5796179427298
294.0,356.238060390884,501764.10668249003,663.7633081823088
294.0,360.8371774245699,594334.9462547039,610.4175894909222
294.0,461.36338048737986,401070.82461698784,626.1765836546077
294.0,626.6824627257,62706.7686647062,740.4105677773008
295.0,663.9428110710728,10962.56403570046,745.3993360185038
295.0,580.4124213044894,93208.88163181824,709.901823433084
295.0,801.645823054363,10275.263566921481,770.9534907942053
295.0,376.8537080818673,863393.3972985692,599.9897615825374
295.0,574.1551802763787,156868.2166979649,698.151128739144
295.0,339.4991397340658,504814.8298737359,634.5030607992601
295.0,356.33900828174586,650514.5253299723,630.8735757032845
295.0,761.1999549472106,2224.120787190882,770.9978995372235
295.0,347.7204593024738,481318.6428820878,635.8230988003618
295.0,420.6671962450548,254046.64049288278,600.0301862141591
295.0,352.6073887414978,699132.0140845546,623.6674667433894
295.0,570.434836176479,78941.31135201265,718.7832489613862
295.0,1109.4413898968614,5678.392998269427,766.6466542243162
295.0,361.4398530024498,295171.64202114654,618.6482621555197
295.0,624.7980512505306,31015.864467396932,683.072999432887
295.0,522.1084368074283,49876.38279740178,723.7324380224925
295.0,559.4429753548401,121960.35950196604,700.4907096756247
295.0,512.1837613234338,67725.41741052158,790.1137228899452
295.0,588.4609872811234,145919.23893350415,664.7771237551895
296.0,374.07569588628803,482250.72960738954,631.1417000424805
296.0,565.2700274130274,32641.992032696147,740.6530241830329
296.0,420.5320885093237,380021.8372025515,683.6151497752433
296.0,483.4384162761056,402255.3426196915,583.2242972235141
296.0,1032.1963072725434,3149.4410855530714,776.9554947839326
296.0,364.9252270333544,486666.0268316198,625.6702243067346
296.0,804.240650863707,28278.72722614071,727.8590914058499
296.0,422.50650932974065,433038.897665792,631.4298823581971
296.0,722.6164539926289,10529.374673687,739.9819387208479
296.0,1201.6693930282656,522.3404019275717,839.3959458935592
296.0,631.7927654614194,12899.575245324666,761.1876833497427
296.0,463.85738301908367,1078787.7045724166,569.7504296713497
296.0,440.291333441224,244352.0147693476,649.576541400992
296.0,427.88291133412076,282437.80191838654,657.2376913470337
296.0,527.4465243186162,83486.88589197214,748.6153891968454
296.0,592.320094129633,58194.30431951171,699.5038058157503
296.0,798.2335960474455,3915.765052638804,752.8168207721868
296.0,943.3892980341319,12279.18301608478,721.5085648120454
296.0,610.6514493416315,117161.21628281013,678.7536743578457
296.0,375.42466609371456,454938.67121149815,596.8527021620321
296.0,405.06157341277253,135993.65656006438,693.1303351028319
296.0,859.8811213107193,37982.9026566934,719.8176742367164
296.0,407.172373426798,426090.6657532651,666.8952472285582
296.0,574.4323720520686,47665.73969792414,709.0763486536172
296.0,455.5560296035739,653551.4950218446,595.5045997488085
297.0,648.2011451677288,158802.39408455128,724.5867805766277
297.0,403.9288409892994,459192.4828779036,629.7592209426372
297.0,381.74807825009105,471115.6162413181,648.660646927782
297.0,582.0363621369961,115195.20939714673,743.0728807239306
297.0,361.1910277606971,689434.9714871347,628.1949714480892
297.0,657.8369771060566,126460.26867099862,704.8503589623917
297.0,700.2005312906545,20605.377553502243,702.9560015455658
297.0,689.1175061726565,17184.92435989567,730.0562506426554
297.0,992.6226283791635,22631.902573651518,684.4749004813202
297.0,460.760823835095,298336.6217976565,617.1790583557301
297.0,644.7468817116171,34300.654997122365,771.0028724098609
297.0,773.222803670955,1946.2299049686712,779.5441053277099
297.0,354.8536622796955,219976.52552314513,666.5297430175874
297.0,679.7737049418796,81719.06781420323,714.5814635072219
297.0,416.8019730209608,403427.2672794693,613.7281744220971
297.0,688.147718894605,29794.38657767443,696.2159380437669
297.0,828.4685543172358,556.3528779124771,791.5449402959869
297.0,682.983784427935,136954.95837169152,693.2833380616642
297.0,736.1966209569802,5582.534049382995,728.6971600488523
297.0,679.1169929883513,121442.23497805977,729.1821465995976
297.0,315.05086871707556,528388.3770426223,633.8184082062053
298.0,533.797198702695,18873.442888594684,731.0761047538394
298.0,871.7615716873854,2548.0105713762578,754.4425341493404
298.0,402.6480995167042,444808.928076596,654.0718950918546
298.0,370.26973571581794,518959.87571417773,585.4079398471698
298.0,376.28683565135145,368169.57961494464,694.477704861822
298.0,655.739199113797,97385.16488335369,721.8124807959173
298.0,352.40812872565675,644754.8312305965,650.2111180893949
298.0,407.31787265359367,218008.00744424603,676.8736968740177
298.0,337.23827739413684,683146.8323161539,644.3917143618725
298.0,669.916730051102,2449.066442777159,761.6207828441057
298.0,426.98824773898656,363461.62310656474,620.0196847069236
298.0,410.04751858151184,517526.129281549,644.1420528686988
298.0,719.8374795519669,83902.09777468385,724.8519903205431
298.0,953.86833211583,527.6733700975121,781.2218156590163
298.0,616.8922376688406,49195.69403281321,726.9384152302964
298.0,747.8058694277851,48467.10213910444,706.1252400598521
298.0,352.1637978846202,660554.2441132631,618.6883504765725
298.0,809.3299012676356,18757.000058731097,738.739102358112
298.0,649.2351290064599,66113.53209637276,726.7905979693876
299.0,879.1456754863277,500.5146035475594,812.3079270099239
299.0,480.0285203238195,219914.66229125828,626.6782374939543
299.0,395.1837451318429,321014.09437627275,596.913502171805
299.0,444.88298371798993,228657.95839436995,690.754024194377
299.0,597.2503398019553,34888.09697432778,730.4285555204457
299.0,623.0579447296044,70967.99008797327,702.9139490742635
299.0,363.2701656741789,522595.27392912505,604.663507025622
299.0,741.464923895505,1660.3910343939465,785.4298289388039
299.0,380.92015072452983,734493.7607575494,579.5420628320483
299.0,362.4705037425239,622793.6457063804,586.5474490831809
299.0,363.69832621037085,425547.6160867618,690.0106908523143
299.0,1284.4895770591008,988.4126083254741,767.305557543023
299.0,591.4809305675396,74773.02682901076,707.6904680239384
299.0,420.62237937589475,631259.7897791938,566.3574297997176
299.0,352.62440811410676,881968.3153818505,583.6217299038984
299.0,372.9725732819533,406695.0382013593,662.6453805847399
299.0,582.9965809345164,20075.397565282463,779.4072176593025
299.0,647.9535517859516,56887.536043756816,666.602872466938
299.0,765.6130431005139,1207.4789907792704,745.8494410440646
299.0,386.8924963630452,323066.25423567934,611.9957626921126
299.0,734.6580072047352,546.0382080908887,798.2539451577709
299.0,331.2643765441282,441114.91057625145,625.1188585836752
299.0,329.07162155885703,769441.655823397,601.4647685076545
300.0,609.53570396393,28866.533721494397,722.312832336843
300.0,667.3800635527625,2004.3449038600793,762.156368347951
300.0,597.956858432034,21824.175863637982,730.9463914136403
300.0,368.7776340769411,442945.2692079381,675.4900612588721
300.0,348.0533769266406,510121.56392186246,644.6922484699332
300.0,936.3178595727834,9906.740826740293,719.6094992577465
300.0,319.53774173403934,605853.5499011294,612.0650685012827
300.0,569.0923844473883,49554.4441475539,732.879801042466
300.0,570.8060881976991,38972.81955320405,762.1795523110663
300.0,771.693876027728,11185.789572200229,751.9837187949817
300.0,752.3247747548357,16905.388320206035,746.5339194928531
300.0,369.00613888934515,402440.74307269667,691.6865829520319
300.0,543.8541774688246,80976.18874663128,710.8541990911593
300.0,595.6204817203017,92468.49312463833,676.892729536512
300.0,751.4304418095188,1448.0097087368258,773.4677459606195
300.0,758.4576192736051,37694.155823023844,720.1724327825759
300.0,359.90041713916804,473045.8832689957,633.5843830052856
300.0,449.4369796396471,228517.10062936,647.1968095109161
300.0,487.67202445655283,192906.13755776716,729.8063945231394
300.0,429.2758442621654,320144.4858727342,709.9195842969251
300.0,671.4280041148627,48770.65182944507,715.9777224972513
300.0,402.7692015380154,399524.9483727635,635.3711368877943
300.0,964.1720637582036,523.1427304555965,843.5149830929538
301.0,598.1776287704562,10234.060988457119,761.6083816781781
301.0,545.5790044975482,53987.39787317171,756.2390424283473
301.0,845.9913373866002,610.8414226864888,804.5644127629405
301.0,499.6697405118097,74923.52712023101,753.726066601672
301.0,358.48350642518864,331958.7620351111,611.6538499031774
301.0,956.2860640728502,531.2248002283094,815.8481714809723
301.0,816.5646044282561,16891.883518887887,726.5050102976894
301.0,911.6073645769884,915.9937521318227,797.8294512431748
301.0,343.3338772913622,345035.0320407272,693.585015527087
301.0,431.3724750663018,262911.51192085294,622.3347752770488
301.0,662.3977658322224,26361.71105747737,719.7109355191111
301.0,706.8631001198723,1487.9518523383254,781.9364521647715
301.0,395.1211618324895,307907.24153582053,689.3559457030084
301.0,529.5694535691046,183524.69073457568,681.6501613898138
301.0,399.21606895552844,784976.0506993408,595.9139021181741
301.0,703.1427314854847,81138.06822230577,717.2131042495855
301.0,697.5787905620274,21266.86859243763,757.5951060361092
301.0,591.3565881438768,123317.01890933356,717.492167515758
301.0,420.56610826741735,296610.2213054359,644.0837081751538
301.0,537.7453380809753,132098.89467798377,671.1913126545747
301.0,794.4337802703621,12141.089062546205,737.4298379902259
301.0,464.04898445618915,571479.6305758497,607.7771514951082
302.0,414.17242678109517,756681.476860726,600.3305367719557
302.0,478.01948163195436,543266.7130512403,597.7313100291594
302.0,934.0202037473108,5700.472506859422,779.4885286827755
302.0,762.5166586299907,78924.44460046665,685.4749148776483
302.0,849.9226873618773,23381.66905132421,683.615010114898
302.0,661.6450312131383,47768.03605442964,709.4643099068089
302.0,1104.712239082372,697.6408141675249,807.1833743814926
302.0,415.149917066367,504736.7797751354,609.170443923761
302.0,398.4887305266021,279335.91265801893,634.4853275558481
302.0,608.3192682717976,43186.68197466661,713.7472971378021
302.0,851.4299148046819,13983.77197960255,784.127585039077
302.0,1177.0040483269415,770.7226502576189,757.4793045689667
302.0,310.59971810256957,473034.4650741766,651.408615170858
302.0,555.1813834420208,116683.57308942438,707.4098614245885
302.0,1144.3607688170944,1196.942266805236,778.6890793125337
302.0,394.4820171364428,750787.2236719124,602.0345086812416
302.0,648.2282544283705,76505.91992239862,706.5050971105588
302.0,352.32573360747034,314036.50482833164,609.4100391444814
302.0,454.15934388497305,190021.02714223744,673.1531425371027
302.0,574.5264247578095,54570.52220188297,717.7932805953203
303.0,971.0450733060292,41767.18711056003,711.5882116672349
303.0,623.0871654968579,57150.5947098945,749.9142244843354
303.0,976.7040338000953,4071.840732904543,765.8798285987822
303.0,382.8962264437866,578059.2679533178,622.9111004678324
303.0,646.5640721310209,45244.49197265609,733.1888318392269
303.0,395.6437294660963,350121.27016090904,644.5211175739756
303.0,691.6696441887807,42263.327771438635,739.929608538009
303.0,959.5705950785417,602.507441442273,783.6970856333907
303.0,491.38807933115254,224118.7958238418,662.0587574257702
303.0,627.3663638285659,46822.04847943969,715.7308284194698
303.0,676.2541297905908,45097.037814308926,751.4741109738146
303.0,445.4117236672672,283578.2481025172,594.5163700154554
303.0,565.583502318562,90488.7443148284,712.988733821401
303.0,376.39481458860155,419389.76254540536,679.4557890113502
303.0,790.0136528524755,24578.625498800928,737.6320892922905
303.0,702.6690780085195,19694.856816092946,783.6610263590014
303.0,382.9758914871289,450697.6052341039,605.2743481287583
303.0,428.68069886830676,368089.21545874,633.8272097976637
303.0,420.8883373101369,263037.1168813371,669.4238759971879
303.0,374.539558384137,629423.0705966846,622.2892555309024
303.0,370.9054967317106,425549.35616360436,633.6460260685685
303.0,568.2987198487865,81203.15003140623,688.2739104173515
304.0,504.00578409368603,206030.5173349211,738.9714513002418
304.0,603.8147245215305,38220.47625256924,764.4333811930483
304.0,662.2429712655286,18470.691893557563,713.0872381846907
304.0,347.4688894445431,437505.8856054587,622.7174382002117
304.0,537.4438138589998,114434.30077324498,720.6883001904966
304.0,416.58381542404805,451186.0499709989,587.7137161095079
304.0,552.7164176130731,67364.28349695425,728.0215832937766
304.0,436.2996509153546,383899.6678460334,709.3607595013248
304.0,1006.284236543398,531.5445048162046,831.4710126211071
304.0,476.55614212618605,269018.5163234317,704.4675116021431
304.0,576.3971690929402,138831.39681119513,707.5877105415697
304.0,695.8706227225034,849.7836119995613,740.8246746297533
304.0,494.6794032414872,361505.30840129615,663.2041848093307
304.0,397.227768487118,416556.67683508835,595.251320582574
304.0,418.281171195468,402338.51595778787,632.8422686860653
304.0,648.070274284628,50973.71148105539,751.3002037490348
304.0,532.0482193520348,171401.70821444335,703.4698868845159
304.0,665.0509523514455,87171.8386116539,692.7404620337061
305.0,573.9353006997967,108397.44967677807,681.3230925421777
305.0,722.0655703872127,14745.555169407015,780.3403754229403
305.0,557.6545499898524,364002.27301040216,607.0317225881896
305.0,365.0571637760119,548438.6968539152,584.5909047010119
305.0,974.637138602191,12420.283939842311,744.6427473799064
305.0,364.51751687254637,275285.24630952184,645.0273308916487
305.0,540.485648658269,160860.60989966814,658.5973066281649
305.0,1199.264119576604,10449.089172019587,852.8799693261611
305.0,465.4760032943895,420023.5187779854,603.8192748184135
305.0,368.5782363035963,262416.71276790206,612.1746771755184
305.0,908.4300538389351,34899.008902840265,731.7791933851875
305.0,364.3776266209749,607979.061818359,605.30484474187
305.0,779.6402577277456,73997.23592303116,677.8881837790751
305.0,888.6519666110411,41596.1300018528,703.2907390973022
305.0,411.7293290685954,195223.48927559395,649.6293589627472
305.0,407.32391731088126,427924.2784220629,605.2695237720568
305.0,679.3081254585154,20885.179242347687,786.8234950154
305.0,568.2329587818543,37455.86547978969,709.3971734888955
306.0,439.8667681416789,214998.236319992,630.5239727611511
306.0,765.3613694972535,2017.0973570824942,760.6045721296115
306.0,406.0571556692119,389332.8676883336,642.2174403044004
306.0,340.16528980278594,549186.1233909586,634.2227097833734
306.0,543.2842372424947,59889.25125522892,686.9741085134742
306.0,751.8267514020405,7432.597926436226,758.4568775031582
306.0,723.8609417960689,25200.856449928164,720.1165585044035
306.0,1000.1341252754311,545.4446681640782,750.2247457530927
306.0,777.6331653429255,7670.981173255095,748.5888912192829
306.0,347.03185458456227,611500.6074605548,628.8074920906408
306.0,369.29210728282453,420683.36440276436,630.0095626944744
306.0,401.34754704373483,738724.2909177955,564.5269897482281
306.0,378.9545699626695,493423.8433341513,584.44842464799
306.0,433.46485339503994,415644.08531114075,625.6353079477572
306.0,678.4507559968345,34824.302814695366,733.1585733139049
306.0,552.0425445038223,194991.06637766477,672.4377243279239
307.0,858.9255701593951,13846.273809839307,709.1426765680297
307.0,355.91589040123205,430731.2487911015,619.3469210517977
307.0,981.2565976220039,3898.6919291832232,730.7616343730609
307.0,424.4820734537887,279471.74285620666,643.140265286885
307.0,629.4284489452652,25704.050416300728,730.1454551393812
307.0,1398.5794583369768,532.5895908984425,852.0235077610087
307.0,415.0300155368717,207036.13311390838,666.5153582724661
307.0,417.75026901736527,363125.1452555918,659.9355823269126
307.0,351.7714377675921,603615.9791314233,641.1970197208334
307.0,769.2558981035473,6207.050813976037,753.1149912217184
307.0,391.55197710140743,613843.7776115513,606.1277804814803
307.0,481.4082479452279,270354.1907890359,663.1573542379039
307.0,652.8991538159273,132946.97125091308,688.5317449299675
307.0,730.6764523459773,17922.148132053353,745.6400507060777
307.0,565.1270867111111,96482.2468465718,730.241146960308
307.0,883.0420030157322,533.2447233126903,816.039845416245
307.0,366.10746671276047,420300.52849367313,607.7086774469416
307.0,549.4928812569143,66857.81783937338,736.4435768100481
307.0,664.2320745282547,38935.05567330583,717.3128084935064
307.0,398.05877519303147,443121.85607005976,606.9628571304212
307.0,538.3514534935556,160387.9790129382,678.4422825248703
307.0,817.7250251127895,4618.231986979997,750.5961388671942
307.0,669.210199939061,15270.697539753957,754.2107546521156
307.0,572.4055074514469,49452.635130155904,722.4009204367543
307.0,481.8931937082131,354988.9278680197,637.6935155246291
307.0,852.3786819571291,26383.431730320386,723.8794131185256
307.0,391.892504996835,419233.74699694116,634.6188927797358
308.0,480.4325310567936,528927.9616926499,619.3644542403667
308.0,766.3680140922804,9565.126373201565,716.7766882160503
308.0,563.4641347481939,98662.69602874854,726.1262906321405
308.0,803.8413906750279,62644.219713983824,669.2266265838225
308.0,557.7909114342045,331874.252022766,688.4724416385567
308.0,348.31030741577933,413805.47514775983,620.4839245602379
308.0,826.7698754907705,523.6818464388173,767.7269104039223
308.0,440.9756257247325,383977.08109361265,632.620374268534
308.0,686.3163976042308,45340.33265469025,717.3476824427544
308.0,696.894246894242,19957.805411148725,736.7127224552751
308.0,918.6376265277918,481.5944564642796,808.3087721465431
308.0,386.0341396059064,666556.9339105313,600.2474834487856
308.0,574.4678234374171,69056.30943554896,719.2960042938497
308.0,888.1772870838919,5497.528764128961,746.2846193922685
308.0,374.9367203901382,381417.1990738697,674.3820952198968
308.0,555.3458642893481,365768.7689268873,682.7722524110151
308.0,658.3396532282583,85881.6125595154,682.110508493271
308.0,329.1846954805791,398183.3357980804,623.9248184297201
308.0,649.7181732388401,114608.50991692394,657.8272103570313
308.0,495.1009102003023,523169.34051509097,603.124824347689
308.0,376.64051775889214,369909.0893440952,648.2102470180666
308.0,587.0131736941081,114088.3386353983,697.1410907248222
308.0,643.4649042026739,97110.0878984075,717.6195150767588
308.0,481.8723998535734,366566.9414566569,689.1814419524408
309.0,541.1772924369252,38912.4505408213,751.3204330511802
309.0,934.5248270327545,4394.782676219118,757.3068812612361
309.0,440.0635791634038,526372.7061531576,578.638420258662
309.0,896.136084880137,567.8987045727073,799.4568705924866
309.0,366.8656569534211,301408.7045856027,655.7258522956918
309.0,556.2925748759384,58170.50062928415,731.0469205005173
309.0,366.4891669238983,606318.1057012457,631.7238226488885
309.0,660.2842174380364,71868.4958124616,727.9873555319657
309.0,631.1312392646439,32774.56895050454,758.0832790944182
309.0,350.83344953268386,628391.7167810556,585.5766939190679
309.0,393.90632642755554,586586.6442226319,608.7199116361807
309.0,770.9409804635393,34891.21424317637,722.9524609957033
309.0,412.2012995099509,258323.10328464286,660.1561146545716
309.0,808.0337982689954,17391.986412746293,805.3217675440908
309.0,596.1570252761504,85252.64037774781,730.1356423210524
309.0,1090.8968677913012,29351.551952368896,708.1139596840572
309.0,691.047135909471,29896.30979594393,739.9250244714376
309.0,756.1613838997712,68427.20943367353,720.4230285000986
309.0,387.56759216656405,437314.0535099955,608.8882489669184
309.0,479.778301606297,223176.0814990684,661.0237605087581
309.0,1093.3526226699992,562.7783051861,739.1673958794007
309.0,666.2017976287258,115348.24289622021,691.3600601421673
309.0,824.7242415224371,16411.889567960872,725.6043973714437
309.0,1119.1367184013307,533.1448762400262,843.136679934131
309.0,624.7163467443398,48150.1161315906,745.7455101904726
309.0,479.23834739181797,327989.9739819749,651.3154578323414
309.0,397.76194706740233,402705.07416492386,622.9840646729707
309.0,707.3587322292678,27192.946098648714,742.6573662055783
309.0,660.3725568991902,71148.44039231763,720.8663928088844
309.0,686.4643418205067,31048.172175552958,738.0748823934306
310.0,384.46541954078015,424613.4950004661,641.8393569485635
310.0,544.8635529053533,93609.76639155901,727.3934830439783
310.0,588.3456551712346,18121.05133700484,777.196379093033
310.0,403.09577062201714,360128.37490395166,641.102885149584
310.0,510.53652411716445,55546.97969465995,778.8148797555549
310.0,442.1329511986876,247330.50459418603,630.9212906296412
310.0,567.4046954583093,36714.44606476988,750.3793322234183
310.0,869.2050944470114,1197.711193082135,729.3669200936216
310.0,407.9990740590949,357883.553839275,633.763869498926
310.0,412.4144641246804,584501.6994892196,609.8206164923797
310.0,381.45789657111203,466451.84130305774,616.1107106229296
310.0,1148.495861622341,15837.422932267044,709.9998732885689
310.0,760.2258818548771,52860.44872266305,731.8016928283441
310.0,699.5608941515987,19648.58893072902,747.1115456962365
310.0,542.9764709390222,102850.3684019916,706.7357148606455
310.0,681.035214745436,37820.883707021145,734.2259047972813
310.0,494.97359996098896,445970.051055848,626.8441110794566
310.0,875.3284132199851,10688.227521931094,718.4091485552475
310.0,829.5626461666319,2998.0253621514803,757.3423830493102
310.0,881.4330634035533,37792.985824693606,684.4349367616944
310.0,516.663568653851,131444.72839777934,748.1078319027085
310.0,799.4509206275447,15455.564033196077,731.5734187299286
310.0,892.9373009605636,35808.34263806271,692.2230466154155
310.0,441.9161608140904,308736.35548919084,661.713349026095
310.0,818.4921795336617,44935.576453353635,702.667710772658
310.0,350.3503508953858,638343.9406846176,632.4869230152218
310.0,345.1048758301194,374704.796658891,664.2732613413465
310.0,830.0788205066367,8394.305782991172,755.5735668453344
311.0,814.2351370699384,536.9829883374837,820.5366819283272
311.0,759.822475104788,67222.81735143674,705.4525416516198
311.0,752.9125891153866,51673.89936112801,718.8121237002695
311.0,322.24036508327686,563611.0874996216,621.7854121985146
311.0,751.3747425806072,59451.84284134899,716.8552897527408
311.0,627.2177274475812,32550.006605319257,728.9167368998632
311.0,720.9194972766476,5239.281060041576,762.5259009095249
311.0,1549.8543574978723,1499.4780400640457,765.7609046539761
311.0,586.4645403655278,88625.4377353209,726.4474648297568
311.0,356.418725988638,384957.7785591636,638.748211340866
311.0,656.6373968221295,28778.05282530851,760.5894529056162
311.0,786.763591301194,22433.751275598795,726.8571403125025
311.0,456.2196493988791,444760.2033951403,605.9168858508028
311.0,440.96220784313937,287141.05356225895,638.5683374319225
311.0,418.5401675669558,894655.438486356,597.7474206675922
311.0,427.6157563544383,521868.18924901274,611.9563371368865
311.0,332.40635568033014,328909.2586527693,639.6529160067262
311.0,799.8959909226433,700.0028783262896,813.5647601103386
311.0,345.821842589529,619313.2779874648,614.027353846053
311.0,410.51308933015747,297517.5422882954,620.6400217827373
311.0,869.8962456956915,527.4661738323729,784.8768542079874
311.0,395.25108117312357,535043.8193185285,608.4971048111518
311.0,910.0531821006858,41759.26597220647,722.9732304628652
311.0,390.4837990329274,199861.75735365457,665.2818663363255
312.0,421.1889716210617,530755.4215586635,627.8190777491521
312.0,431.6100591566038,279923.2911718427,607.4462290372522
312.0,471.65922469695926,741679.3890667043,576.9559476146443
312.0,439.1121571054211,478954.6930307675,605.0450986595112
312.0,392.26070897770126,431314.33330133924,631.9022561570937
312.0,400.4508482103792,170191.99668818378,667.2227682882049
312.0,710.0374495554456,50816.84077732419,695.1772951664819
312.0,583.3921239451195,61867.10170247147,705.1328079383
312.0,701.2679637435755,20797.316327293596,724.7160630185704
312.0,425.7617427349521,354195.3671701113,620.238364557379
312.0,387.86436593485996,438244.95831418695,658.83004670284
312.0,742.1519431143296,11687.12159606059,716.9465539063254
312.0,895.222843228189,528.2923844397703,816.8287244110173
312.0,401.07082102816435,460700.9528657792,631.604609473062
312.0,540.8845005828601,24909.05076146324,741.0767001984404
312.0,304.0202874442723,536057.8274530306,602.301936673358
312.0,588.1626724986536,605.7451497923796,754.5118550261237
312.0,840.6303763584896,53116.675726172194,687.3008764204325
312.0,747.5452729825502,546.103000885909,704.6251024268961
313.0,381.38336919152545,326634.5994661939,654.0188649087117
313.0,587.9765968646793,67213.52231484182,723.7552817115495
313.0,817.4233473444168,988.4977045320525,751.9438469359477
313.0,437.8780561239535,260767.09515064536,624.0227152034126
313.0,347.54374767258247,499900.8508291175,618.6520494343325
313.0,402.3999169080314,251957.81772979407,705.6654490387937
313.0,367.97571614333077,391075.57276922086,600.2168739506109
313.0,371.80626985401653,376746.43987276,633.5290130229961
313.0,662.5701174710756,17571.049843680896,701.0321321939891
313.0,644.9912312536679,50645.61716466175,730.5084026986108
313.0,579.4480810106575,207125.19802608967,644.8156315476668
313.0,365.7532458892648,406966.40461482276,606.4658907579841
313.0,732.7660280341714,22244.277945003047,693.3515954734111
313.0,379.6900602653758,379941.6966766043,603.0908723691164
313.0,408.7236211141009,1144978.3137446474,562.9537826236767
313.0,482.7664679050922,271096.0424094502,607.0229688667966
313.0,776.3608538527537,859.1805694617931,752.7116551441686
313.0,631.1972050682197,90114.51162030538,719.9573927600406
313.0,439.02872306517816,153787.1041387789,673.5415264588513
314.0,626.4005641842778,13001.281687193177,723.4633658057166
314.0,418.26508725831013,285653.0300182861,666.1711432959048
314.0,1117.9350937784168,7645.907029432037,733.615858998353
314.0,449.3973370948632,652848.8455394575,593.0462037083935
314.0,347.6763214361397,343806.2050884093,647.9201066715862
314.0,497.06692886668765,458912.8371210724,582.3637769029115
314.0,421.48882025828806,782427.6806714775,585.7948831166493
314.0,973.730030867914,568.3274185209239,738.673260172041
314.0,385.0241316663909,513325.3062870255,632.9573397797755
314.0,357.1605990815254,326840.43623764487,640.4015127996059
314.0,396.4996156936594,1104229.9503724477,580.3757788938316
314.0,618.1281030528514,40479.60837960011,707.0921846283959
314.0,827.6039407210923,558.7529127794364,804.5289944088179
314.0,593.7296065013528,83132.2046227658,720.8921837540576
314.0,591.4618178648977,25542.72788333038,722.7124433941273
314.0,383.0189611353349,588379.9547814815,605.4887723049166
314.0,637.1790711693106,54337.2982401707,702.4201483455772
314.0,363.4866626685197,313703.2726796765,666.8632503752222
314.0,391.1055920323886,312409.08140150615,612.0491242596336
314.0,577.557318983498,107712.48498399157,757.8963477854044
314.0,972.9360039048825,1994.0708246568088,758.3856705826053
314.0,341.13276798295055,724504.2025730631,632.9316193812283
315.0,710.4571773875599,29091.915647697722,748.9987510013539
315.0,615.8868650511317,26326.418667422353,811.4507283243727
315.0,367.02496897363125,472632.6895408062,632.885107724904
315.0,487.16177259847666,291283.9256298481,585.96506724702
315.0,399.1779255467207,522515.5943641441,610.4952074133626
315.0,601.7700019599829,222457.59064303487,664.2991481290707
315.0,827.682113658836,3298.3541129435675,789.9251780608752
315.0,380.30432939738034,784100.5001904897,590.1997676141048
315.0,992.785248012746,1557.1774915531187,756.7685190739275
315.0,697.4185586239236,12640.761183361044,770.6492674946793
315.0,335.47766829291584,285482.9658936454,654.2028798263746
315.0,427.36015546679334,417178.24774451705,581.9935032208043
315.0,372.4106550010674,852608.4403685386,626.6850216382128
315.0,575.3067516801325,29702.020156608523,726.3380132498477
315.0,657.8735810977118,70869.60347156385,711.2620279266746
315.0,448.7855271674081,377782.2549024079,644.1419128420077
315.0,873.4929831675327,521.2619338868238,796.1388249727789
315.0,590.4901631395808,277208.6821279811,639.7645153501142
315.0,569.6005395418874,78413.41995538899,666.1695546167764
315.0,794.0612148085727,10775.615155395688,734.541848809344
315.0,396.30243367685716,467348.67188565567,634.4140070147253
315.0,403.00960039587744,385068.2250861991,636.7528043441686
316.0,412.3754640990007,371838.17558679386,633.3639336920924
316.0,821.5045448395134,692.8447082923032,724.0841986226288
316.0,617.590919376636,50564.05133593997,697.0861196845726
316.0,833.869898094716,24576.14954194771,704.1488075441906
316.0,432.53267643523503,628824.9728499096,602.9798737844519
316.0,747.9349579610343,17941.416564276355,737.9532219297363
316.0,491.7047526077356,305705.2909130924,682.1096861947077
316.0,725.1132969345005,43113.24268253181,685.7383383465137
316.0,627.806585123084,4469.3664409671255,738.9130464880187
316.0,821.6335300316445,517.2462939905254,751.0581632201072
316.0,391.42552838387047,425105.54869718733,629.7840682489806
316.0,686.4095491826048,49580.16809831997,714.9439503086332
316.0,623.7803131759039,15416.971058821844,747.5202788716381
316.0,364.51623014741,351406.75998341927,641.6713593606488
316.0,494.82616329868563,239644.07632268546,636.754156223575
316.0,507.4041169522177,122513.08282472915,718.9522759379519
316.0,442.0256849866416,312774.0324520411,657.8781920326176
316.0,408.6746755448953,365207.4822485033,637.2128549818756
317.0,415.03409826241733,157542.00657412407,663.1046011863748
317.0,751.6249175710172,3340.210019369559,779.8910300802748
317.0,415.45264146083036,228191.4927157759,582.762968946568
317.0,357.2212471407305,230401.26626342966,631.4255370292908
317.0,366.0101266524128,761767.7345164393,589.6863031779925
317.0,880.5086775820712,623.1615823998259,763.5354456168351
317.0,365.47435030540635,336339.9191193742,626.9614174510424
317.0,374.0733890871355,580969.1734669509,585.2908516975078
317.0,655.5961127586598,18215.364339438343,744.4271160652141
317.0,369.62381203743035,629231.8103862054,578.2524265086381
317.0,451.3629323197351,199394.91557126355,625.1613132670068
317.0,623.974973051852,36378.41146462699,725.3722259575599
317.0,793.9021597503371,25416.573100818696,690.529790751471
317.0,387.2376703965009,387172.7837354794,603.6595217657774
317.0,1244.6167879249604,514.3414910267024,839.4873736884093
317.0,562.6093784878437,37552.25112196248,677.5018594201518
317.0,436.18290201889306,730270.9464304182,568.7536617232772
317.0,776.8857104893594,537.950211102753,790.5120187671773
318.0,416.67417104345697,204823.1785425746,626.0026708889272
318.0,1126.0076208604255,526.053911386309,832.2714600239023
318.0,578.2343080886665,77909.97098687344,700.581624030483
318.0,1052.2430248883925,525.2069308549097,851.4413458114863
318.0,385.9624302736541,246960.64262575514,682.5425189274979
318.0,716.3922190927944,13201.334910490497,739.9706466476587
318.0,388.1840562970978,443655.02425483597,673.3549931817673
318.0,388.61632714446426,446063.0667660731,658.268962640113
318.0,559.2606254579007,51081.1788095368,752.7431337225852
318.0,430.274567762009,406244.7627514361,612.761149824618
318.0,764.6270679291875,20806.627489788778,733.726222680566
318.0,565.3461805663775,110596.78922972448,727.6523635977107
318.0,365.1010714809824,454749.76201782736,676.9995985850773
318.0,578.2548588893196,71917.6609909807,721.3645674133624
318.0,684.0333101558406,24956.262904300904,745.9478659302528
318.0,978.7262450278364,559.6976192462591,752.3967575106149
318.0,653.4198041646627,71076.38436240761,748.078890544166
318.0,412.23454149632494,251590.72452396518,675.4880610850943
318.0,868.8736315771388,13900.065426881813,714.5757874652695
318.0,680.1985098974037,43780.79606529381,723.3170078607099
318.0,546.6913265994106,112050.6961638637,758.9451926580153
318.0,638.7723341587842,45367.54536712443,757.9279351098343
318.0,365.2442342006343,467583.51308039326,588.356381320234
318.0,768.7548520178403,6237.884923131158,750.6985800292633
318.0,344.5067823915202,640705.9454791185,616.7102173643708
318.0,394.6042766544191,478766.2018015689,571.9520791055528
319.0,371.1496062177303,567364.9487717974,625.2623711766189
319.0,912.7219041006017,494.56484989685896,810.6836669117827
319.0,499.5840560404312,228722.83959989678,621.7362783294551
319.0,344.31046434860366,551116.0713841501,629.4267830146986
319.0,1034.4913775025173,2056.3109554043285,784.6902994131626
319.0,596.4937863065369,62305.14108283003,700.3917730395555
319.0,397.5428643210908,413561.1746537437,581.5805605302618
319.0,337.32135639050296,689210.6426937478,652.2822245194301
319.0,1450.5567750314353,490.56227920273966,888.5188606654751
319.0,343.55592341421743,699480.22097154,649.3031798091992
319.0,644.059484600993,47665.03837607451,670.4455182754015
319.0,638.5521237157468,97852.26284786218,694.1457763787445
319.0,939.9775485543539,4954.3455621532785,799.7563759763476
319.0,676.1902787732502,18474.96341871967,762.6703784628911
319.0,706.0487504573584,34675.22935154284,720.8763720550463
319.0,892.5730035864589,22225.257153764367,751.8398282942853
319.0,400.19130006682826,239376.0514693295,598.3794063169297
319.0,619.9390592745858,23015.673269450133,722.8299279315655
319.0,466.8493001193407,157258.40843943207,674.0323043422527
319.0,353.4040024413659,486528.78952256544,680.3718788586029
319.0,932.2693269487413,16607.805735644444,761.8901340561187
319.0,397.31506902989236,411699.2089689383,623.6232158105478
320.0,590.4096122306655,40834.879838194094,725.1332191297739
320.0,440.8595300954649,417316.7457371201,589.3054588056002
320.0,469.7184864764817,261410.92959702676,674.9970482522472
320.0,1114.0044644572579,1517.3225238404239,736.5479411641912
320.0,691.1658232569007,6206.66401422774,738.364674791948
320.0,689.1857329872195,24052.427199042315,763.0877915476432
320.0,559.1871132349963,141845.20038811094,718.50334457304
320.0,405.07602115049275,299227.8241016912,628.6096088312454
320.0,876.6171946566827,30686.51603015019,697.4921261744122
320.0,390.2125206053998,427033.46305885713,610.4492576686112
320.0,710.6648116960714,3448.7288375799862,747.2769566531814
320.0,370.43730627059176,509918.19464673154,603.5022901828746
320.0,590.5835515036935,137535.7473995193,712.1481197731188
320.0,402.4505553438165,325419.5178184833,623.3877612690115
320.0,953.4312634505491,4178.105087011244,742.6127918261697
320.0,584.1797670520837,72687.97245668067,721.8717675170321
320.0,739.6678014088372,29802.330518495295,737.4785761970588
320.0,371.4652380395167,386705.6434252515,680.1343700706045
320.0,763.0473753761916,108197.4894099118,688.5699300557204
320.0,777.9914147750216,553.475398240381,745.2686190023311
320.0,572.2502459679275,71760.48407620247,724.9360382651751
320.0,524.726870028153,170442.8421845341,719.5859007442308
321.0,582.7413548538285,221824.61427099406,699.5113925764024
321.0,420.7595628699368,347050.9389631191,625.1569669071293
321.0,397.5168983407095,601409.2319298508,594.6246531781348
321.0,958.7939709837907,513.808581633453,828.7464121569069
321.0,745.1333370103677,37831.868181007,696.0956281920116
321.0,565.5804094383665,235188.03913094854,694.1470663529215
321.0,604.8881262083164,51398.31458810046,722.7384291999849
321.0,417.24935105801075,417605.7513546452,594.1443287689722
321.0,381.55704023313797,339431.79823807924,656.860883009123
321.0,539.8369829676665,325214.96883997467,701.4460902095584
321.0,617.7391573000306,19056.57064983931,777.0716052370359
321.0,870.9110236633514,22522.322870250053,766.6100207263917
321.0,701.468241954218,108877.20604435017,695.8085106945863
321.0,806.3056698899918,14892.022371234616,785.3948740019472
321.0,620.4232485099253,68652.07385617573,696.9489364594685
321.0,509.73241882711545,355471.6010157901,624.1893197469552
321.0,429.38606923889955,758955.275045,588.7310009358713
321.0,1010.4378607126054,503.34160628258604,823.7488374176004
321.0,690.6221492316976,65513.6210891737,701.5077554919778
321.0,786.7886438331834,92728.21308409498,694.4550345343074
321.0,1177.5549881291026,807.7769808866258,794.2017424584536
321.0,375.26490016703974,556367.0917935262,650.3666229403877
321.0,374.6646367641223,635960.7664479532,606.9530700258615
321.0,393.97530033914865,520479.39697539527,625.4520801724788
321.0,691.7502617632097,33898.68804538471,731.4676424111158
321.0,635.2625868463261,38071.89780036099,734.4426324707431
321.0,605.5250400067123,50073.790061275424,714.2795685976961
322.0,788.1154312830956,9037.83338715779,741.9886924371134
322.0,627.902145051771,10063.394266526464,684.4076530681969
322.0,577.044786416242,85084.20530217454,780.4424094273043
322.0,545.9884542627932,209893.94277995656,739.597603679265
322.0,387.1964098835364,296306.8873424478,686.7529150404423
322.0,404.2681866815341,546527.7580202371,621.8585129816299
322.0,393.5176545947654,604224.0686725889,576.2323475996731
322.0,569.7670308330861,109645.89110410583,717.7906410083333
322.0,934.3788039289908,523.6855568712234,793.5622941342351
322.0,455.62761842347965,478787.4811882933,610.8469673449623
322.0,433.5674365524638,380902.61147382355,623.649825855201
322.0,338.902926064594,473276.13143941836,639.7200506599049
322.0,824.8985346756178,2384.8748925790896,769.0694742504046
322.0,357.3919907097575,640179.7289014132,620.6500679038809
322.0,952.6025079461442,600.1994646932739,757.4468319311152
322.0,410.01441448051463,241077.18489158343,660.3508696725349
322.0,430.14557948574395,490795.80955110386,585.761922191864
323.0,354.2213699116412,301693.68751577573,654.3769422040523
323.0,375.30494838189895,609988.8700906242,626.9840272888929
323.0,417.33487798316156,627816.3896886737,601.9366568553655
323.0,566.5654864876268,41545.8342492034,702.6677144644283
323.0,1066.0571662345162,3468.1514458722304,739.1338013896403
323.0,352.43173289506274,597901.0056526958,634.1371163060392
323.0,709.439358477533,5584.469308189127,736.5993716852248
323.0,537.5143168139755,66352.96732685175,736.6824993453054
323.0,620.4958838524421,14010.359207466336,781.619280387517
323.0,384.9093587525542,372716.50194786023,632.4447176171532
323.0,740.004544140815,838.5640826826034,759.3895515954889
323.0,561.8092591392923,223413.8067908455,673.5864061027767
323.0,1137.9310190641063,550.2466049135942,757.1991911514002
323.0,379.14317807089435,428248.74600612844,620.3786110296803
323.0,678.5281843272762,25708.158826284252,730.0097475923175
323.0,457.97814517585033,495596.9323436895,595.7493712939587
323.0,404.72586590364995,476316.71204809623,616.2304602110287
323.0,440.9555781677219,291747.87038711883,604.2500649954502
323.0,896.0649689418093,513.5825895864915,763.2912862770833
323.0,695.7923188388716,1825.5208647898644,771.7414151111348
323.0,393.21956826686585,194981.23723369732,687.8510003875026
323.0,758.024256589143,8039.199745887191,722.7152085654175
324.0,1155.1177459149928,768.7508690481998,743.1485538183757
324.0,609.2143235684365,27447.901113923956,736.2060556068227
324.0,478.51919570205746,394932.58125368453,629.2960949479404
324.0,629.6078546501116,100664.73149257069,714.2639550450467
324.0,1294.1461555800088,480.0706395824422,897.5412082224715
324.0,699.8017308002211,513.7646639547789,773.8932047126331
324.0,490.11754913508673,526287.4380496629,594.91465734106
324.0,667.1692330982786,28991.745431768024,724.871224743178
324.0,811.8684135148869,23736.692136183912,700.6185115936798
324.0,449.1313061018415,751752.5208808838,619.9044493553431
324.0,391.7171232512912,1097307.204744617,597.4270059228833
324.0,400.23496588599164,261609.81405882686,645.4411228409832
324.0,375.6501682264234,668805.4862670545,632.0243510393481
324.0,466.8082786152059,172098.29553350585,669.9516887948431
324.0,458.44037714583203,753336.2267066826,596.0143275606118
324.0,656.010698646181,10785.594171874845,737.1863555495689
324.0,383.56549787611846,455435.45609239367,646.0687929684126
324.0,418.52600273335673,222501.4594478244,688.969467851415
324.0,397.3015334514087,384057.05592655117,674.3619234863111
324.0,400.4859988146793,493263.72680141206,633.8344689620086
324.0,392.86195684496636,718361.4671113769,631.6991767834229
324.0,485.79144749725356,219279.00282200432,635.3579523063382
325.0,385.915069353676,303288.85228732805,626.525672608958
325.0,913.3446624095252,560.8961761215407,753.0454879076901
325.0,390.8323079450847,307151.02729662583,617.8633349461236
325.0,347.5511076166381,269204.8490229446,669.8833029906248
325.0,695.8748859522904,15997.109374526262,738.7734974538872
325.0,499.63624657366006,98018.53025398725,700.6283891678125
325.0,1141.764396249684,392.148594498958,851.0254498497575
325.0,611.8987684143174,41043.9060099273,734.2157756496024
325.0,360.18662461626855,516920.24935962836,661.1221174444124
325.0,1027.9486622719294,554.5676316878785,820.2249526489114
325.0,494.32491683431425,237680.60186467686,656.4588475752677
325.0,572.9018074907073,65879.17408736076,715.7839247040704
325.0,764.46406270421,4742.523810949413,743.6928556509554
325.0,747.5695839959308,62222.469445362076,712.8491978367289
325.0,791.4579659523949,1026.4427837737226,772.9442312423765
325.0,601.920960796769,155465.66571666917,673.0493972008402
325.0,380.232017349952,675535.7474997392,627.1455049056938
325.0,678.925484805967,4582.393586048912,756.0800781332141
325.0,716.5054852900427,29729.94801750652,720.9297073693156
325.0,609.2560568840025,90291.40511303935,705.6377191246883
325.0,903.898581950954,942.6230002731046,788.1627246078835
325.0,942.8063788608257,45116.842093182735,687.605029122153
326.0,349.11332772805446,451881.5406434512,663.3227007170454
326.0,388.65755006233377,373873.80909172725,657.415654605649
326.0,576.5007119645798,69759.37685545074,731.2496066274672
326.0,410.19560309274857,192548.48840571125,637.8415459748675
326.0,1032.2616203588182,532.5952196036895,806.2324314797122
326.0,373.7571804188698,856781.2945734444,595.6110683631367
326.0,651.26712991646,20186.617221385375,750.4118237532643
326.0,415.1221141698839,566596.9440273409,601.7942430945219
326.0,1157.4631598039755,531.199169965515,830.3620375322959
326.0,670.4976771926267,42463.22823077362,720.0828058220028
326.0,634.6235306021687,65772.73289262185,724.7534460346756
326.0,603.5048613592725,67035.59321391722,698.7172255510377
326.0,390.9162470747537,759316.3446066396,605.7470669688407
326.0,803.4900390135452,1136.731433319343,750.6148944721579
326.0,350.42675312160253,413731.89135824126,605.7783604448147
326.0,729.4789035087255,4342.062608613586,726.0938906253338
326.0,772.9201100888263,145925.54491528828,632.6387789359038
326.0,656.6837274160813,134057.99543427618,687.6475524353458
326.0,694.1999746332062,102136.39771083306,688.1450570812054
326.0,754.934649990146,157815.64399701616,671.4301894049693
327.0,360.17300628873784,305813.427793307,641.2700294566886
327.0,635.2992155383026,51665.005789284995,746.4340752846847
327.0,861.5599914096742,565.6195260753966,787.5524039032556
327.0,780.1603204114343,11551.116696635678,736.2164860567435
327.0,382.8622606115724,612520.3221133181,596.6932440546846
327.0,824.6164477903548,12716.321039006627,722.3893592003294
327.0,1025.6827814912501,8703.977132010355,734.9415914061068
327.0,696.4513101430128,77356.27884618365,705.0316912962967
327.0,852.9777078737279,778.5563898865244,765.4269336712713
327.0,711.4955394575464,32235.158933612744,720.7946455811833
327.0,383.8145648501102,447921.2448321248,610.4752473737296
327.0,874.6009801825329,104583.48756553643,697.6517252939921
327.0,618.6506121782858,185673.14884616027,684.171715666424
327.0,1299.8666775028128,5542.658111598223,750.2361903519173
327.0,723.7774599300718,26926.39774297665,754.6339132340245
327.0,380.22075122356523,665130.8000019967,635.3142246436184
327.0,458.47518631118345,312670.7926577304,608.3540510237699
327.0,1115.4286711926723,528.8317815217246,817.0860588180869
327.0,649.7776752451723,64258.57035293827,734.6864397642225
327.0,401.17723925269263,383332.7970885647,624.814673386627
327.0,1087.5083114521312,8302.604416329224,727.3642587698761
327.0,846.7112857022043,24159.307988505436,706.5941619915334
327.0,323.9217362176009,771723.2403427898,585.0324714383526
327.0,729.2005901526381,67909.21435571917,698.6352614384493
328.0,578.8127556622089,19323.082812280554,716.8110045944042
328.0,621.0164668101107,69928.32639616172,702.0477870351895
328.0,837.1575995853685,138643.52870617743,670.9519967343912
328.0,933.0883859091003,476.99958024656945,757.1548868657552
328.0,652.926448465341,39173.73892934864,695.6502329603386
328.0,360.84483748673875,574509.3158597139,661.7705780934214
328.0,792.5306984137707,16206.667223514954,792.5373211549652
328.0,854.1217836663903,953.5207177184766,816.2784333710241
328.0,364.9680177080432,435041.80431097874,627.4123219419206
328.0,485.4975543215223,312259.5218689607,667.1770755635197
328.0,698.5921022458082,237872.63090334367,693.1655646061428
328.0,356.51749287886105,616995.5680190389,671.8006197336159
328.0,467.2250125232512,338825.8962258637,635.6882254759718
328.0,850.7119153850115,21270.20563617501,689.1711483806752
328.0,386.9879862770739,818139.9585458318,614.023888605049
328.0,571.8123170150283,18235.182835656764,721.7053779283226
328.0,399.57378806429125,436238.31036920444,620.6696765340123
328.0,418.65883245006484,618344.8964851683,603.4907013400249
329.0,770.2136237043767,19453.406913559033,741.1427889467826
329.0,395.63374577470563,253500.93721655555,627.5141615072043
329.0,664.1677855935573,76055.59491701591,719.5427752213033
329.0,394.00220178401474,345271.819362349,650.9012985498508
329.0,779.4677017382668,4006.523027131281,763.6725131431406
329.0,379.1915537640873,479610.1835277894,629.1752244742228
329.0,661.1487892124035,64082.79388076365,781.7735091631944
329.0,625.5283781449184,36992.56464204203,795.1625823277938
329.0,712.4816763221368,42736.19379008523,720.3588162069844
329.0,380.60454356183635,478922.11508127814,649.9164836742864
329.0,660.3721492611533,148517.82310692905,692.8973733414343
329.0,373.49681564586825,712995.5496120711,637.0175650881175
329.0,872.8851031302527,2472.4156240021407,766.0272628486533
329.0,983.3330248504014,971.6957796502173,782.7740098744118
329.0,418.1590224244764,467322.931479087,603.4499493697463
329.0,553.6938573220204,191314.11047557634,706.685668414088
329.0,412.7282777994473,249171.02941984317,660.6425196697869
329.0,382.17231001232307,495325.0220639427,588.4565117024498
329.0,510.31245950144023,112869.19640102866,749.6679267683808
329.0,588.3128336472176,83548.07523456664,741.1177201057983
329.0,674.8420714511922,53689.16847172523,713.1856831098102
329.0,672.3101088401226,45693.65946709158,753.2714731078773
329.0,561.8733337986982,98533.95507363083,741.0042236144847
330.0,421.7352966649444,923459.2008714931,595.4097412630814
330.0,517.6430500844458,100280.7845048457,728.6829523867503
330.0,412.74138853787235,295263.9447048559,628.1709969682746
330.0,339.80441953173886,306633.7797808433,631.4232285453014
330.0,716.0885678987373,18758.294860172227,744.1838427056693
330.0,421.00124764777553,396323.07168269897,609.7269055406189
330.0,357.5557833477575,653022.7286483826,629.6556924110853
330.0,451.1861662135828,201487.7314611537,634.7182107863104
330.0,675.9305655670101,23788.12891248124,779.7776831468784
330.0,562.4410725002444,86441.54586147366,724.521304744998
330.0,592.415075030272,66518.94060294809,715.4025988947352
330.0,438.04603443138785,254907.17021819536,633.761805706217
330.0,719.7103632776084,68295.81170673633,682.7874095786871
330.0,668.9390540763055,26445.36986147394,747.2293117373508
330.0,1113.107948862126,3201.06233170595,825.6946651761191
330.0,1048.8366961780573,555.887396412433,838.8586908977072
330.0,867.3803421202501,10274.774816577792,754.8852192566703
330.0,442.64373503373486,623136.2065318308,579.1780378637945
330.0,520.7278849493925,196373.93122751536,705.5384368779397
330.0,907.904724750589,28235.75347113739,743.9184841755358
330.0,619.0291190701821,29278.57326058414,708.7269140039524
331.0,652.6594813923906,27746.63875966271,743.6693223235344
331.0,780.7688815925993,14738.702121837377,763.8658265377562
331.0,396.93527573721457,373468.3384507887,613.3828996803568
331.0,783.6437747142937,13882.678240247938,760.4806776735517
331.0,347.77665715768416,715493.5619960933,604.4220268134479
331.0,338.00151980176116,526807.0406355897,612.9640338356608
331.0,665.3001268788786,18768.06115224395,730.4334861762819
331.0,429.44047455689235,349195.1037939851,587.6782255620325
331.0,851.6973334207106,17359.10656221949,719.4378314486589
331.0,411.98065497425296,364373.9125638076,599.6202228518379
331.0,373.35082321029995,240066.0788041264,639.4113648624225
331.0,929.2186027004236,7197.840463321483,787.0325616071614
331.0,817.6395508951872,15602.779229676114,741.9314828750126
331.0,723.1164776080504,36674.17317402935,698.9788739957427
331.0,896.4771385404945,16399.11612780815,704.6250110913535
331.0,1076.6870593437775,50726.12917876006,698.0089380244026
331.0,718.8586373828737,193493.370996495,681.858115281287
331.0,644.3411862685997,20018.4730684442,747.1168726313861
331.0,692.9694086932576,35259.382263103194,722.6675376777998
331.0,357.4586289705395,405888.25715643406,611.8847438596874
331.0,420.22163008357103,305905.52011210634,597.6387107550208
331.0,601.8867594998045,86813.75820093363,731.2066000750626
331.0,443.7684013628719,286084.26659501524,622.433124102014
331.0,734.7916283050133,57999.604079495846,679.7003546218881
332.0,722.1105087364808,115107.88065052296,686.9425165432388
332.0,510.2916371627441,35742.09046835145,739.7015321222415
332.0,379.87862018514323,407282.90566862666,603.4922554058898
332.0,599.9955036822761,49366.19484950774,729.5182911175418
332.0,394.6971584501177,658908.8102774498,578.5705451317071
332.0,372.4251945179229,687757.8210894383,649.0960342159992
332.0,614.0699823125447,87282.10092594304,727.0075244031555
332.0,798.5721856373508,38218.873332769625,718.7962226211757
332.0,909.30404741726,35724.00643094282,695.5567211481699
332.0,369.50638828894944,722640.5822261699,645.6046024286289
332.0,680.6008085396202,28661.76054498436,736.0412561779069
332.0,743.9247329467873,2004.2604870481584,802.075687631124
332.0,392.2704702192423,375589.13180186343,618.4165033403581
332.0,704.1847863380115,57230.14914603325,694.4369966526747
332.0,1200.4364506455493,25071.040067736903,714.8357605422478
332.0,805.9156897304057,24623.784177138485,730.5932797054334
332.0,648.660434664833,113295.64594656954,719.3004796970306
332.0,369.3835382168892,668733.9752826178,653.17024720294
332.0,446.07104583030474,404708.54199714557,616.1019651093234
332.0,395.1344189771279,210544.77898776662,643.9191333117949
332.0,373.0758622528483,515282.8623633592,585.72850541065
332.0,769.5841589638852,39033.14782074047,712.1330559754466
332.0,788.3818613309606,70357.65720061457,692.9842003031287
332.0,368.6601125069747,958353.6961700622,617.3825640101869
332.0,919.6921668057277,1097.5356198133625,805.3696065991975
333.0,401.1894238913908,317969.5580347825,604.9252288471448
333.0,427.1417058631451,195416.97609374908,628.3319820415697
333.0,824.8220950183694,27877.35176872845,723.446369302421
333.0,871.6741070768174,634.590081939524,770.1021057755056
333.0,556.2946538209432,134276.33593406505,661.1007432450592
333.0,770.556252846594,12041.34362235533,741.2508730687092
333.0,863.2797344705069,4190.246423190038,772.7929085536632
333.0,957.9522396325797,5549.510990888795,738.1656471351465
333.0,358.00076575573956,369028.0823707681,659.1045738575557
333.0,389.0813222872444,341127.66126779304,658.1550523693876
333.0,393.08923907870064,591615.6005217101,653.344029811691
333.0,1054.7787742917737,499.9421705476047,842.4946507792808
333.0,370.57626050729107,739273.0663360287,568.0346607937885
333.0,604.0165225436988,31798.126059921495,727.1800789619845
333.0,599.5345200065009,54296.694217737415,715.1364087053543
333.0,409.51888793598,496423.21609771356,571.9546453153035
333.0,593.7479105763462,31663.664033990608,729.0423630005763
333.0,402.47550137524127,331961.1445155925,603.3433456518592
333.0,398.0079835211517,514311.757896126,630.1927220064971
334.0,463.08875297164195,312589.05406850873,596.445066867335
334.0,1012.2049422725089,555.2882801998862,753.8817499747855
334.0,367.5649578348697,669714.1823462391,588.7634305112431
334.0,685.1463587609833,51456.800203979634,699.6598542862176
334.0,1006.7703525293911,5056.86898744038,756.3822968944148
334.0,720.2204145404048,73002.0495469508,689.661599045824
334.0,376.36687316615587,529701.2053915206,621.8432553726152
334.0,593.938658533415,40401.730131735996,723.8961390385329
334.0,969.4851634030472,569.5070669615802,768.5956771169152
334.0,964.6206580584093,4697.564032946955,790.9406657671093
334.0,343.57879108234505,531162.2281444807,590.3007554755867
334.0,566.2077649486492,76862.0908685581,726.8925389487001
334.0,367.78525347650776,487553.02406588575,682.137061780633
334.0,513.2497510284036,26905.345874231814,743.7990769089879
334.0,1130.5351313579422,540.6724518661607,867.74626761587
334.0,415.4438184959439,340982.144947153,663.5871683348314
334.0,416.3225998413473,272358.9816978125,609.8755487949621
334.0,668.9342804073441,80863.89734140769,711.0883676153803
334.0,596.272589603346,32938.33019690968,742.2403757964585
334.0,884.050623414112,5109.691536565634,739.838456032176
334.0,693.2760503489081,97495.40992866388,696.4716568689605
335.0,395.44992277865856,279905.27195504936,633.4844574430005
335.0,638.5888089997808,7313.133365850382,767.5913360607124
335.0,372.8955102047588,460142.120571685,624.17324604337
335.0,789.4710288980464,5731.501502672748,749.2694823471527
335.0,668.2839125349625,28666.837550841563,729.898777575061
335.0,660.6633727320817,68319.43601074941,701.4108024673797
335.0,791.9316062566534,2642.966082326835,771.048947249747
335.0,803.5259622970873,23999.261313378975,748.8840858033069
335.0,462.4130018712888,424230.8858768566,619.1701749873506
335.0,425.9852596262954,436406.40891518554,572.1677833491551
335.0,325.52989452997247,518101.3078749811,625.7978203326394
335.0,454.17832311088375,435635.04319418175,613.4053418902653
335.0,371.0686000547737,498320.6566642216,620.2586054004819
335.0,388.73345844954014,324143.9425131436,673.7782255380217
335.0,1108.0599896795632,481.8892932861686,810.7714617505671
335.0,624.9383053862184,30873.30874835804,712.1089045866327
335.0,388.98645389260787,454819.6630555372,613.5977198118782
335.0,822.3185929306633,92311.14726081253,663.267278481011
335.0,384.87342070788173,393373.9413289623,663.3513540361771
335.0,399.420104992727,502471.8371566229,609.8453334639265
335.0,900.2891826527617,569.0423879314674,775.4490204059877
336.0,353.7637572170964,672110.0304079669,662.8932918400302
336.0,362.26276482982445,409787.1100614205,592.9787425387191
336.0,1084.1225445237174,505.34092741173737,775.3811391590102
336.0,350.4812474155195,788345.8500491334,588.8762515093276
336.0,633.1272567601703,81691.11642250964,711.7065912409612
336.0,379.00059660845574,359267.47060442745,618.154209923576
336.0,420.2836437852208,680375.1712867675,562.32070521582
336.0,975.5625324470168,22649.622825554376,723.1479175233642
336.0,713.0209566179525,24647.534901227846,741.822090155135
336.0,917.0364183822448,589.3987992814376,749.6765224825067
336.0,590.0624468418624,127819.2741945515,712.8441859133466
336.0,788.4312625943137,30682.906216862495,724.670048702165
336.0,396.0839144813509,210936.34284812733,631.5855424516859
336.0,715.8759975689987,45425.38076752404,689.8043794895692
336.0,760.5054366570204,16296.57129843551,732.3719345515684
336.0,417.5812803657172,178939.17228562676,619.4387709619509
336.0,378.5465792796576,398486.6971081308,670.9542591428158
336.0,663.8557846769926,66251.46790769565,723.4925616327249
336.0,600.8512705833524,7092.060104365144,787.0087068901452
336.0,582.9806424772265,98560.79606450969,724.2862509842793
336.0,555.5892061278668,108190.10307855748,749.2191625846089
337.0,630.3610655820486,34681.66439212707,720.0600590665312
337.0,427.6252964119185,581330.3177952574,600.826303531181
337.0,665.179738254886,17715.249265778173,715.8256896980413
337.0,768.6253742983712,89531.55553232372,674.7500673064321
337.0,847.321668036244,2489.2517155104456,812.5886573990283
337.0,370.90829068444134,447372.6073452118,631.0323264287076
337.0,397.9968959247256,496341.62056421296,624.8945234822967
337.0,366.35646210151685,243524.1451320233,687.7516088059483
337.0,1016.5062880187312,6006.285849603424,711.1690186601461
337.0,884.357590703476,561.666373958264,781.5914119743418
337.0,427.55175365900686,760645.0618405862,596.0382857313338
337.0,349.31844931424615,661346.502211929,618.2343166027848
337.0,446.2794632058437,725137.7456277203,595.6262317676023
337.0,385.7156330625758,300254.26944073447,635.9953253796583
337.0,691.4125439555705,12345.714989710092,757.0116216764173
337.0,374.04295983872197,540995.1071418906,611.6639876593257
337.0,435.4310671330198,308366.8849818186,628.8678483358636
337.0,603.6454743292826,161697.14830725573,673.2865121036467
337.0,480.87582388921834,197009.64882404954,673.9959416209336
337.0,598.6735555190282,70485.63795861906,723.0347460986495
337.0,359.88452448608496,423257.8541716784,643.6190759693563
337.0,586.0770237803722,106971.46053736481,714.7179374855762
337.0,413.148329876301,572219.8711158453,609.2677448480385
337.0,574.650371940526,43398.3937750369,772.4735945752321
338.0,364.0689965307088,905735.2258225968,579.9755159556557
338.0,362.05023412904114,427648.96564456244,653.4414373633628
338.0,1132.2375995934588,6183.962545861138,708.7050283528091
338.0,390.2007551878833,677602.3498010893,597.4079381218556
338.0,381.62699424068614,822494.1693719892,618.6796128611783
338.0,835.3142980084615,2209.3050805097764,780.1330328564205
338.0,375.226760127504,364897.6151174007,652.5941392275879
338.0,451.9645830562519,366315.6709185067,627.1587826681458
338.0,603.9889955945463,14271.843764882226,742.700972751071
338.0,624.9847284043294,26100.84485941799,711.0579218449609
338.0,431.03805123544225,409825.3361350014,615.3932264594554
338.0,395.28965139061404,357433.4014525968,641.9935549597458
338.0,785.987409248875,8472.189503102061,737.3821013383995
338.0,555.2079916185705,154051.9816657541,768.6686374100357
338.0,517.6953321334887,169649.66605551392,685.3888639914863
338.0,563.436026344423,88476.33844567397,701.8138928986859
338.0,430.38478126888634,419099.5852474523,624.1695955509506
338.0,424.2008829843972,209330.9551441113,700.5112911254582
338.0,377.73587684573084,323257.63543019484,656.4797882495997
338.0,463.36278784576984,196203.4548985176,681.649520835411
338.0,356.6189688163472,613406.885702935,633.8894148316199
338.0,461.13171250955816,227939.04938964962,628.0249088726497
338.0,869.6452121668364,557.7295985844515,785.8904063723819
338.0,389.2314164969146,309470.2642309694,660.4720886445505
338.0,669.5729814587405,8738.46530238909,701.1496317784735
338.0,672.4534257940707,38630.57449119178,691.0581703895122
339.0,361.5605524555836,576882.6474642813,592.969380322543
339.0,369.5894940422214,284349.75309068855,655.2365395241835
339.0,360.67390612979847,651056.869436688,638.978771029815
339.0,625.6457936104973,30076.911539631874,735.1302150869341
339.0,408.91034015662774,393861.5720839453,610.520697376584
339.0,571.7070514639788,129003.67568575448,719.7811302138914
339.0,760.2812674077284,16652.18408240318,766.9405533945506
339.0,535.6367813988978,110196.11200993205,741.5836833518011
339.0,797.0500361582929,15267.51263920641,713.2587413853507
339.0,577.1370204811154,95294.55006881803,773.9421955974409
339.0,587.6293131932291,116836.86120708621,730.0271882238609
339.0,804.7951886164844,8481.55436599962,695.3756858078054
339.0,832.1578972067613,587.2215653902077,824.5441817571602
339.0,903.7411158646902,510.47226623290305,800.2128922664042
339.0,463.2679053346388,220871.30401122072,665.4502913881126
339.0,362.7956813768405,482006.1468999459,644.1529050960788
339.0,468.2083090368464,355413.9695314459,647.7511669738101
339.0,501.0827602709009,327646.878040561,597.0809118367697
339.0,598.9906969760384,56816.829255571196,682.0314425241185
339.0,432.4051573769029,369414.90275686246,626.2408850061316
339.0,365.290151342829,531580.3505674049,590.5127830316915
339.0,622.5091711682531,31895.56558862114,761.5723228346245
339.0,755.1674971337791,55574.49307302966,732.842329113201
339.0,755.1911157333075,611.6173265741655,790.5885180105815
340.0,623.9424453408873,105881.0886548938,706.1365555615813
340.0,610.5834906953576,13251.572934765087,758.4331765063783
340.0,376.9735373586211,336550.82038190815,631.6550417952701
340.0,344.7954655403327,527915.4861356883,607.5044994278248
340.0,518.8860240882652,70973.67635937232,731.2075548775475
340.0,685.8867291798302,84221.01666227239,692.3229550584795
340.0,624.7763208387223,67690.89566312387,718.4255429865759
340.0,662.5113068434906,65943.0341024481,701.5162161264466
340.0,381.9943045921956,279185.0307625078,659.00158229209
340.0,364.8001624982551,370911.67161485995,665.5348153644195
340.0,1040.8820223792304,1296.0107650360067,767.942738597826
340.0,669.8970469100049,10853.21750262252,730.8510255780308
340.0,607.2124364726307,24527.74616969401,723.9139283581084
340.0,498.26817042604165,252388.82267148176,682.2194690802014
340.0,651.8422106548182,1833.388663074891,755.1013841660803
340.0,377.0342255559487,477194.6186917163,606.6607313283525
340.0,393.76679893416105,269224.7357525183,563.2368295082094
340.0,594.611880104596,32431.39498601486,755.409346685321
340.0,369.9333357151427,409415.2502845341,622.9789015577944
341.0,897.8384449968811,1268.035669287139,735.5183585026236
341.0,761.0017176803332,11690.002544116027,703.8493055690421
341.0,494.88025484593703,90022.36179530535,746.452480150893
341.0,408.1015541018302,351261.48648635915,648.8367255707118
341.0,758.770961679648,6162.702224856094,768.5555365662017
341.0,687.5818112338624,77946.84525601067,669.7457991136823
341.0,515.4417617928713,292062.0971149211,630.1362125987702
341.0,466.7934631980852,242582.14956112622,663.8540957165445
341.0,561.3030626068495,130531.59996282593,736.4984878586386
341.0,714.1720045004604,24308.614948015536,743.6713435448369
341.0,385.2207622253407,390843.40765449236,645.0613163470642
341.0,346.501558061715,536703.2988614502,613.3694099598054
341.0,721.9087253214744,71383.17591119745,682.5708384295364
341.0,702.1737269487229,52787.032887136455,740.0433497405284
341.0,500.49322249268346,426685.5076316494,600.7379545111953
341.0,686.187180410326,58121.12600757455,720.5628704356255
341.0,746.2842103191396,13397.085676791403,740.5390702748643
341.0,811.0459766201623,1102.2565203298036,795.5501814460914
341.0,409.5509252311494,456518.95465825923,587.4559892636908
341.0,625.4684286154859,91180.89126380777,743.9919102040386
341.0,794.3183635143466,563.1221156287598,808.7188472584511
341.0,684.3918329205577,68928.07842301021,727.4107789098833
341.0,391.48697525948717,458039.9444925289,616.5849410352649
341.0,358.0271009627446,478364.56139964535,616.537540780916
341.0,895.4813573396561,2017.4904594501013,769.5198873622468
341.0,318.4699725952631,690481.8976936933,631.902767991666
341.0,535.1660468152241,962803.2068492315,582.6111267983393
341.0,468.83221608415147,288058.11632059247,634.9997434877996
341.0,713.983642981082,23093.82706309667,753.7785888341721
341.0,357.2497297837249,556250.7578397898,600.5577660523102
341.0,704.8609146934152,7269.171469002827,773.7239774347745
341.0,750.7319845700067,27666.25283381202,731.5055365669919
341.0,696.3289866095656,39282.40462902973,748.9468483330689
342.0,598.0824098424639,82389.51829686193,732.3796163408002
342.0,1439.2186359462567,2310.567318300438,851.0477188806336
342.0,371.5216094160998,701980.0353567132,598.2220971602571
342.0,1317.7727100712286,4687.71784905108,855.1580740265181
342.0,787.478260337718,14714.33116620126,745.388152659102
342.0,417.57401770021255,353121.1744258445,645.2365484759974
342.0,695.695509058751,5359.593907319031,760.6790952626825
342.0,603.7203344774822,63087.039261528334,736.9410813288599
342.0,356.1015174112826,218007.4047283026,669.5998577966951
342.0,754.129152527625,61975.33265874836,711.5279833746864
342.0,358.90550197615653,518232.36094738217,635.6614966437949
342.0,526.1500647330298,191313.71295424618,686.3411920324837
342.0,595.2926651138292,98393.65815819129,728.298492327175
342.0,442.89946824127304,416164.4579274119,631.757321546823
342.0,374.05699048307156,423027.68226893916,622.8258840183194
342.0,349.077863798287,812342.4710874109,588.1434995364392
342.0,668.4463599410471,66012.67155397177,718.9431671052803
342.0,653.321736240245,22025.80967045507,720.6914459024657
342.0,628.3936920690094,27736.437192578418,724.9970597308597
342.0,559.4799607389798,38307.58569867439,750.2793639054626
342.0,472.8251904289836,324470.72142873146,629.7501641153358
342.0,690.6303936464586,20139.918690598624,730.598438340556
342.0,402.0922490041989,375151.08345414756,656.6540780996579
342.0,547.8922064559756,106218.3039687025,750.8434563406529
342.0,534.5713776026428,92804.37857048039,764.1714300367643
342.0,616.6100366457413,163943.09682492548,692.688636465441
342.0,661.4108565755088,141322.48981820216,714.2965626864129
342.0,457.98120802088965,337017.36109081825,646.3259701269409
342.0,525.6695612421947,608536.4717724666,561.5138621256987
342.0,600.8406426396338,83800.21636107622,717.3895202087646
342.0,813.3905421559645,23905.702723045757,708.1916785922704
343.0,618.427343593267,73461.88919337191,709.8515206731405
343.0,1131.5787394644149,552.7144845758954,792.0976298065106
343.0,519.7709516629366,281507.98422865797,629.943559958625
343.0,443.7695837651706,416970.7247480798,588.2342716492416
343.0,501.3801914238537,257966.73449722904,676.6307268083442
343.0,653.9328286425912,10208.3051624157,764.2400008122678
343.0,392.4824678177124,798998.0972729933,595.7144243293491
343.0,572.2561139693801,67833.26312149104,724.114076410078
343.0,755.6528742620965,18903.06196620377,736.0732837602468
343.0,673.3861343271286,44581.37927138891,712.7543922568142
343.0,853.0297498464264,16039.730410782366,715.8889736734167
343.0,709.5056730031213,2374.246984148527,745.7757122260927
343.0,355.13656484122083,710053.063765765,613.2899278624194
343.0,688.2966241846661,84553.70344671438,668.0386746557539
343.0,556.8985957650036,141385.85818469027,685.7980764242227
343.0,441.1320019260368,392177.3935599577,636.6107128969954
343.0,486.5087161816024,395515.8326673088,614.1274341422421
343.0,1096.4217863766253,989.9469820078104,844.5198214352565
343.0,817.2356666088494,22228.39114601901,721.9116935008142
343.0,755.9982617141055,22905.06655088573,704.8408937723323
343.0,744.046120103094,27668.793169551136,711.0128818958823
343.0,935.8393842123802,83311.12042031666,692.5770379957314
343.0,391.5275833733175,342865.73628996493,643.4447362756016
343.0,556.4640115341139,25407.95357753777,731.9006126642952
343.0,380.26897897417905,541781.4110551156,629.9645218899249
344.0,635.2897260132843,76568.57395067386,712.7754593158784
344.0,938.2762441506173,12448.329366704944,751.0487723328469
344.0,372.56340801788514,382821.4052086877,650.9008809116999
344.0,720.8911624295747,25502.145686833097,770.9082273083021
344.0,369.50463143507466,465222.50002226466,608.890594705164
344.0,767.1148940421991,17094.260129284,732.9552509417937
344.0,483.947905517779,370231.40582536574,614.9686881273735
344.0,394.76843472051945,249322.6746246342,649.018956534344
344.0,605.2525550695271,180768.4615759928,685.673926820849
344.0,806.406698615179,13463.211558982428,763.1934512730297
344.0,442.78512006741715,206188.73259102064,680.3758452574456
344.0,603.1921956698147,28087.043532622334,750.8550744186792
344.0,787.212438651782,66506.42319876754,721.0135180007532
344.0,830.7021903628049,57746.674017439625,701.867777463478
344.0,757.6624026167877,15282.139381268371,758.085114208337
344.0,514.4363983424289,287239.72699502733,621.9257673971994
344.0,730.4302665507299,129091.60006874497,667.1189902456952
344.0,813.2095866679194,459.95254770507574,771.7592650727213
344.0,429.2625000953399,428247.4227263417,636.4025408114603
344.0,712.627645698771,85324.06091408023,706.336893525226
344.0,418.302935508768,431998.2209000851,630.9481522942614
344.0,390.89516364261635,249727.01910691772,642.750041589874
344.0,861.5799770084257,37450.808086980745,724.5872278680279
344.0,548.1085883904911,94261.36110226347,721.3246478344247
345.0,414.3487781459036,679105.6875046534,580.023067801753
345.0,600.0996068755197,19014.40240727626,732.6413931022294
345.0,699.6928592979735,63785.16092394721,692.5036208857119
345.0,615.8796301800313,53257.335553305245,724.4535041554035
345.0,523.5720233272974,433145.8750985135,629.1974527837746
345.0,391.09739996368546,508765.8375019457,624.962091294803
345.0,392.2066010195366,463080.00165280694,657.9771962845452
345.0,717.0793518717056,35059.375542376896,730.6295959675028
345.0,1242.050601344876,1499.6728680261504,892.8848614927755
345.0,822.6606112099719,17202.973034753715,786.2524454609976
345.0,537.6218550312027,55775.12215442143,703.7322242952125
345.0,853.7040813934514,7355.959209677776,803.8686394144017
345.0,463.33859288772555,463197.47032790596,588.1704622662226
345.0,370.63073207866773,329340.50506787567,668.0181623708814
345.0,1005.0647496140365,6739.900398391675,773.9085643995137
345.0,793.6616824495903,43178.700691551014,698.4769244986428
345.0,1065.7236593068149,1630.5017566425404,803.8525128908796
345.0,366.36150550960434,681776.2946330974,640.8903477964266
345.0,435.9179194250239,673776.0881973315,601.0495066299146
345.0,1202.4264926594915,8379.204831629382,723.015222386181
345.0,398.5007850581924,234239.86591341652,645.4583050038704
346.0,1014.9449144019964,527.4260547592332,840.4427922348859
346.0,416.0489935249074,448575.7306286037,634.736267016148
346.0,955.2565074446533,569.1636738217193,757.0018932687623
346.0,408.477780425899,542313.3600054691,671.1792258718226
346.0,453.4078689982192,412792.0797457348,633.737509716715
346.0,521.0791058454162,90475.31213730283,743.9912530947734
346.0,370.79904101583475,765446.8861581995,616.0285092210725
346.0,473.7053945966669,348977.51438797207,637.6479280070421
346.0,537.1569892386719,99937.1857102921,720.4937156204338
346.0,928.0529675175709,2964.7111725830773,725.6846813266692
346.0,941.4660577997553,595.7090048654039,825.6144518896538
346.0,761.6654551880141,4597.28311623865,741.3481754471323
346.0,426.10459168035123,889337.4061562232,600.616243232097
346.0,389.5799083612829,671809.2392313889,613.9626667571131
346.0,367.6077402029355,689254.2804648229,625.0862181155683
346.0,709.6614716994685,96782.3258760522,704.6140980296683
346.0,631.1637104358487,15117.497337007644,714.9137084105857
346.0,447.06777191391285,437172.06175125425,623.4977726073972
346.0,418.26540328653863,952879.6780817538,579.8176718692354
346.0,677.2985720549591,270235.55722539756,692.4724233056795
346.0,890.5076946264815,37855.063182236445,690.5685990321564
346.0,356.8504185792914,724842.8600544134,630.3396564021766
346.0,597.5627589091855,8480.707732364599,718.0646037362509
346.0,442.6617472370897,596274.6783227487,604.3093130694633
347.0,776.4808703933887,13690.970429995903,779.3373614156152
347.0,1132.2865480278506,519.7293271955996,841.4956488172411
347.0,1191.8044422345872,510.6202886594467,887.0870370078477
347.0,804.0502205038267,523.0063876427986,804.8478371930524
347.0,587.6695536101562,21122.13958841444,762.628456643234
347.0,443.71776622718056,417411.4133835528,582.4544636660692
347.0,622.1144398717078,100813.41777831742,756.950353158526
347.0,1257.9731364067034,475.0396493142424,842.4435710589179
347.0,528.6286348325383,102565.53654168239,732.7292198833816
347.0,1062.109796466076,13795.414973188166,718.557020551591
347.0,344.32590320890296,447406.4948913764,655.5548420757417
347.0,546.8907584966784,171493.2293737743,705.2585407728233
347.0,860.7321080098217,6108.739780815976,766.4520788791376
347.0,364.8388782922189,444779.09849226516,640.5761587090839
347.0,370.7046991695429,746788.5517714224,582.2473542431262
347.0,395.5858192292952,280837.8554423151,641.165689041796
347.0,1019.8128692409987,905.3980883230179,771.1630696492474
347.0,685.6988318948615,15652.577223970347,689.157151000721
347.0,385.66416621479846,490252.47480582795,580.1058700877137
347.0,545.3834674839579,120005.1972217505,731.4585298885188
348.0,378.26896891174266,830164.9664121602,615.7444405153253
348.0,455.0276193194759,234917.76931648774,667.0313565572177
348.0,1100.4054643638049,495.5517839368178,862.215416081945
348.0,472.20750208615254,478768.3679579468,580.4802566162277
348.0,393.2272934245511,431662.01018641517,647.3797224422037
348.0,421.91148946547236,406197.77792312036,624.5604205478587
348.0,1179.8213785550636,612.8706311195733,833.9249955097962
348.0,419.27598633555385,504894.73170000245,641.4521171817667
348.0,661.7414373020525,40154.02260423212,732.7116027978296
348.0,692.1829275417841,8776.12889513692,744.9709912909859
348.0,386.4765182360082,459129.80589595984,668.3045887930191
348.0,491.0952749303775,219019.11883840832,630.7314416555758
348.0,465.9516702363526,506539.4009431738,607.551143168661
348.0,405.7916554417348,292212.2037872106,676.2653579603539
348.0,420.3497634856348,406518.0999997224,656.2196475781159
348.0,387.89607904104656,458019.9761809116,664.2493842822074
348.0,445.7156582628604,302005.1750651472,615.2592035792176
348.0,669.8482313313705,34080.14094916835,741.2424099592239
348.0,590.7434124184232,121234.18745911661,674.4328770522457
348.0,579.0524024477629,18607.554679792083,770.2835404203609
348.0,707.6804733270959,30301.274872370836,697.2636495749049
348.0,659.4738675495922,74772.48804128086,750.1900070198229
348.0,821.1195299574753,8060.270132770739,727.3222675570049
348.0,695.8025032670656,31167.595308262284,738.5977682258206
348.0,765.9733821678784,1316.3806159787612,735.9153287371428
348.0,668.9138151847577,101175.98272307354,679.024259288665
348.0,676.3434044056921,26853.523310069977,747.667433980305
348.0,1159.217133857258,9688.525107138747,705.2333597275002
348.0,865.2829241501353,15866.126995708635,710.1539360019161
349.0,673.1327984694633,58497.87047783756,717.6870695827546
349.0,859.012848076414,19609.407780937338,725.8798178226751
349.0,661.3806885855097,79910.5767598873,695.0690448038138
349.0,516.6845447983566,338169.89285893214,620.905944238231
349.0,739.6139165767763,54674.23847757697,766.3303366657727
349.0,430.1784831473135,342543.0578103651,700.1090685641312
349.0,366.08151244640493,536747.5855155821,618.8970957009233
349.0,370.2907052178306,507606.2129155816,637.5019393087423
349.0,423.6133313733703,360410.8244848544,669.5792155373731
349.0,399.613085589502,619914.5973348082,599.5441518656593
349.0,377.6184594107823,487168.95972523786,636.8774184436521
349.0,653.6548335245528,69136.1147732711,740.8242643765412
349.0,1077.8669382367893,18425.955351089677,735.2804386046785
349.0,773.721273017513,515.5644603613703,776.8338832171587
349.0,625.0012346233603,130616.9282818148,657.1306226680335
349.0,404.5036811045412,778695.787212052,598.2603761423836
349.0,435.6471556427485,269570.55316164,653.6327158975224
349.0,754.264859969429,1271.070798521694,743.9235509703815
349.0,1037.3915080485729,573.080665336858,759.1745350719116
350.0,408.71962514641774,304649.12669773184,661.00749010011
350.0,713.6040053266607,32447.397003540096,711.8848614339827
350.0,715.9993034165425,13944.294282784971,784.7460761052282
350.0,401.27522592182777,394453.4325863075,688.7690888312729
350.0,340.4979085324563,552505.8549197603,600.3821261411136
350.0,672.3422444110755,34840.86883968144,712.6681921717318
350.0,471.7894305358149,377160.0566876483,622.4361372930658
350.0,1173.8137417155524,3510.171113318928,750.5901205243714
350.0,635.7994794499159,64193.739566580945,734.4049002635071
350.0,593.7915652821519,47541.88725520086,755.6194441092965
350.0,808.0876395111777,503.8110545622905,768.5538549382865
350.0,452.4936885617073,278851.47717189905,631.6747180685837
350.0,588.0645647033053,159712.1239190298,699.376420329587
350.0,637.1155187815732,40996.64766684421,732.3400578560088
350.0,348.0227218448978,431066.22022443457,540.2273777912333
350.0,976.547387884825,493.39981703444454,814.1393200736507
350.0,698.9783291959956,16574.47999712098,729.7870732172345
350.0,759.6250060787505,553.9082162417837,774.8181544283307
350.0,676.9881941916306,58538.68450504642,700.969924220019
350.0,658.5375115643308,30604.83013130773,734.5263412598747
350.0,862.0195209145414,6638.9048806881165,734.3269040474759
350.0,724.0788517444365,2301.9118089606823,752.2470630104234
351.0,771.8137604427126,15292.563652439114,726.9182247715532
351.0,405.9906285795752,414092.13772337965,644.3983222217202
351.0,592.7860611695709,27573.67223769592,746.7705973563244
351.0,384.54914191298616,482304.0685759938,665.2983694821567
351.0,703.0643347771971,22802.237589636137,781.8768024644601
351.0,626.5214876057307,51148.50726459619,678.430000317372
351.0,790.7977230986592,41758.343746084494,706.464965306758
351.0,353.6452520881782,652183.5460140702,586.7537494037405
351.0,436.4389790824358,296879.0762100089,647.1305322499437
351.0,624.52034020686,51092.85378961199,721.5289352357196
351.0,356.6407095780653,496051.37682809186,613.0754189022919
351.0,389.81211980289936,469500.2877819857,647.4224093636043
351.0,621.624743204606,148411.84920772555,682.4816465926579
351.0,620.2288581589135,175899.30391951592,700.5863302277072
351.0,366.59079476987273,598916.932500581,584.8412852595244
351.0,550.6347764963731,65362.64726363822,725.3246034898663
351.0,539.8114861861617,62446.85435957333,761.3010443274976
351.0,662.0038375767099,147509.60719130142,665.2343430480867
351.0,911.9753497182304,1071.2151397414698,711.6587049719327
351.0,912.1885202390988,536.9602428260438,795.4631732567564
351.0,459.70382845201567,510908.76345646696,595.6515502335134
351.0,1019.9925123082319,534.8863029601872,781.7191623246448
351.0,570.3846001042633,46613.64150921558,721.5838773448834
352.0,383.46688739662613,546905.1118783517,647.3942048794488
352.0,518.7653538784976,147283.83489619647,701.4019052171701
352.0,636.8832860467818,17354.54158210333,765.3441965238038
352.0,678.4080884147663,28834.409068752466,726.8554841350184
352.0,496.95791895068623,210233.33081036096,708.4661338833063
352.0,423.3835711405373,565746.1961167016,612.4985727574493
352.0,981.4943842241306,3874.3492236360917,713.0152075690079
352.0,367.6141398100401,718574.0019802274,611.0051105614538
352.0,438.8445008598607,447901.4729727918,624.064926640535
352.0,384.1113454136321,585988.1416881894,632.9907364667854
352.0,755.4455686735532,65901.37717561386,722.5480720250345
352.0,699.4566372319366,17714.107604729255,741.486609719246
352.0,496.9637922140136,206552.27104934255,720.4548136155095
352.0,576.4534925241674,36283.96703816913,744.0498395596666
352.0,938.142496552,1573.2712655081357,825.7411909890652
352.0,383.5311102571985,814733.5486565735,594.0023721311375
352.0,381.7049992841112,777078.7199572437,602.0289621639095
352.0,371.3368068406135,650224.7195807766,613.2304286409169
352.0,592.2805336629331,61083.56717752125,738.7101860000732
352.0,383.25439204276836,432892.9258275182,657.2845496340512
352.0,424.4365236876647,598610.366897818,598.6543821434143
352.0,751.5816530358582,12121.508799376445,765.4881341131062
352.0,579.0446573121557,109250.02744071063,660.7819968619153
352.0,1195.7690216702533,981.1929199299905,731.6560969368203
352.0,642.0375231751276,91521.77968316685,699.9096283081292
352.0,452.7338778350737,386242.64315674786,631.6642170369221
352.0,387.66084606494144,228788.33555604276,657.4658614853977
352.0,1009.3061263125605,14996.921121376998,695.2498139996516
353.0,435.2461100969395,448826.5415275714,604.5669653540974
353.0,825.4159846666754,1301.6634462543698,783.7128281540361
353.0,413.3871417338745,283958.32105955156,663.1875939311188
353.0,387.5361628235957,354186.751871872,641.366812555132
353.0,376.2550637764307,645850.3679167869,622.6592994762717
353.0,340.2032220418319,398100.61654226034,633.2150806829086
353.0,1246.124955694104,441.8030477042822,850.7531538141493
353.0,359.15990899740154,912974.6141771532,586.9831768701487
353.0,627.1567338472685,59697.69164452416,717.8212893227244
353.0,591.4750636460265,69549.11502902379,727.6466957164115
353.0,398.5199043145946,802816.2479343875,591.2628855012352
353.0,620.2112185054818,67172.41502230799,713.3874171077889
353.0,891.9443969594414,583.7071372880729,755.6276879804411
353.0,410.71569736631255,226305.89410701502,743.0933837562859
353.0,751.2093109873098,30748.833340785015,703.6320098883123
353.0,975.400588781338,5821.300639674844,745.3153385041039
353.0,404.04378113643384,317584.8426698394,624.1647567920929
353.0,1078.8261171493996,552.5100730745829,827.6623113317366
353.0,846.6550301361482,29646.12052250645,734.6170856191239
353.0,590.5661836088881,127809.50907330136,761.1765711668622
353.0,699.2275177936657,54101.65170359554,755.4591684566509
353.0,389.2614499436924,475572.45401591,618.8807188015929
354.0,769.9251763737157,1930.2160025073854,747.8280230918109
354.0,382.87201331293943,519503.3091367947,622.552541033698
354.0,587.470215424597,42203.492369884814,743.0832512396381
354.0,494.2256042217934,365829.4610205091,659.155604282343
354.0,381.8979326466631,443458.3465599867,661.6667746174022
354.0,423.3449706080737,124358.33548348551,675.0156845779735
354.0,344.0053411290562,744222.9162631893,611.6980311564116
354.0,718.2679300557735,42134.19089410929,714.155503585816
354.0,1038.8553486948747,516.6416281576841,822.7518062642512
354.0,339.76101170214514,570515.6872927063,613.9723795229831
354.0,561.3508835536028,121205.74094681288,721.5198496193088
354.0,393.0536685144879,382633.7381610947,602.2737245653958
354.0,715.7581955909959,9950.988388827125,729.3884337342676
354.0,346.45566413917743,556661.2139602852,631.734955957878
354.0,917.1294048098555,569.4954713167392,828.116552029762
354.0,814.022167674264,5811.461585882118,729.2431620752732
354.0,689.9164444674261,31773.441180050846,747.5787518507904
354.0,576.1777569111501,68401.93744560183,682.7339358654856
354.0,614.0498189861947,191415.40719280957,658.8758355180407
354.0,549.8838302835716,76775.83244444021,764.9227604829074
355.0,322.19845816973003,407547.42113947147,652.3366404357382
355.0,432.73768272076757,271256.8874630713,656.0386339285791
355.0,764.8505576481934,33395.385403151166,706.9890753646127
355.0,602.7253044347055,135569.28414940232,693.1141256086909
355.0,649.797271888215,60848.274408378464,700.7397540191955
355.0,986.5769488217762,9355.701115356584,733.9537687139842
355.0,601.1327142445642,72285.22715984248,711.5704396852049
355.0,411.85784912908827,357609.3317400529,649.9576347558838
355.0,382.20610014885926,632956.8327562349,611.0906627355303
355.0,397.54525977428926,299785.54745582363,651.4416541887896
355.0,853.4564930463595,496.6023025461302,796.1404786993189
355.0,318.1723379381485,650515.949369478,625.4602112556022
355.0,428.19245656147166,294784.4634099355,654.5300486696804
355.0,416.92555247773805,401548.8237495965,613.5379194154464
355.0,580.5763809903879,87839.25595451133,713.9330861686308
355.0,562.595954322577,19982.157866867063,718.4744623750731
355.0,481.99955159849304,238100.37736235914,584.5017619144016
355.0,854.0592433167002,504.653491079255,763.6158757640384
355.0,446.79027246343634,463754.35386421025,596.1829646518797
356.0,642.9677740264137,22584.27623712783,765.2820526418081
356.0,918.2937384887591,670.4604819502601,771.9343865688475
356.0,729.7468344363778,3898.295260873676,761.5128619409387
356.0,628.7498690908635,23754.18479645332,725.332665366519
356.0,481.89633445668164,283514.296999323,620.5289902462135
356.0,820.9222217884397,14591.666541973815,751.1621788827881
356.0,929.4357923282018,511.8695706460389,766.0393816084969
356.0,467.0450043107094,365490.88662676304,592.0784853517546
356.0,337.9707338854232,260947.10990599432,628.1036504496873
356.0,730.4710277826432,29050.507338232484,711.595043970484
356.0,842.9802928974788,18654.61143261674,726.5436039679983
356.0,379.5746034960636,555191.0332538387,603.0573421910524
356.0,603.3903623362902,26079.771277264095,762.9296178570364
356.0,831.5101322026175,33029.28970191841,702.0549619334996
356.0,439.4199847819726,229750.15509679608,649.8058623823246
356.0,609.4099070926595,42327.22932499014,727.3508437865318
356.0,687.6663917622258,58612.589582141685,714.1755507412382
356.0,1249.3779340954463,531.4733973063752,720.8464119744032
356.0,483.8077353660871,192088.64493896367,619.4681943036196
356.0,924.6508507105133,2956.9409183816197,713.1800363933653
356.0,392.2020780018034,862735.7217804806,553.788063648308
357.0,398.16822708680957,406902.703849997,640.5956682158602
357.0,398.9890407655549,672208.5122347765,561.2632037596113
357.0,651.567988672022,52491.35642114546,745.2931887458553
357.0,1038.1157375183195,825.7755356468484,763.288028032957
357.0,591.0016309460566,28632.618325841893,761.8708174981491
357.0,1264.3968785778986,532.4385409543067,918.0947847270621
357.0,820.2856756838728,543.4378463454431,770.0220218176943
357.0,685.4183764184427,56310.54206257309,715.3611927198039
357.0,462.8170277080559,419949.31205773284,613.3803096413106
357.0,785.9583546442782,6204.9597628885485,721.8304934068163
357.0,620.2942320748139,27394.04177174253,771.3142176985831
357.0,517.6378132404321,56720.47360269121,747.8404665978953
357.0,673.6721438147738,9777.68639515683,735.9777102131416
357.0,361.28215788922233,363893.67861105734,649.0163213894037
357.0,819.9103551009254,36141.42023405774,685.4901737886611
357.0,396.9737373565819,258467.47985554437,658.2189001712211
357.0,605.3819769500744,70589.44534869879,723.1967520239265
357.0,457.4198587503738,578412.8986284742,599.7209617553665
357.0,941.3705849824489,20331.562412671436,713.9271696177294
357.0,616.7181696397175,153071.26756006505,684.8954431937373
357.0,362.5647314981366,467153.68097403453,635.9232780192382
357.0,432.17245193307286,300057.11675361026,646.6127591671057
357.0,715.4686656595541,38197.828026344636,680.5270951069281
358.0,754.0968231968726,40982.310165068455,757.2774979242848
358.0,367.46443569014235,477623.8403949161,628.2403046571673
358.0,689.8777667563857,75831.10940330413,719.0263812316545
358.0,761.9502006648618,52695.70347847414,756.7665648172703
358.0,401.81434452884054,377580.10911550437,661.5976609649803
358.0,799.2530206083333,498.26128300167676,749.7477995058792
358.0,759.6196269775472,36271.17410764045,762.9717923253783
358.0,839.8045911511825,48510.06851652435,705.3961153238089
358.0,380.0823645079264,541816.6559041684,586.2870239830802
358.0,600.7695448112395,80625.34109193941,705.6543516480316
358.0,437.33560380732393,490568.24108923855,592.6983737175839
358.0,363.22673810058893,507228.6347247334,620.9900666901741
358.0,567.858476058513,76345.53889092266,763.7185035107069
358.0,433.6679989217339,365227.4387729069,620.4865971684374
358.0,537.6959861896535,86763.33953400179,724.3760320865794
358.0,746.6957347776189,64630.63695966752,748.3120402627928
358.0,447.5252415482094,876399.3973361757,559.370408104608
358.0,777.3115493800368,75422.68988914361,722.0139340675413
359.0,686.5036469879788,28781.46085554479,745.246148876488
359.0,401.3571491265169,613346.0629375419,604.2988566949066
359.0,857.1423630892198,14378.06439414939,751.284879224254
359.0,640.1035890094955,40946.24052133867,719.4933695098522
359.0,716.6270081370984,1309.430707449339,761.6203810568735
359.0,563.1230170925056,46112.17600617563,730.335079816479
359.0,670.511900336642,37285.99384449265,732.904078404046
359.0,334.9291478872978,319621.62266377284,611.1438270628356
359.0,666.6240986774042,120259.49158868002,701.3563669046184
359.0,569.3800726722878,100181.3298012999,724.1424523090102
359.0,726.1132642769973,17177.93767009164,752.4046365149749
359.0,396.31355161035265,271924.9789878483,653.9109373208051
359.0,441.5084648185588,546715.6010065159,587.4368852970497
359.0,561.1011641510105,47495.0923472235,732.2695538481131
359.0,1147.867180634958,530.2158343087839,819.3600436282228
359.0,735.1358143072224,140459.50017770857,676.8528711401333
359.0,1176.1962267845881,569.1857244176025,810.1278106886313
359.0,404.56218831443783,374436.97181626206,607.3577204899854
359.0,608.2974675626151,130780.70103569269,684.7819337021854
359.0,557.1111733387476,76858.60483017124,757.1867386352943
360.0,654.6439134812034,94319.18439640256,686.5481532353261
360.0,393.5455826381215,459280.4430840683,633.2804664675327
360.0,849.8757387107803,944.0842311660017,807.0307910959199
360.0,419.8963308582517,597061.22766909,575.5437016014688
360.0,593.2670647497064,48755.72690123771,739.1000324210565
360.0,405.0443006610027,284347.6311653751,658.7593392038366
360.0,553.0165977537007,69009.42881989111,726.6174661798285
360.0,454.2767501919298,520239.02052191773,587.783062211346
360.0,950.3238606138941,17764.66940182859,732.888022921529
360.0,687.9438472301571,44703.48067539553,717.6924252543306
360.0,1041.2838919685396,651.1740051199342,775.1612791479084
360.0,1105.0652750797146,2327.5217949632133,774.5818277808133
360.0,493.03445391943706,273383.5205303141,655.0259857510877
360.0,757.590583690125,46973.72653642973,705.937284616974
360.0,722.8454830974084,27543.299107831022,733.8011701199129
360.0,687.9377884834827,39196.68573747012,750.982111371662
360.0,347.36665171888694,682843.0789569438,599.3846619719247
360.0,644.9982295768654,51169.86447933638,734.9487963044377
360.0,730.8004664219462,28726.725961207165,714.4123615926997
360.0,721.1632063610352,39697.23335418543,741.6037182084058
360.0,316.1934027435711,499070.4942293432,617.2245242226558
360.0,443.22557717881716,439112.7478693817,603.1888797581923
360.0,747.8552096101029,137483.20261711502,664.8526804393149
360.0,1029.2232049695963,8426.392980893383,785.2617273180666
360.0,756.8919245543761,13357.584899121304,787.6616109548786
360.0,382.6380072234165,350434.77132629417,639.7093115117433
360.0,1180.1077894845337,561.640933537922,732.177382588498
360.0,1001.3820895204782,36883.164745892056,670.9099660236133
360.0,364.6090258246318,499056.11087320506,651.3668014495938
360.0,465.49985267169075,305093.3897248842,581.9113367070314
360.0,704.7861287901889,48399.93346541719,715.5340419399008
360.0,918.8274384764927,562.7244537175538,794.5596065781742
361.0,380.28470315005967,277816.9335033731,622.2988617818916
361.0,386.32396274836344,505405.37188169383,617.15589092556
361.0,762.4101838570562,33740.68436915591,713.7255662458803
361.0,881.4573299618119,27458.45717336736,717.2824260243509
361.0,356.92787977113056,448198.27798270114,647.2075154806279
361.0,695.030608693378,60826.860821942864,733.8243842941065
361.0,358.4386711103605,336291.03695080674,647.475317500173
361.0,739.1801549259764,16741.159292229626,741.0168953400439
361.0,929.8059941716062,1022.9998394640538,757.0906844126282
361.0,1100.647943374993,530.8394498937362,819.1872780582587
361.0,548.4333867564692,607773.5619208106,581.6053494018261
361.0,604.2886954926315,83608.13130995246,699.8696759578798
361.0,762.9053694873194,48725.80400044752,712.905798159732
361.0,596.1438405150005,18864.866395947764,741.1827375670609
361.0,454.35838219483566,251458.94433328672,669.7304143997846
361.0,991.1876471162609,7117.751231546801,720.0641761143452
361.0,352.04525407164897,331472.68728108064,653.0257503720474
361.0,773.3421779769159,828.113065370602,765.2095394178574
361.0,588.2910032130969,91950.72328234481,728.1976921788331
361.0,415.53249536058837,670932.6378951309,591.3248945537049
361.0,1289.4614037930683,565.9303056278661,746.6022611519722
361.0,565.556313215143,104447.61798179768,734.7418563222266
361.0,429.4739684073638,330165.85671648016,591.5683274099281
362.0,737.6274317277831,103020.27970758143,687.8424822414105
362.0,877.4504907319188,10412.651967252717,725.1879036941691
362.0,363.57650820392286,829789.4856982304,613.318777920415
362.0,475.34004316214845,316409.3852161386,610.4206124021686
362.0,368.28385841829845,396707.82676401106,646.9432850866558
362.0,512.7031711163804,217393.04639006712,726.979952591533
362.0,628.4944109826439,28889.928858168103,753.0970196611567
362.0,684.9757281901182,93925.2875753386,697.6336997691644
362.0,906.2387523486824,730.6224018814784,794.9379416788548
362.0,447.20106065626464,627545.6476002272,569.9055141449767
362.0,1104.5636449235087,593.6309187414047,732.3292710237744
362.0,490.6218115461477,228141.00521615098,664.9641743709996
362.0,713.986367515602,24993.23094018069,749.6826453662871
362.0,377.8191870287428,334171.9737722142,642.7037318760964
362.0,883.9541185680725,5190.317699128678,817.2050062863069
362.0,778.4134795383897,17155.335094358183,732.613390196671
362.0,573.1856061873922,49118.11020868112,732.6804855438398
362.0,798.4211422244672,15446.51032578425,773.8376087606302
362.0,427.23993841418024,268654.43149998,628.5868077596344
362.0,899.2951922253762,47329.52002028181,712.7997566394799
362.0,360.3249741551837,687186.2275878664,656.0300045444906
362.0,409.51131351727423,376052.7853158186,614.1660670425257
362.0,802.4446961360285,62395.811198419,728.4324550911823
362.0,926.1765157206786,517.8259255913812,814.7397702261148
362.0,739.5750815273219,33411.43696682471,747.2404334558462
363.0,713.715019856991,30631.23431419519,710.9356200260978
363.0,349.63181731669664,561955.3716185582,703.3838694215193
363.0,432.62361982681085,850562.2282127923,620.5507530472167
363.0,486.89273861186115,69896.05454782548,717.634290887821
363.0,393.15386660638933,260111.9469446065,658.1306201075224
363.0,902.5729651886769,510.3962112502296,792.6038665154068
363.0,554.3421324559569,36317.23041971385,734.8914970945173
363.0,895.6777492461928,564.1820351287594,840.5278640846722
363.0,352.27377501189625,262437.9732399446,630.1771891401395
363.0,905.9713113721531,26098.46765160136,735.6096473872977
363.0,867.3340438311128,33499.070310557625,698.8507295113982
363.0,742.8447676133756,12220.40068986377,772.1982000962731
363.0,412.7108982789795,189776.45299243368,650.8332233851282
363.0,760.5967250495293,21653.264583976747,748.0431711606959
363.0,927.7638981310505,20193.562603323848,737.0046324771106
363.0,397.55739768207127,903690.3014267694,595.2955359539294
363.0,422.08369305647705,557007.9930393304,629.7769126170473
363.0,1464.71529805793,18509.02950809664,740.0105569435599
363.0,935.1190360503442,581.171801517457,780.847878827417
363.0,397.9117787959139,547574.206151272,630.040669636033
363.0,875.2080943426039,1422.0812547640267,815.41249062256
363.0,472.5693893529126,357401.8832686668,597.318667437003
364.0,917.1319262744292,478.3789184764905,778.8971274808713
364.0,388.8944695641131,523107.5667802496,588.9858803168454
364.0,361.1654118387242,626181.9215686047,642.999433826324
364.0,520.3743750293559,500786.0134900192,589.7326530836722
364.0,712.5311536454104,14909.56719633198,735.3636594853449
364.0,337.9921194136813,654031.2260951634,618.6153797757155
364.0,693.9733131649847,53492.12405811347,715.6925826221647
364.0,787.6060656764539,21799.5676803804,717.0237302095201
364.0,631.1340254403841,33030.47173764936,733.5447784651791
364.0,663.8154175866429,70814.71765121438,678.2210664731208
364.0,894.6101050717109,18834.424529198568,727.3619405970595
364.0,751.3701588498512,54337.781402064655,707.633419961116
364.0,1039.8966081680667,1562.0609301777731,726.5519028163192
364.0,656.8948212071899,53729.171775134215,725.498343629571
364.0,385.5884092673689,220946.00954958904,593.6302175598717
364.0,698.4802755303908,134398.82344053732,672.2946153863126
364.0,916.966877674359,5285.753080059997,735.0527649365898
365.0,566.8752146746964,45014.58377635417,716.4679883358153
365.0,347.8672452612625,217301.13538285025,651.9799133317284
365.0,375.557947906625,490929.01158668275,576.917327653786
365.0,1111.0467502914623,539.7933258194239,834.533200951026
365.0,693.724742553995,57872.079548838854,697.2853456643572
365.0,662.7542761133938,5013.635731567574,747.0156780998549
365.0,661.4469142998632,99018.37358376557,684.4474335057803
365.0,616.0104417273923,38441.02851964497,746.4922905276608
365.0,360.58144546057616,466848.92399416445,649.2998491377896
365.0,425.3393278723311,175317.97624462916,707.0206698241234
365.0,362.60741925423474,424606.15972176514,648.7311879471363
365.0,1147.5026023996797,779.5732667516472,772.2409945155423
365.0,890.8703612023827,4952.289414567186,753.0365712441286
365.0,727.9246581850364,8953.912043495038,678.0157017990722
365.0,614.1645613469772,190767.6022271201,685.2622099678995
365.0,885.6873386973414,4448.352795187006,779.2199182929767
365.0,725.8627089685677,13664.292018234843,736.9800246670666
365.0,685.4312430743217,36013.053479885166,707.1966730336849
365.0,400.33248459410044,434408.2525178206,640.8807765239101
365.0,433.612653313398,384416.5129331387,606.5457911445769
365.0,672.7003008596688,37948.099924495946,742.9874580638858
366.0,802.1003461165154,204876.35266092388,661.2650962377546
366.0,409.095967290398,461600.3195310695,659.077317545785
366.0,548.3937411311593,8968.826766819348,759.4232957895091
366.0,363.5392043101956,635140.71608387,593.0631406543761
366.0,409.0316061059858,462548.6033073611,598.3555350777002
366.0,1048.9928090473013,28009.585578635022,694.6549037537624
366.0,1078.4939215643863,561.2167653586885,738.9837402322756
366.0,432.21592669539376,404320.26682782656,619.0249072922763
366.0,625.1734989398058,56573.73971611967,677.6935386992169
366.0,382.5411888987258,714651.7933709605,590.5781754017778
366.0,627.199029628537,850.7982278843327,707.9358407554256
366.0,530.0453184885113,216299.39774229671,652.7326970574002
366.0,585.86892075506,74046.6393367805,723.5877872687828
366.0,439.85235416547437,314062.67919687764,619.7546350692348
366.0,589.5910088556061,41349.3472704477,749.7049442147825
366.0,377.06291446371245,497640.0302306155,692.3763146914747
366.0,836.4109799749117,574.2795373030069,799.2891704997505
366.0,596.6698769563949,83124.94888980509,695.4411957973789
366.0,653.8254249765268,52052.04699854654,697.3731729007828
366.0,464.7913744499136,272608.11704913905,632.2796807312802
366.0,996.4258714784092,536.3147758471888,768.1529366502523
367.0,715.3952856692513,1480.404568361636,750.1827850543544
367.0,416.4884797724847,392433.8722191479,627.4147041595015
367.0,353.3472219079656,443095.5648124395,625.9763091765012
367.0,697.863118796205,49685.54894959951,677.1859185532317
367.0,425.4595918782556,664907.2987516159,621.2293904555764
367.0,463.5099508260783,562392.8772213579,585.8491706258313
367.0,389.50456431771977,421838.5587256819,637.143540080393
367.0,926.3613314607195,28812.841881404835,744.9734509338807
367.0,619.8008679655433,56135.565576297064,726.6818501103196
367.0,874.4650087936242,543.4714205569737,805.3862375219721
367.0,403.11965971305034,263208.59607134236,668.3994519475656
367.0,635.8336968035355,53590.125841996625,767.0912653540411
367.0,877.1927548968796,32722.11082512022,740.6361429940534
367.0,400.1198749512751,366400.50005174114,651.2522047335638
367.0,824.9507484699708,546.1484703358558,746.5240784061094
367.0,616.908313156034,103092.08124147366,730.1681128368609
367.0,410.1966086406112,291462.95985908224,657.7302867372715
367.0,395.68841002165846,834286.9157608574,602.9053890030582
367.0,442.58524665545804,580447.0992325313,584.8954752195201
367.0,449.5966469527786,308008.96576847247,632.7994265016198
367.0,1149.6536216895743,34055.667351023694,707.8643263505057
367.0,1250.714033925742,10575.446227904727,717.4849836058553
367.0,789.8891174866333,18523.893925980796,749.1224640065071
368.0,1145.3191102833764,502.090640657751,790.1312485708046
368.0,439.02751964053056,139158.45218817034,665.2660890364502
368.0,673.3097582253833,138474.55305554188,707.414915573264
368.0,875.4864510774621,552.1142174090236,757.022174363014
368.0,731.3971654611156,9312.697986943673,765.4472182462778
368.0,358.04435534211797,288723.2043306306,626.0659261472874
368.0,1298.8267027055606,492.3261422293321,844.112405666227
368.0,652.3522780139633,23400.486794347547,722.9672508558992
368.0,553.7163237590927,90628.01525165596,727.1399441689337
368.0,355.186556395837,630420.2706952441,574.2580189768571
368.0,691.8595685221886,22130.643048318423,729.5055388308423
368.0,781.5553938240816,2369.0766390423955,711.9858014128405
368.0,755.7442997975091,8417.876827900778,768.2018894889936
368.0,587.4155047777009,85493.67911247186,741.7418125268878
368.0,363.40119123959136,564855.5972638158,622.5296691653535
368.0,506.40146259667574,389955.94843153044,619.223817398915
368.0,732.826483043567,15308.283703929485,752.394278546881
368.0,604.8158470393438,16639.33070219613,774.1094801738618
368.0,545.9245976562111,17295.624491320115,772.2832971241472
368.0,841.1405592106601,540.7239051016765,827.1905523253489
368.0,388.6284448901512,616430.6589785072,586.925605333745
369.0,1035.126235100739,5800.537707031174,742.8461606459568
369.0,479.96492235943026,247400.251152207,621.6847139819965
369.0,424.8023152403725,343987.70181013027,727.4382069843357
369.0,633.6358312455682,84479.24248080797,698.7873802376032
369.0,559.4194640418655,106897.84807136274,753.7435397379296
369.0,1032.4528635054182,520.2744299314413,814.3958228544974
369.0,440.143052091632,887608.6453265523,565.9386540769851
369.0,704.2540136221127,34314.440698809434,737.6775314090411
369.0,362.09221576764054,769013.0264969037,655.9232049457107
369.0,390.8394674139828,621977.334289161,602.3045790074167
369.0,399.11493807415053,373029.27666272735,620.3614288282962
369.0,1142.8983391481943,3381.811317969146,746.258729243211
369.0,871.78881351543,16655.79006421161,728.4701808733975
369.0,841.2326065461982,2572.495616889927,763.4657778271193
369.0,399.64218309800697,421376.3890364305,609.3789948657704
369.0,733.9106930606986,39362.55780239801,719.3916016703371
369.0,350.58985787435006,452269.85690549196,674.9124480565634
369.0,795.5213495707859,29798.0395755822,711.7309260371909
369.0,617.1920855548765,153612.3187215964,749.7625216021448
369.0,467.37150941143227,303219.0283486288,620.7854894234448
369.0,632.4071212806458,80187.88256033805,781.2830431389701
369.0,1027.7660727371642,18100.417660049377,683.6726613420616
370.0,631.9715059703103,43231.071777549056,743.3533190561291
370.0,744.7836421039666,62023.27702503774,704.8195304971101
370.0,654.0208763264707,17940.251416625033,742.9093386908011
370.0,390.620705216595,910655.2227452652,569.9266404006843
370.0,871.3356377524979,10649.015410203581,756.4758717886748
370.0,405.23629974084895,535702.6398803301,607.2733686778994
370.0,1092.5984579217768,576.0005673038779,767.2680399319338
370.0,1171.808305905809,559.8040637019641,844.0560187387676
370.0,507.3648814276948,532208.1851850052,604.2728629937807
370.0,492.9788702244662,146654.87521191422,714.0019208726302
370.0,462.16201397099815,298729.31403473037,652.4094385314978
370.0,332.7879569336759,526019.3656305852,629.1347575526247
370.0,356.1357307859551,329377.95774759556,622.3902591250347
370.0,662.6037117028419,65321.91572921089,729.167901339668
370.0,919.0288841793945,3411.700599905635,720.9230176103256
370.0,828.3120518490103,63088.267736231894,693.2533952371964
370.0,894.7193363981925,51320.61890643495,734.2208906172845
370.0,1032.707825247532,560.4838252712253,779.8515774497562
370.0,622.5456880605246,108939.7067038325,713.8787310902986
370.0,1004.3189038999457,712.8459353963275,817.0227241950431
371.0,363.6009106516169,574892.951645772,672.9842140946727
371.0,687.9613603740898,53117.89633228492,711.3645751238249
371.0,778.8493691744893,12441.187832263042,746.9905249653609
371.0,350.6690263419004,592471.1312365127,634.7914386806845
371.0,770.5660596733643,31177.13580750702,753.5413156175689
371.0,585.1596075747806,64936.839273361984,735.0231611451434
371.0,1159.2544536307005,1709.693096753242,781.3489110175987
371.0,1502.829435269274,4603.66019409972,776.1466819473261
371.0,704.9492843479806,19031.657500594607,762.1543583344611
371.0,567.1846122919944,84444.08178087459,716.158415059423
371.0,340.52178262356887,695894.9775714303,621.4234119336425
371.0,622.6239912222655,54530.40972461261,725.8220550003896
371.0,377.61772811192156,304620.53555243614,630.518855761243
371.0,1130.6776102672018,515.6430073337349,799.2023455443707
371.0,376.6268157992041,391297.00130703155,615.8017652392364
371.0,402.95617117345995,703368.7869418988,539.0644943849139
371.0,939.8352267186858,4143.796200732484,822.8411973950715
371.0,616.3330446956086,51741.370140682375,734.6291915118957
371.0,406.1294530924688,541497.3698058529,608.2156168750936
371.0,912.248937198783,20572.28830891408,725.5392052738133
371.0,501.3327080151624,412878.3642927982,580.7409427656863
371.0,956.0651579157882,12419.308057774639,712.8806591888682
371.0,670.623546103885,90650.94989579891,697.6650362704845
371.0,455.2483681462762,425166.62710962223,598.6566165645546
371.0,435.47005203015595,181885.94681389778,673.8852353978886
372.0,398.4850187904179,205163.72499442965,659.4519554831838
372.0,340.0269115334877,875159.6043980446,596.1242170098817
372.0,437.2013089610772,474610.36065334483,611.3877602744308
372.0,531.813690401992,307821.59972085006,645.3019876564101
372.0,637.2610038484175,89314.6319953957,692.926698824291
372.0,405.3743503701154,595394.5219147431,621.4511000649429
372.0,458.8280534089219,429767.81513689354,577.6998291903177
372.0,395.87463740866934,377241.6270545724,648.2278216518524
372.0,600.3862879192543,69876.02713168443,750.4599481988137
372.0,821.3512756274845,44948.17644393693,701.3125858856015
372.0,592.2943067265822,101170.82053902323,695.1643513234454
372.0,383.82578848987055,401610.0136201174,626.6605123317678
372.0,1007.8563425650833,18058.847661006082,723.8166128863908
372.0,343.9022991254519,473658.1786295744,644.5688883634431
372.0,581.2195537386714,65874.85462135587,760.2428164375517
372.0,555.3240483279535,78568.20951668524,708.5895766746926
372.0,956.7128991795079,67437.7834110731,695.0049984582739
372.0,386.6342724454749,343275.80229372723,660.1977639596267
372.0,1119.960965348478,576.3945630297296,836.0652123542292
372.0,781.8660443627963,23099.516778079727,753.1770920326853
372.0,655.6962620791853,109865.97702410056,686.9038228426137
372.0,566.4432698198402,51253.72186083368,766.2302306516231
372.0,790.2149640677086,20760.075797729147,764.9061897308595
372.0,396.02688137743945,262114.62898695373,652.1501304232548
372.0,364.4251100856401,446830.5070248555,631.6646454289587
372.0,895.4913250080789,2110.258431734542,729.7137095411201
372.0,854.9936665258966,2837.867788431719,729.9463854879577
372.0,537.0285474444073,141627.99243223175,707.7892207313904
372.0,640.5533796974885,37336.855121416855,707.3307227940384
373.0,535.2243801204739,100293.61837032005,731.9800461652363
373.0,672.4310152908389,127015.98732394063,711.1880859535594
373.0,567.6087374379858,142399.71939513992,678.1028679610165
373.0,693.648766290497,62165.51055865494,711.8700349598082
373.0,388.59469365496324,431803.8338123679,573.854501323274
373.0,1195.652559110411,5989.794786193747,736.4487085207303
373.0,1347.3389535096205,9737.165049411022,730.1149290217407
373.0,884.3906395057946,6813.591440184301,741.0408122656229
373.0,756.967814245213,30445.439999972437,744.1834652489254
373.0,401.09528886918946,342028.76283513836,646.0408869653361
373.0,384.5852812617002,521644.17808940785,609.4313449709459
373.0,415.71710243824145,352060.3600161049,629.1459285452546
373.0,776.0551789183322,17655.180810652855,773.981905469409
373.0,389.6079239746149,782180.3099547063,558.7415111430594
373.0,385.8058740485141,354749.28290048125,625.2232633400791
373.0,752.7538227435934,92420.40539539335,705.0689066342247
373.0,705.5574686090677,37976.344079190734,716.2547005653432
373.0,817.8919913352664,14383.970093645308,741.9668033914344
373.0,448.9823488661461,226014.57360031892,679.9767741273463
373.0,375.7423732659733,707607.3854485226,612.7036798311564
373.0,392.3124910472465,319452.2664945099,647.0883874048099
373.0,872.8343291538868,545.2337473094267,816.5908989516039
373.0,481.89200391931547,260968.9837751903,628.7841866648223
373.0,415.3309850011197,305279.9855106364,677.6053296485146
373.0,866.8393963270332,6198.288362380904,774.9822901305988
373.0,501.04258954476325,228908.92634812032,612.3315410728852
373.0,808.032360039012,2178.311385719756,780.0405482550865
373.0,850.3885430799265,13919.04139906385,729.7939876204574
373.0,559.2610878732381,56338.74062761704,731.4820635567864
373.0,686.7465372470523,18900.232044379336,749.7955451762565
374.0,363.7734664047603,543409.4868500809,569.6473439131339
374.0,758.1443507602974,20719.324680475824,747.6054116498243
374.0,717.9778913965894,23774.732034039076,724.7137845953108
374.0,780.5567803593175,3779.7071931989844,720.9261343676686
374.0,338.899146554342,586015.6327894925,602.1602929875212
374.0,1407.913305239805,1817.2701935021437,759.4893429877889
374.0,353.1097817229821,441570.9975137771,616.7399193299043
374.0,943.1157048298772,499.10902864956194,809.4835005514598
374.0,381.02560152339964,437834.2738298669,700.5093096828147
374.0,514.4060632196303,44028.37730550818,692.9665892225661
374.0,803.8050725906513,41894.05481830981,717.2716304576993
374.0,395.3265418753638,297775.8807986967,630.2215573827071
374.0,728.5376995898923,94500.37356241803,683.0526218653966
374.0,1119.7003801622132,25304.977690096774,715.2992899435257
375.0,1297.8897107445412,5631.37292452442,742.7260912088386
375.0,530.0652961219427,157098.85765342528,708.5667270564597
375.0,591.0986884861558,73792.30467891504,755.7948476189409
375.0,482.90918767905515,327386.3139701681,677.0548513191007
375.0,386.41362044314724,611149.2967526084,623.6961300820951
375.0,658.9268767713031,1175.8646674646052,798.0513247017572
375.0,647.2339524722988,44350.70509425452,713.9707340837087
375.0,435.6822263747798,351671.6676767432,608.2702000637571
375.0,610.2497456554846,21624.84053792286,716.1384981483895
375.0,704.1427932067344,167968.63008169987,701.1444907476816
375.0,838.6229257023895,826.4125112261468,775.9063226065458
375.0,388.58788048084,454045.7311992986,624.850090809167
375.0,781.2636590475873,28475.890425214868,715.541291133803
375.0,447.5159960852382,612025.1732976983,579.5763341924909
375.0,376.0372275608237,761689.104076876,616.9470988176715
375.0,1287.6270370773934,534.5273926309484,758.5227373839002
375.0,888.9555467171165,20951.3690166624,692.6941278602768
375.0,419.5172341367508,193718.03166046547,697.988687547082
375.0,725.3882325242532,10021.075037156646,734.9551965115684
375.0,378.99358239415466,348959.4562533397,694.0492152074777
375.0,883.2887661973399,22697.364773185745,709.337647602482
375.0,873.3702800051615,2369.1124279809474,769.845977328664
376.0,402.3340910214215,240138.21763148153,661.5609078840814
376.0,347.64233654993575,469406.9925138317,653.0424367433372
376.0,742.8951031111118,48030.49552618,729.0261536893662
376.0,444.8701304833208,513708.18441506283,625.088545910232
376.0,334.9400133909476,624400.3036059329,608.0457481944464
376.0,418.3041315865249,309744.04054823867,629.4386695960666
376.0,774.1209020585354,33601.17494645394,709.6911508079681
376.0,379.57965257735384,565469.6785832264,603.1852265202771
376.0,766.8326609571319,56176.07342440547,708.9910597966976
376.0,938.724314685838,1116.183800013886,806.6930626016439
376.0,952.0625680121361,2131.886369772978,790.6322751146495
376.0,379.75982317072106,393303.28452843125,631.7302033937284
376.0,482.12691744804926,694190.8402753097,578.6270199603641
376.0,359.38968109822804,547918.2837282057,617.3883585169525
376.0,663.7070848908666,63954.92111268492,686.8795595307081
376.0,763.9510399305915,31044.853823470414,738.9224394171142
376.0,651.9733634639703,22219.050377304346,748.8535353542117
376.0,592.5417118634521,62992.727030133814,704.0405907416382
376.0,808.0498835381247,12627.23616298707,723.094244983483
376.0,959.492388506305,571.6344768664371,793.6509484406008
376.0,685.7257393015223,38246.58690054904,729.4141495690664
376.0,376.56201788012686,383974.68658799835,650.0979995648222
377.0,476.6401757224945,198022.39893369848,665.1501503910043
377.0,586.992310613754,24974.769509796326,733.3441201690679
377.0,431.28789651178823,443158.75191436004,591.1365328171302
377.0,630.7511634128217,42481.077379356895,706.1398177294307
377.0,327.9919048689181,518323.60619160824,568.3288818335798
377.0,438.25103764824564,401956.6014998435,625.8180384273468
377.0,605.8169713328414,19543.823876312083,712.5459793201619
377.0,586.2259351262643,113281.10715655184,718.8415874560799
377.0,722.9621072245844,517.5583776171683,736.862999670127
377.0,452.7135237753778,388734.1561959916,640.2378924452514
377.0,380.2579168355055,251365.71073378436,643.2850803113844
378.0,360.213704960005,477961.92157483526,648.984970754353
378.0,372.78860024390787,560953.0103269486,616.4745279106768
378.0,1144.21827860567,817.7150452509989,869.2538619525027
378.0,737.4258387634592,5216.463464393268,760.6144392271693
378.0,406.6034382883175,365404.96693846624,630.0777896280393
378.0,1268.9542692198033,477.8593494727985,811.2662974324367
378.0,354.30218351900595,378999.3320412314,652.215246989807
378.0,604.9815253507626,19554.54989017863,762.4089532697423
378.0,437.98385379546056,263646.40139864554,702.4653718990871
378.0,646.8015514632361,11569.75574166331,754.7907769056383
378.0,490.95942015803837,79035.4683355618,725.3899764357436
378.0,372.10034705646194,439407.19806990534,623.9140829261614
378.0,609.5899791683428,65012.09404543984,703.6745932428537
378.0,407.8517004062506,382023.26938009524,626.3754795010113
378.0,539.2614400932068,93640.64302143085,723.399402039961
378.0,1356.3302042631542,4306.413191498323,793.6034546960387
378.0,330.30600545561214,751470.0764695312,592.9747810810248
378.0,409.07797136455224,596280.7482903556,613.7289892558745
378.0,656.3150179925289,37178.280637852375,723.9029235688022
378.0,366.3892980764488,381582.10022195074,643.6118811512408
378.0,725.6723931152296,8472.442011187506,737.9777409614021
378.0,475.5768414874684,270844.36935191846,597.7258936303613
378.0,436.7866434791641,264931.8022688487,691.2929332181166
379.0,448.7318988149037,99628.06461313464,689.1655235759257
379.0,864.4250498044894,514.1204377322946,793.2352075855935
379.0,324.8951264840364,362374.6598470228,618.1743066144398
379.0,829.5749600646825,69814.18017585218,721.4522636553925
379.0,1302.4604098190125,476.6182728076018,851.2041212378965
379.0,781.5628811317239,855.8788855487096,775.738497237696
379.0,434.7237154269769,470010.54483751,603.3195978683106
379.0,398.46249878848005,515743.4869720809,610.8807890139567
379.0,428.9433521680569,986606.7721043307,599.884473880185
379.0,835.4336563066014,1847.837876013492,772.4579122603593
379.0,741.1130410683589,8532.249736502577,730.6710457634522
379.0,414.00299855703923,326348.31028114614,610.8902724603154
379.0,732.9585631550692,25112.569865481724,775.5912825102823
379.0,363.01632347936965,779728.2852029693,607.197312549748
379.0,869.8041934648953,16798.944415867623,713.4912214358546
379.0,1125.4898602780454,552.068402653165,730.8133284990951
379.0,694.4848498119701,57061.82600681283,732.171488865892
379.0,514.9035677199374,259535.8738951018,612.548848665366
379.0,352.14975526786463,268801.8126739894,630.8976826658384
379.0,748.8362437219415,27400.460999113424,726.8207137493763
379.0,511.30178597714047,875387.601491944,566.5732887551457
379.0,774.4768712977551,6814.533694655282,746.0676537955696
380.0,401.1943419080305,876092.8911348004,569.9031483186177
380.0,731.7674909518955,162868.4045826386,708.7408290288301
380.0,808.2079798974896,52261.77679334887,699.4561907404404
380.0,533.0441283412404,257136.15728317507,689.6664355952244
380.0,468.0486854680556,431042.5025513579,624.3837822141214
380.0,360.491893134817,356005.26385614957,627.7471072601276
380.0,1058.250029567907,498.45781096749124,800.4307575281141
380.0,741.2925115501687,621.7079494367102,759.4778840192236
380.0,623.5076049068582,15526.729314642376,732.581717846999
380.0,751.4463376875237,92708.70950069375,706.1411999592876
380.0,729.2042384559695,3142.6361791195527,740.174883018961
380.0,367.2606843645673,519911.39818757767,618.2679723468915
380.0,384.17940039308485,469326.9236027446,623.2955871536437
380.0,586.2529313896846,83318.67321306778,709.8510454922719
380.0,548.7429199979648,215035.40981028153,691.235533720287
380.0,475.6892089945416,754010.5381935841,584.9213892546293
380.0,372.8733439322898,312847.14094335854,659.9004977914699
381.0,1257.1364764578925,2508.4163293221277,765.4931890766729
381.0,373.28776380051335,775599.963952681,588.469503605152
381.0,895.7090778845386,6625.597356168642,756.772402026704
381.0,683.3296947579854,4667.547081158713,808.5916585785429
381.0,363.3411021738697,322537.9336953079,642.6006784573365
381.0,1219.8430440226034,515.1036893078747,802.8348016329879
381.0,414.9583859640597,354212.90314653935,611.4223426960164
381.0,463.2495085363139,197121.97398266158,620.0420609929723
381.0,555.3412606678003,32575.740763697144,682.9575533865108
381.0,626.7109892816303,16029.608916217254,752.1947234177953
381.0,351.50891632516795,481915.10545938375,622.9826321156629
381.0,372.59613982497547,378739.8419041205,634.5398198810767
381.0,897.1443126975093,14116.745556814862,736.7687626820966
381.0,429.1771055622613,284050.32477773156,635.1958265248995
381.0,714.9178018664073,11520.514512519961,744.4857443219615
381.0,1063.5395676105213,1932.9330087534054,841.0902412193437
381.0,1246.8386080733671,12766.59146438013,696.4743106495716
382.0,761.9498042707257,104053.61803509697,705.5885860651462
382.0,357.7348684831943,344587.7061970362,637.1552186653408
382.0,371.1343157186173,898635.6980997728,570.9018516143236
382.0,465.62728535777404,613372.7508214939,572.5599643374544
382.0,573.2052404742814,28570.403667826475,751.2715834071192
382.0,751.0586163689158,35160.09612934376,730.3269249241723
382.0,972.974177699498,487.60377042176,772.4264302907786
382.0,344.2547675304819,741048.8086966751,602.5012333909101
382.0,774.6276074252362,20098.95974579259,719.1879365582317
382.0,604.2502231689933,121857.243346424,682.2817478988682
382.0,1212.412467552466,658.5451058533597,733.3931459846594
382.0,646.6621239977758,69129.7349079023,722.5479610027464
382.0,726.701493212774,8514.208128981614,737.1446329510686
382.0,803.4426716184702,645.0235723593421,737.7175194643161
382.0,349.26912985929926,514291.35967450857,643.5827980326261
382.0,817.1258210138145,89323.28449286502,699.3176878013372
382.0,351.22044732761805,472003.5259329759,637.4824511543236
382.0,402.6799867331129,252694.6631781878,594.0165531383889
382.0,345.5463454404349,639980.2962135038,670.5918605018699
382.0,464.79899065178364,462565.9909930591,587.619969318493
382.0,736.434138900404,555.2877861101393,773.649631670457
382.0,496.0221679476783,246516.99211253726,668.7886705139213
383.0,359.0055835781887,403463.1879674779,659.1454205472786
383.0,1312.9474436186931,511.09460471588545,880.0088214399806
383.0,378.1941591509896,495870.98194222007,586.3240349418173
383.0,1530.183419051776,7566.157281220549,739.3725798834779
383.0,661.183438064111,81142.15007100388,709.5846095485579
383.0,907.0941620788657,1236.440836654514,800.3964605653874
383.0,673.5342342557374,10918.203817178273,754.604437802809
383.0,955.5392220089276,3547.111292093721,772.8896013522152
383.0,839.913938242879,46277.43546560981,690.9323224973817
383.0,359.5800143829849,426899.7620254848,600.3664149686866
383.0,886.7010624973042,10945.062951257969,745.0153703962303
383.0,402.2568938384319,253546.0468948352,624.0122096169183
383.0,845.2790511113111,11865.312152455988,743.0520052159765
383.0,583.0781863457306,25425.390581605014,727.6464416977824
383.0,365.1893951255023,186070.48833535693,637.5828377991933
383.0,1007.1124064024324,3182.222136541571,757.253975112648
383.0,965.780518089385,948.8916767970477,846.2648014980576
383.0,818.4818558917049,21784.369134591347,725.7517650370389
384.0,367.4277348115756,699854.2844762338,635.0277512417828
384.0,367.35741949608996,180856.52879136387,669.4131590957843
384.0,785.8434787133124,642.9498611363172,751.3498917210718
384.0,858.7303291844737,7873.296729773665,714.8040393864529
384.0,714.4994719409739,21461.093181592816,748.6935564754527
384.0,608.8353721343907,63813.00680099515,750.3399927166821
384.0,731.1523572229929,5280.635657274657,774.0524558221738
384.0,672.2127862397671,44188.26746672696,715.4797225234935
384.0,662.9847667312376,115269.16452444662,666.4715640800229
384.0,1087.2530313532009,542.3033847678764,732.265517387667
384.0,909.5040667247208,52752.5819541278,711.3195482136764
384.0,374.35789427406723,397255.7031414588,618.6792990679273
384.0,358.4274707791791,500777.90387476905,645.6679916039155
384.0,691.4639337842873,54293.44014722726,711.6820811404604
384.0,476.0514450430058,141242.15102569832,697.1360528942813
384.0,852.4951267743296,560.9119238340013,784.21515226571
384.0,433.42009011445407,959980.7300334533,610.8032344307235
384.0,349.4798582087616,341724.5127397758,666.0094692705433
384.0,392.5571961472824,370778.57072997745,662.0798887539806
384.0,970.316307947044,534.3651768044862,793.2321864884324
384.0,861.9331855100033,63327.11824535428,701.4147766890441
385.0,472.4975704900603,302755.98125364084,704.681172898594
385.0,396.63648523794467,317187.32847336633,645.5550235222441
385.0,537.5824814693967,64488.81530161271,732.7131438586281
385.0,384.05484784960333,738754.1895653043,593.6939512998306
385.0,363.662392801054,391665.79454450536,637.8552508226946
385.0,759.4776482407535,23012.126041453692,725.9849978880004
385.0,372.2802948682044,346672.86197778356,602.7192909366328
385.0,617.9032175175615,41106.39684632832,776.1824838135481
385.0,674.8402274644579,60262.8496761699,723.6371411144778
385.0,617.2564215122516,50424.206194930186,736.6108402233995
385.0,898.1438452230293,18880.701890952158,726.7082011055353
385.0,791.5354588307551,536.3535659667239,727.2255951281934
385.0,632.6710505871524,37436.40928922397,804.2753472290144
385.0,617.0807073809708,77700.43215744248,704.7038952908858
385.0,396.8017054020467,341996.06642898056,641.7395270851715
385.0,572.5754688882163,154607.9556913427,660.958982355014
385.0,644.2352111158622,21308.525532206495,757.6022484862044
385.0,942.6433109158211,95073.52187302573,686.3301868711736
386.0,726.4076002624461,650.7980309233536,769.0731567285426
386.0,725.6682845886123,23040.355522837144,719.4671624055753
386.0,648.2357458074649,32474.677792651142,708.1136469359378
386.0,388.3192713472325,488624.82964457077,602.3988424171175
386.0,781.6364350025747,5994.449839253189,723.1844237152435
386.0,966.506518845186,551.859097246129,810.6352111723686
386.0,560.2647870531262,24514.791331382134,732.2681567156933
386.0,389.5876952401239,385206.7271713646,597.9996670985792
386.0,642.5367373382095,17602.83746439906,740.1362546054446
386.0,645.8689309577231,147973.54433326787,721.3086521125797
386.0,471.2265964501716,246017.81327966397,700.0217997167789
386.0,1153.5712769936913,2821.623050695709,712.8126691469065
386.0,378.2236631677841,430409.1241786246,627.9268205717557
386.0,964.3443850645076,3653.5220663737064,763.2983639884985
386.0,1231.1338139271384,507.43906936412066,862.9158733602154
386.0,1104.7444818271554,943.3144895603382,712.8174572026394
386.0,376.22681263634587,267088.72812124016,645.0932128462131
386.0,467.02649029275875,384836.14222912915,619.1266298368968
387.0,992.4518417221099,580.399435361696,754.5647665424435
387.0,407.3740892002845,386184.06144827866,644.4512873485602
387.0,407.4474928000633,417913.7097840219,637.3165607394549
387.0,460.8293154837436,362674.1224680245,652.3226174494782
387.0,836.9356815292756,53065.55848382355,674.4500215813027
387.0,761.8097862245462,7603.0716903432485,778.9284117075129
387.0,797.9255476900676,32722.34279038045,704.3803515969068
387.0,467.23838235006934,371370.7037488709,586.1237140772404
387.0,508.64427799742583,287230.0554175329,625.3027642360828
387.0,400.15251110334225,795726.7958689564,592.9356277406105
387.0,396.69079925299246,484694.24569030025,603.9638422879088
387.0,358.73830354357136,667536.6890648134,595.4958637508205
387.0,800.919442388569,3228.291436617362,753.9149919666277
387.0,375.6230880962569,469470.58521546936,622.6000596492534
387.0,406.46347030684507,362773.4231574494,660.7986242892565
387.0,656.7102685751132,69696.79006618731,737.9994658985147
387.0,372.87152801833366,518017.60262688954,593.716472478632
387.0,413.97149884521076,395440.5484269127,600.9467484557642
387.0,410.602833529672,374778.95948628656,615.7004987468995
387.0,1175.7559154196604,546.7379107769536,756.1874507763375
387.0,762.4317369961244,5121.668349991144,721.7124803244121
387.0,1350.56832265143,10332.530717702317,709.3098502974564
387.0,685.8837531726631,9073.717698936785,747.7828475205528
387.0,1312.3805823211496,4981.198516490154,732.4506165007513
387.0,1018.7829531109165,541.2159061559024,762.7122707273181
387.0,624.6233786593903,757265.2410589647,585.5181556483141
387.0,659.0429952709893,44065.054778312886,721.7754315141852
388.0,357.1003876972106,431317.5432855769,601.2925771543823
388.0,1063.4585751241252,474.3044832401574,828.0811858319956
388.0,553.9414618283328,66194.26103870844,710.2351975595689
388.0,754.542857111464,8028.222071229799,776.2049521069857
388.0,910.804592601005,2891.783155598036,815.5147180496481
388.0,608.2106154178381,32536.472523059354,711.7262026527187
388.0,385.2649392045338,324451.42658985796,654.3657149282151
388.0,440.9374376546255,244163.68387125258,639.80731552212
388.0,510.7737778077356,127381.48793107347,724.2953820743626
388.0,408.62310437034284,262091.2075649498,632.7600951353888
388.0,979.6090125159384,544.3467663035477,829.8572111520955
388.0,1146.0158974663782,11850.526278214276,734.5025417342055
388.0,508.1979616952232,142757.1914754636,697.8393237916205
388.0,351.7866072299916,453071.9933849095,638.6797189340245
388.0,375.3642295182746,407429.2488277203,607.7093455687885
388.0,405.9273267516854,318339.52573839645,684.2795907402977
388.0,383.9891876466047,399865.16807492636,632.7509295889689
388.0,798.5520968739957,28651.663493173728,769.1123936694585
388.0,1193.7661824194593,1964.8141979335696,824.5860327645169
388.0,399.7367350146556,322447.8465730432,628.4527369959009
388.0,369.94155049799116,347537.3435920754,635.3475637742002
388.0,1117.891303078427,2604.377388952147,767.0108302670823
388.0,895.9710630202637,15781.778821054591,734.7777800194428
389.0,449.724941082544,410420.2346236524,595.4297925539036
389.0,1322.9420081053054,3781.582840178695,779.8764396322364
389.0,710.9977335504719,5343.289234231362,761.0350386790428
389.0,631.4200671455609,13354.552696107548,712.1676163666641
389.0,366.5646551440932,374915.0591482855,709.9471484057132
389.0,390.59939662017644,307269.0737783584,639.3237797829911
389.0,524.3659403264965,20220.365596797466,722.5710811259886
389.0,644.9773408237511,25686.657422231514,699.5407704989666
389.0,854.6481918909325,4948.8546756648075,723.8015435612341
389.0,862.5785793193324,598.7058314899734,786.1308934327866
389.0,430.0633092957178,687894.4020583135,580.9555580210996
389.0,438.80153008161693,257158.86812048877,662.8587005134391
389.0,931.0546820138218,15652.566518927419,705.929582740547
389.0,429.0417328636709,425983.8729758558,609.2855092209153
389.0,365.88338598023375,845670.6224090334,634.5699449916965
389.0,393.39283990410564,551765.5953851934,629.9352666850203
389.0,846.0140355310388,4538.523480769273,743.5190338522399
389.0,379.6727297553745,566015.5949435981,619.4685621385363
389.0,1132.3807239025657,526.7333545813584,803.0716693389098
389.0,915.6845346674047,546.5265788633608,795.9334848218346
389.0,897.1145163738429,2560.279210735373,783.8963864188507
390.0,733.8255165030187,17879.751422226538,739.5541032494874
390.0,394.1256438375994,708633.4271153598,558.9837487681629
390.0,382.8580241819228,387554.5549073914,603.6507042292149
390.0,683.961013436242,18940.203919096683,748.025101460636
390.0,744.4365193803469,2857.205119904307,721.4448967807917
390.0,325.18354574139494,335654.04466534336,664.0516834761303
390.0,656.370985838301,37023.336288377744,733.5418679135902
390.0,357.748850353223,501220.34583453997,587.5213099886666
390.0,331.03695536269265,722930.3620234035,582.4802462608553
390.0,636.6857416061798,49290.065004135766,762.651047299791
390.0,723.2934729508792,9379.988904449321,752.0271353643274
390.0,390.4968126141378,323322.12982730556,706.574903779447
390.0,784.7397836405585,1086.3834765672727,763.1865731681871
390.0,977.2363706268646,2469.5518863366915,735.2722211011953
390.0,694.2925260117947,47146.55966088488,704.9330031766873
390.0,870.5052396260244,121026.22858073328,689.9074361967811
390.0,629.9074779856122,87613.61634236442,730.541891567916
390.0,1014.037514779643,559.2123418729426,780.8162371684008
390.0,692.8745872483845,72692.80787878114,700.9896971478731
390.0,905.7135993437473,568.0841944714532,779.158165568704
391.0,1369.8963174755236,412.58332337004737,820.4954523980202
391.0,338.2067330316259,542846.1477455096,594.1200650224481
391.0,756.2200181861755,557.6232995588591,731.7501569969837
391.0,698.8391436756697,11866.842637631233,715.9272839940783
391.0,669.3160641293288,25401.49246757404,727.3951044592952
391.0,438.84169088737355,571576.8067470212,581.0384227255759
391.0,619.5488514522306,91333.50593022452,685.6948709915812
391.0,1170.682983624719,16895.89664399218,708.1524820196927
391.0,649.9959733754539,34769.10848495529,721.9287816634603
391.0,789.407642095557,59211.31459246575,679.4854311357883
391.0,507.9393650879831,246248.2364449138,616.4889737676281
391.0,652.1095107388427,65308.53235499446,697.9119831621749
391.0,372.2898169956519,357384.6106769387,645.5244775357503
391.0,646.1400405146558,62526.08067767614,743.3005348879094
391.0,403.07276185055974,341019.73259703437,623.3730760773457
391.0,377.92283091419546,407190.43022592284,615.7714580930544
391.0,391.1052922926884,272118.8528672684,633.2074012009895
391.0,663.2045373389047,62995.342126720774,683.4705024208453
391.0,1163.823596917002,9694.379826033568,728.5760307182057
391.0,451.4391307365839,196267.96198583054,644.9675063258201
392.0,785.7691860712705,8630.186456717001,741.5543425076255
392.0,380.81483933897454,452568.58207962965,610.2378565329847
392.0,860.8549255295293,489.2708039180001,806.1675571947017
392.0,688.3010551761471,11611.65703425844,748.4974867570129
392.0,337.04502667510417,618384.0121674835,629.9553865463843
392.0,787.2307451298009,1783.9980460612003,723.7683002965055
392.0,786.0128837209364,14122.801071309497,739.9128638094453
392.0,432.222380857165,661416.7682909872,579.0183741166716
392.0,386.7945259656517,286313.0616650383,641.6581258788548
392.0,674.4532181288392,64001.274469144264,743.7578042871058
392.0,361.9999940069496,464766.37295709096,584.2234656816778
392.0,708.7474366013956,37217.81366389421,741.832959282688
392.0,948.509784004237,544.3452378383311,782.4300214674768
392.0,597.2900767979551,75480.12097177638,706.6550201030968
392.0,764.9140193236702,12922.913154312828,746.0333238991692
392.0,393.92130121943774,235807.4932438166,616.7539248130267
392.0,1081.469820259054,943.1194586051005,778.4131302588719
392.0,664.9600955593174,57489.59978392688,748.7572232120228
393.0,970.7556405355758,22785.4251990641,700.1732480728764
393.0,595.714625035238,80225.52022321992,706.0500965593359
393.0,604.0906764295128,68595.10884835651,697.5902532166522
393.0,356.78403428443977,486551.35522126826,607.3414198750479
393.0,675.6446764142638,577.131487010914,729.7174263066081
393.0,404.0682164302904,530071.6024098003,592.7254255439641
393.0,402.35064282706253,216912.37797628107,607.1322562214488
393.0,563.2680280889699,73777.22660827823,741.4910541968238
393.0,992.2052446812337,434.27330186109594,812.2778830899489
393.0,653.8776096580074,38260.77932126542,735.4556890205798
393.0,903.2354121126965,552.3259208361101,784.5702997002132
393.0,693.2546863387199,191195.97097156075,667.2541443509166
393.0,588.3882348627683,74054.4619977206,733.0867206982394
393.0,378.6992107896502,356732.9236893172,624.6903236147415
393.0,664.644760694397,11424.674762699924,701.9782561935681
393.0,900.6417061034346,540.5878496093616,796.4052697619868
393.0,403.7499120509099,805188.4131273199,597.6403162065493
393.0,358.0393922589692,409086.19237024174,659.0747074666943
394.0,1254.308561664632,529.6316872955576,836.8876518100321
394.0,628.5764075222063,37023.46691864317,727.2614560023977
394.0,632.63830254731,38412.12323868149,725.5161979517059
394.0,614.5661008916132,64172.53275076572,732.7598756265012
394.0,629.5862582595731,30978.43214943984,760.1939441258735
394.0,467.88176136888524,273290.015896934,658.5975469594855
394.0,834.7258499216218,1252.574870250632,763.0788414561634
394.0,524.2443447847011,269379.3514051554,643.5849895470056
394.0,1026.4613199347011,567.8928334473105,712.421866557937
394.0,556.683367841806,252350.29208924717,637.4936644509584
394.0,331.2253343883757,407636.26728873875,614.156222895732
394.0,582.4442739285696,58893.03189108291,777.8178010954373
394.0,867.2213192676222,23017.48599383233,708.1325059634586
394.0,664.1557945816019,44124.01700591328,705.713488951547
394.0,573.6976012805311,70687.75304169104,761.6827487804533
394.0,732.6658046895702,19165.921904068695,753.3430643112304
394.0,852.1509138188319,3399.1792724898123,714.6849729925013
394.0,639.430945368814,10971.335811269233,778.1798027576489
394.0,1132.3368482274582,533.400832493368,808.0078564989449
394.0,442.05795268489516,646670.3851820586,613.7700439479609
394.0,339.03184288364577,677758.4429762722,593.6049655130594
394.0,823.456258632816,44449.79055763866,705.3707823931665
394.0,773.2699266252242,32646.419244514625,706.4040636550867
394.0,648.2468703347041,28248.411429167405,724.785194189305
394.0,810.9389628521487,180729.8477503086,681.9797123072174
394.0,692.0734237414714,24590.462070114198,763.5253928332086
394.0,869.48334142417,663.6060663630724,828.8015812248262
394.0,430.30202819103715,898623.9475899991,592.0691161954725
395.0,1288.4116682203496,10798.620596135788,734.5689256297583
395.0,617.0066878956719,168749.38461608204,717.1705378048309
395.0,691.5566679221113,5644.1499960526635,757.3961871533314
395.0,888.7488953805647,814.0308003361481,767.3193613720957
395.0,871.5880326043465,20238.206351772176,728.8772665170164
395.0,395.19501850465315,385117.713018868,703.1320913140397
395.0,356.7654549644472,706241.2831649708,583.9674021275737
395.0,435.87754681616735,222117.786772281,692.9738151155304
395.0,628.1714301868508,47341.197539022294,749.5047806141315
395.0,649.5371950614057,34481.543497788494,743.6853954209765
395.0,686.4924740118597,19993.475731246042,732.405032483062
395.0,850.25517357193,26322.074044722667,703.8162934804079
395.0,927.5911867785953,749.8944636091896,736.3475345915436
395.0,963.9863324436759,589.8917607105606,797.898028917502
395.0,357.47329632442626,494566.8608202114,614.7516395204331
395.0,436.711443415692,411578.4353812001,631.0530114698663
395.0,415.1601151776243,424575.47433208197,654.9701549583598
395.0,822.9550032988935,3678.1330010190422,740.9422816401371
395.0,634.4178214875473,34512.72835450019,700.1213591388822
395.0,346.9159483101916,406161.79210727924,671.5643743203879
395.0,743.7330992041519,30381.228472845516,723.5113166406671
395.0,967.7029557136551,556.870855451231,793.4729290226124
395.0,861.325822332454,33265.8928731154,679.5498565106305
395.0,464.0729339109203,247960.36756024964,672.5012040337209
396.0,579.8303118361129,179583.06041404753,649.6982500515356
396.0,691.7198070671266,5503.313034876163,735.1869196703113
396.0,377.04913396571345,416466.0631961636,665.5491660943483
396.0,825.3523094681958,3199.1862845636138,710.4595728009393
396.0,414.5255366556006,203018.77426151154,649.4293304473318
396.0,632.3122963559475,34268.3932439887,678.7848021224908
396.0,872.4721438702156,518.8905738079461,749.7338210996312
396.0,586.147887909487,438461.1108218835,603.2219257793948
396.0,681.7065676749844,22324.115736971908,762.9605524012134
396.0,567.9875030472951,88138.55237163961,726.3776069476279
396.0,1112.3731993676715,2727.835810192191,741.7798038337291
396.0,466.93000077701305,427540.5326871073,620.9735191875465
396.0,588.16978337182,61695.6883033446,720.0670582847415
396.0,385.6452494678781,390328.62578244694,642.2026056468993
396.0,1280.794140910008,1076.804522982703,741.8360395227277
396.0,371.26774809322114,524855.6542162749,599.5997988434784
396.0,456.18314043616203,365851.8171474135,622.2648016027213
397.0,440.9071375543544,608087.0082200115,560.3876946964111
397.0,802.9876725188038,6880.76135175053,777.8880831008856
397.0,438.47422801004257,147341.86598443877,695.5750908326012
397.0,381.00924652658443,439747.2074776621,629.3006370216709
397.0,658.2353228998726,33062.60481119128,714.2147484444208
397.0,328.0942344066698,259222.854145852,640.3006675821996
397.0,431.12250799604504,253972.09214014822,658.874395401704
397.0,880.5877757490352,21795.04122999437,728.2159104752526
397.0,717.0530774076741,118304.5736614875,708.0478964101247
397.0,1238.9776393222332,7918.2220866436655,741.1216763447964
397.0,328.12360679272336,508289.07774317707,623.5130739872033
397.0,595.2932295524776,19297.321912095165,743.3318139746889
397.0,1120.9753770462983,2298.3655714510674,763.0295873119325
397.0,397.5684153335333,681752.9074683203,600.5270040892498
397.0,710.3491441443404,36530.78297802465,713.5905047522655
397.0,1278.4133230382058,1887.515353001921,771.2561470580423
397.0,1155.8068231620468,562.9407564805357,803.9759508015784
397.0,1271.654596754023,562.4777090721384,842.2825875427635
397.0,345.4728697803976,222521.58403466168,666.4490166361751
397.0,374.2029046863954,895727.9462246716,583.850028265933
397.0,1015.9265634381812,588.2021992849047,802.8208374751612
397.0,1174.1313923021046,1303.525970664645,791.0832157642787
397.0,523.6252037076563,417060.16324424173,623.32578669145
397.0,1108.590041531398,19259.75639956597,713.0540853100196
398.0,388.37629576250237,375251.5474036232,619.0308381100584
398.0,313.83798821798706,663253.560531784,661.6413382671755
398.0,655.8133653290542,2281.5206248688696,754.0131005651857
398.0,621.1425634388522,34727.46808468682,747.1749418307468
398.0,791.154738852266,44130.00725721353,710.2023343679176
398.0,664.8883971859017,24682.994520518245,734.1437766871835
398.0,1038.5448058033558,37951.8667286986,711.3152606916814
398.0,685.2796213194415,45399.786110480134,696.5584626442142
398.0,467.29128891845625,157990.33294917044,652.5895958553828
398.0,456.3918218902833,225460.76711583207,665.5985495778943
398.0,461.75483418377337,592994.8664952297,587.0321195052533
398.0,576.705041696407,72283.15009342888,717.0348526728205
398.0,726.8848813032063,37833.06429868101,733.7157378611763
398.0,627.2214988959125,94677.91374788251,698.4486249842089
398.0,353.3805841238834,292764.11198764516,619.6220534884286
398.0,911.1880527432195,697.6277139023612,754.8379541264521
398.0,925.5686042477653,570.081969243718,795.8834942540306
398.0,1146.7694867384776,25953.521129651184,699.7979425384833
398.0,1245.6154988883848,491.9013872586721,805.9697201096957
398.0,555.8476936843541,136833.78191164506,736.0207383733658
398.0,1137.2161893098228,931.1977016078703,719.0762371365475
398.0,730.4431024762074,10095.627541702605,730.186069242836
398.0,438.6836257635182,783984.8876769264,594.9484863100665
399.0,370.60821532822627,823615.510066696,601.8919527890814
399.0,703.3909640537887,43874.46486952722,733.3499755588801
399.0,682.1901873282284,1049.7997070525741,770.1351285932391
399.0,598.8559216654377,49603.39342616881,757.238101501101
399.0,371.68697884739663,444551.00845720706,637.1713455506816
399.0,512.1440836585001,129570.8669128168,738.6006733723912
399.0,904.8312887677952,17293.458917738404,724.5176636890624
399.0,344.25155286712993,612407.9209115916,644.3061762285895
399.0,1033.0211787045116,566.0533583113141,831.3027187714339
399.0,778.8875831379322,38784.69903238257,723.8518326922857
399.0,1353.2829299638522,507.4435793519004,817.920433397579
399.0,604.3852297801218,517338.0716948265,571.6314210027634
399.0,464.6682745793092,132715.1511205912,673.1176122353392
399.0,864.6511245706796,707.8567280956005,725.7285864100953
399.0,373.5145896884126,311520.14514053235,643.5579200721651
399.0,811.6523673650037,16041.934824212614,744.4764193603177
399.0,371.2089158498786,622528.1596540841,599.219637161585
399.0,351.162772234277,351646.1534078685,663.582330854124
399.0,456.0970182471201,311447.45256090193,658.5356533912676
399.0,411.1015745956849,467883.626527806,627.4234224629755
399.0,777.2180383511454,4922.201002966067,763.736206988933
399.0,403.94923624131957,306557.33116836235,708.6796419929938
399.0,459.63932670103526,520588.7845046399,594.6564196883639
399.0,714.1479763509941,20393.657716885715,733.41188321911
399.0,596.9873430042657,54640.662071231935,739.7550370775742
399.0,430.23659701693026,337774.93951522256,626.6223934965591
399.0,420.52047003386394,526904.9144526137,596.0548033297489
399.0,671.3293881759354,63849.40487906276,734.0602744217383
399.0,796.1819146334552,4153.186648567473,761.6026161603385
399.0,415.1824542573808,380443.58320824255,637.6743986499218
400.0,406.03062957013515,739374.6797924469,582.6366014856034
400.0,670.4876885270877,15492.77981790169,737.5126361893665
400.0,710.939692025587,489.6317648388582,761.3986525549077
400.0,382.375874091042,371998.9964421748,674.0685505795119
400.0,423.8493501455784,299373.6671366271,631.4783686576909
400.0,926.1822615062028,1957.8226345392634,751.7922221748614
400.0,536.4410456842892,73798.57780437663,725.710826964356
400.0,396.16325666899985,705153.2930479504,612.5951464323163
400.0,731.756342228009,14530.192070972913,752.3319373837082
400.0,401.37540108120095,581381.0906926623,601.1435619031129
400.0,574.7390602720619,23442.591948595258,729.6044039774994
400.0,413.108866987487,442013.05384512554,570.58382897671
400.0,652.6420541862846,8821.416043055013,758.5741235643387
400.0,380.7559347795933,505971.41068777203,623.5671102641444
400.0,406.4445677719175,277743.938212984,681.3548923119981
400.0,588.9524315987352,16198.707638469361,712.845566584534
400.0,735.5411187369058,3514.638738558102,714.5681864961567
400.0,746.084479090211,84536.93663619939,681.0244348446628
401.0,676.4082332422017,8455.668427782257,756.6588984159757
401.0,782.2968246081562,15945.546519483858,703.8745854454809
401.0,934.2999560471279,584.0851604116177,741.8253365971154
401.0,807.4852237823964,2126.241153145489,761.3985186985003
401.0,776.4419952720574,30787.742578709265,718.4244341241492
401.0,435.57796641769545,871645.4108582312,596.4575161448215
401.0,855.3859097936647,4863.949288804689,749.1159550438182
401.0,572.8083560703492,12569.627807513396,750.277054304938
401.0,564.8598691116252,158990.1833370351,696.7613229087884
401.0,762.2930599791384,22377.40905554589,727.0669589669566
401.0,522.5445273741627,1005354.588528936,588.2366584301867
401.0,1163.792622172571,519.4186601831916,875.4677446693039
401.0,495.04910946411604,235534.858108251,624.3416099000287
401.0,923.4368118043177,529.1036442746245,795.899643377749
401.0,893.2466865899393,892.3992313244321,733.3648317536814
401.0,380.60653810559876,313443.8313041765,620.9431660999549
401.0,653.4842184315137,34570.15568023352,727.1900918683074
401.0,616.3231083997066,71455.83424878205,679.9320905126671
401.0,424.12740274219396,276870.925597474,714.8641054308384
401.0,1285.4929459179125,2094.8103291853477,726.6009306631156
401.0,1136.4010570873354,2699.9394376008345,715.4739003235588
402.0,696.708369563898,54410.15938483983,711.5967370526872
402.0,751.0715782661548,51126.06526782276,719.642802388625
402.0,416.6759182962611,239178.18113666726,605.1583167269329
402.0,565.1976394297997,178060.63751548802,673.6771054477464
402.0,479.335209331319,233221.88760792508,643.2057070835992
402.0,418.17385225379167,213237.8090678239,697.7351995392139
402.0,590.7269338142037,64870.98566676193,765.6078537807904
402.0,385.178152633117,450259.7763748109,609.8746599206652
402.0,547.5699217118236,134669.13310845644,728.9312142470619
402.0,372.06410768762834,715025.8526359312,630.0947384694231
402.0,657.8157218919674,21762.626565104827,726.4607432636586
402.0,735.302770169062,874.8687361006096,793.1149495100349
402.0,717.0733117893238,176981.74912642926,702.4677152854391
402.0,387.03305826841904,374358.296434966,584.9792767153891
402.0,478.5015828950455,762511.3401541195,573.6083690608069
402.0,626.4204309764611,64238.43230815388,742.8585835085629
402.0,782.3689580268652,35926.99154596509,717.0451846696966
402.0,1107.5852514361402,1531.1297758787136,728.6739077882746
402.0,769.2198790892612,509.1908436185646,744.836404078936
402.0,342.5775211913483,371807.52948326897,631.6737551742912
402.0,1071.8531631750168,7535.631357472859,724.1748958951599
402.0,380.50229669328286,661787.6638319632,627.1817323719165
403.0,725.0872651576472,43855.82246540478,712.401794386342
403.0,495.87559134428307,619900.8310479491,584.1445453883764
403.0,415.71169175275344,264040.4745007041,653.1296902204681
403.0,382.1144129560882,481461.0007753939,610.8476992503546
403.0,1013.5991456188833,567.8543281245387,813.3750225263143
403.0,692.2654800823965,148188.35559489942,695.2057821836246
403.0,609.9319203442105,106987.30954627106,723.1051691426059
403.0,734.4217962320337,89559.48039899641,684.9158305341746
403.0,690.6823365906877,20280.9655798957,720.9792412560654
403.0,394.3827578088293,736134.4368743391,592.2246785941435
403.0,1114.3769908806473,525.0745190719947,748.5919740353329
403.0,519.7652083965211,468986.3789862525,625.4917282531076
403.0,664.4597820687595,9002.223860065098,745.1527027186872
403.0,459.02900644288206,1409290.0082874673,554.1509728792045
403.0,891.8676519554318,2364.2138059336594,729.0447188504348
403.0,559.9275533166339,58416.26733963527,745.5561733534879
403.0,1058.4450108008143,8221.369256698017,722.2317959695603
403.0,447.29629751759904,563889.7421844144,603.8270721007232
403.0,341.036218993596,331180.82335579407,644.2562735244334
403.0,965.4303896085522,28955.55953638952,713.5417352692422
403.0,424.0803452808809,129751.4456648184,708.2152927731771
404.0,388.26696826316635,394291.07609185483,664.024132191067
404.0,780.2005894412206,8542.519493074602,768.0469655717617
404.0,547.905402547078,146074.74532678092,683.3170468367083
404.0,791.366214712783,24524.62068110166,751.3889969210949
404.0,855.6716128862486,1370.699610808806,791.2497361994145
404.0,1046.8111845540404,553.9001254874341,803.0093992228344
404.0,1017.4574840509149,2210.8265098176485,752.834299459543
404.0,810.7561317371094,15986.85517102637,741.6672672007767
404.0,377.65997695551704,495017.8615160379,617.9936963819977
404.0,677.3977987212285,45492.1232158059,769.5771029353167
404.0,817.4774967602749,5735.545223395355,706.5722290374378
404.0,805.8597788353554,30253.962501201328,717.4490021673142
404.0,576.4905144728951,46448.60027777776,724.67541740402
404.0,828.80117497832,532.5445876463739,808.9266201292133
404.0,400.3565359866424,312346.9398762622,604.7103741118956
404.0,868.5526807879138,52320.70930757552,700.032087798374
404.0,649.5937663948314,89139.68723180487,717.5293114767454
404.0,338.6802604538593,545005.4720682737,634.3889378452134
404.0,536.912886569532,276020.7692950167,649.0509889608195
404.0,404.16351809250034,283034.0801805849,685.367823296084
404.0,662.34130936815,64778.40932960482,704.1725397794904
404.0,814.6099585545974,2177.5133076158872,783.9427281013325
405.0,377.1894936815138,512265.55931507505,589.665111813008
405.0,1074.3669798949725,555.7297855619604,813.355865901191
405.0,616.7496776137215,67051.67807271234,733.9092374875578
405.0,765.3994257373961,16456.37559580872,765.2568863984352
405.0,664.3884621263762,96455.4617304405,724.310380000877
405.0,395.7983081180738,322096.7935441584,604.9763700976439
405.0,888.1733799698025,64645.5967045305,688.2176830132424
405.0,404.05980704270104,664417.5069763924,568.6481404444887
405.0,755.709350584562,48829.65807196751,725.5646617668841
405.0,928.5006454135118,4641.079023143537,756.9830782582475
405.0,883.6217969796139,15265.248935888789,727.3216356537961
405.0,967.0368946055081,856.5781404679051,742.0556435050818
405.0,371.7927554328804,281942.8081490613,621.3835720470635
405.0,1484.3018333191117,4242.2412127991665,714.6353478520523
405.0,813.3359090589419,47626.63557851638,728.6034523014058
405.0,519.2498235109854,104171.50670018168,744.3394107858115
405.0,431.1429755967872,640232.3024528641,556.9033871014836
405.0,926.5657168616942,14055.534195094522,730.9713205746922
405.0,372.5485276975151,828037.6490085805,575.3763941142117
405.0,665.0772170138658,95468.1905222389,725.9275851700008
405.0,371.03531569611374,612215.6575903902,594.6811897821489
405.0,673.7985824468067,40595.184938848935,736.8007633431462
405.0,803.235366759238,13743.734144490492,764.1257262022672
405.0,733.2774824896521,99431.47831793227,706.3087246673475
406.0,474.2210552068813,867058.6644164309,534.7595660591277
406.0,836.2523842455201,13247.77215674233,737.1552172763833
406.0,811.5736741250079,22123.807636180354,706.1082808727036
406.0,974.9856104606447,559.3560941617246,826.6938114197961
406.0,606.2351809294925,56834.91050374461,733.5480856622107
406.0,379.99252096699047,753360.2120388836,637.3314338742076
406.0,387.43182693205284,644016.5418423968,629.5033352808675
406.0,721.7850643428225,71502.73061739524,722.0624754021629
406.0,1000.0600960140048,1429.7275380542417,742.6407951155143
406.0,393.9339822259787,626626.5688440872,589.2627994723645
406.0,1173.6279761207331,537.6490445521888,834.485814540779
406.0,679.1662471930132,60420.9246203645,722.6698669253517
406.0,760.4746511458249,73094.65379132374,715.3614125201798
406.0,741.8145909315601,51651.03765975582,733.7673300366262
406.0,684.5797849726483,114533.40851948704,721.1827697845281
406.0,388.0994588284361,375706.5232365149,665.259869567616
406.0,700.9789442173452,26640.24405960844,755.4161710770113
406.0,388.733574287873,376901.1219300995,651.4628007083684
406.0,550.5900569601779,233070.75942161962,662.6736213417873
406.0,401.0238826497995,334736.20890828257,656.8341399879935
406.0,387.8938512064678,399613.2946009004,709.2948029766745
406.0,838.7937749163221,4260.282630850704,711.057737937148
406.0,404.9810050562083,666786.2083365897,571.9287957278954
406.0,668.144399897006,90762.5747943956,729.5195647125926
406.0,402.60480332614395,495973.07664253016,640.135735479759
406.0,760.1309035123865,6323.176430968763,766.9312690043763
406.0,451.8527515763709,581843.3501244221,633.5615336253021
406.0,652.9349485613557,50620.13392528013,748.2838834820056
406.0,463.4985902894338,459367.9360844357,572.1272566299808
407.0,679.6713711509137,34539.08448134639,755.6981057535254
407.0,367.1461512262186,619420.9989380997,624.6310178762403
407.0,792.1760321113981,684.640336403423,762.1190200784746
407.0,937.8059512395046,904.7833216460542,709.591749150203
407.0,812.5764725785581,24868.854698138904,738.108170894518
407.0,443.24079955562127,350674.7986513902,623.90148166406
407.0,351.3304772273579,625853.3186884341,592.3797540273982
407.0,910.2194501530148,7859.33270694537,753.9054541971944
407.0,407.56350116746694,192279.76364894718,653.3647408421734
407.0,1051.2727694077232,514.7258900375965,834.137115683216
407.0,415.1071584239116,760939.3053939597,576.819346794564
407.0,372.4585695834672,464483.8667854711,655.4090198292544
407.0,864.8777553889161,8687.783014616314,688.2065803748227
407.0,789.061201244479,170918.4150135323,673.0329405023435
407.0,595.8648503620483,87260.6397269541,744.0195781717941
407.0,615.599850012305,65800.04626983318,729.092173357353
407.0,547.4815720296766,135165.93464269934,732.2547101590432
407.0,566.8701633754582,171206.57642430297,714.4107154377133
407.0,726.2423349864323,43103.981687430954,696.0800453661157
407.0,688.1829616641744,80117.5534637026,705.055759264099
408.0,388.6064129184646,467909.505617382,625.3750935262664
408.0,647.7216535159697,27007.517671447767,792.0215338532469
408.0,380.00125344831304,470798.545212599,627.7981581044384
408.0,923.3469203541177,779.5628604380238,734.0784691831798
408.0,752.0193624559547,42124.53743644465,718.2086250155149
408.0,315.78171655063596,367130.8321619956,643.2796013704371
408.0,395.76773859528043,398031.9662964221,589.5302768551126
408.0,1004.0868338604951,514.6427569899366,736.0446399412648
408.0,879.6666360341824,554.8076765421015,786.4076028439948
408.0,365.4183951903626,291302.45847741363,674.9350497320984
408.0,662.0036493997159,33314.29904395377,735.7343728446249
408.0,370.2481629269094,519989.33502162754,621.7721268794908
408.0,836.0191715448718,24214.220854249106,760.8799326846943
408.0,406.96713690637574,323374.0608877405,624.467871346843
408.0,794.7517974445389,33891.51257847345,725.2053301935018
408.0,465.2258435986002,218040.29133882376,666.0590376520995
408.0,380.17877018575996,285180.77472885966,689.537542676633
408.0,482.703742420204,310605.8296120512,633.1778092887812
408.0,850.200278134278,1683.7888869814067,741.3806775282613
408.0,932.8325682477976,16736.799564956145,714.026220433678
408.0,591.3169415619288,64056.81081623339,706.2158281123739
408.0,699.1571687807866,179966.9809256976,699.7663734833898
408.0,607.8507081277558,32120.438654365826,740.2399483172369
409.0,656.970225934592,76390.67979379091,706.9483140510441
409.0,611.2903964353271,71776.3003129783,723.8769905240669
409.0,385.1885525555813,357277.5820903416,671.0816802329424
409.0,1210.9267203608888,6743.164218836377,736.0006596822843
409.0,829.8531454611124,487.66726484028516,775.0412884636315
409.0,681.5824443860755,34235.26813549059,724.0605064571614
409.0,426.9673335973727,504177.0041921223,607.6813611726684
409.0,613.6246906458977,37211.914777874175,751.6149461161967
409.0,461.9061347453443,276106.7926429799,706.6573047150056
409.0,405.3450653000866,615874.0666997269,589.217630122308
409.0,422.0650080983938,323354.23729827954,664.833839581865
409.0,548.4860069353809,329319.10289499,642.8324279625784
409.0,737.8683527060955,39121.320159276285,708.9614063734266
409.0,769.2647467357642,12484.082488836406,712.167027314746
409.0,591.9060032201531,149196.4862530717,714.5619408360418
409.0,722.3084390781436,62721.217423865906,712.2178606950398
409.0,969.326524819115,1643.9052503504759,758.0842029491573
409.0,523.4245584644042,260294.4782471655,653.5524585584724
409.0,820.275709302498,43737.33776715552,685.7054072806925
409.0,703.397675848232,76089.20565572854,719.0010952018831
409.0,662.7747568314204,21764.07993224403,751.6165821601124
409.0,635.2661613655905,5804.507386614003,751.9234544594502
410.0,890.7884227777006,4894.6808865732555,734.1950062467658
410.0,670.5768495559471,60713.53414549362,731.3549858675788
410.0,457.86000202978136,288693.9425136852,637.3370154502069
410.0,395.74035848593996,571258.7936004912,593.0379723429108
410.0,688.1724700206265,151564.47979814405,728.8278003025496
410.0,651.0857807506512,42404.21081290046,744.1468960734951
410.0,426.5300271896742,481574.89219163754,614.2211760957562
410.0,754.6011359027852,14025.230126780312,746.6563231099145
410.0,484.113423908075,464749.24985957553,612.9604064593177
410.0,494.17295429958284,215600.94915427736,615.5811392879001
410.0,427.4209981379049,433708.03903055214,684.5930278958435
410.0,768.5878535363339,27539.48269626482,703.7910857791583
410.0,774.6750490920933,57969.87922230392,698.9291386411529
410.0,1104.0027246475797,521.5944981444537,839.8390773651772
410.0,632.7364154289542,60480.85819342033,744.211921375636
410.0,856.9972520872338,620.2080063673025,790.5880946675371
410.0,366.5140596064138,712063.8323464289,647.3613219076974
410.0,369.1475507705471,568941.3331659122,610.8671365243979
410.0,464.09435771812826,291508.04690087354,622.4043046750752
410.0,705.3483940596262,19389.389640562356,711.3058722348625
410.0,578.5715691259713,170112.96131687303,674.8290620608965
410.0,884.0282240135653,540.377018295708,739.0378122585421
410.0,623.1925004540228,30543.41770071383,747.1484266570802
410.0,428.3737380060891,279484.86757845,653.6214966826743
411.0,719.2463922899935,14134.116211340732,765.551930751084
411.0,746.490205854003,2688.850955348752,763.0739482314068
411.0,672.8413345023508,61041.086195301265,711.2459057836202
411.0,348.39925314143755,359209.70695270697,661.052875593064
411.0,848.3636357090865,50068.55494803732,716.0039052724701
411.0,630.5138162658812,17591.963388085715,724.2404466837087
411.0,574.1619957953211,93731.85922160797,760.3728594332173
411.0,400.1288533143827,313889.6123293417,607.1381902610585
411.0,487.08860090962816,153106.12310373693,697.7343727949793
411.0,712.7705996064637,92704.56730556347,701.8399962404653
411.0,350.7923854780342,331092.5337444736,654.1141256176846
411.0,415.3091791169616,213347.4289195655,629.3471200147467
411.0,486.48049663393215,207552.92747045396,664.255396796919
411.0,374.1077018807611,568100.9459974407,603.3838415445828
411.0,399.81979417870735,180540.00950915634,669.2592990566804
411.0,676.3022493285741,16646.493053475075,800.4424870797097
411.0,735.7500982245647,31477.344520713184,717.8279748080763
411.0,1110.6801302814374,486.9250442424236,849.2103947378329
411.0,878.7340466953309,500.69609435435177,752.5140791434563
411.0,891.9295739333133,2636.72421581483,725.1658653721424
411.0,624.7588718070912,95982.62048042852,731.583262835729
411.0,390.2349469131007,258946.73853915327,636.5803408770676
412.0,885.5955562792923,4139.150058873971,761.7672902479713
412.0,474.5627227847285,469754.2073658381,587.628112610526
412.0,779.4116980922378,17387.485370727027,732.709558143262
412.0,409.88178758531524,478365.36414211435,608.5181366247888
412.0,420.43589042463566,198255.52612211378,638.2701661780349
412.0,412.61596659354467,233161.9007099104,680.6680674315414
412.0,458.5680836621284,396097.85884902667,630.8813682062244
412.0,459.83383724586366,221704.8627026431,621.6462052654197
412.0,1080.0253606321994,2232.3892921671077,741.7643616521351
412.0,864.5561994779097,4167.780807457924,743.9380031316236
412.0,635.2630765307928,21204.689683113946,712.9284056770825
412.0,832.4067641985977,14664.952624782698,773.7444729517949
412.0,393.28442408698857,249044.2470014787,659.6316246303159
412.0,427.19178062601077,251744.5077645993,638.2326063110445
412.0,946.4745855675408,867.6699966453264,819.0728302682937
412.0,382.7804834025215,647558.3116389177,666.1396561204743
412.0,966.8903550061332,564.0870129259563,787.5171719477753
412.0,392.54675975380724,422591.82657740515,666.1564029361402
412.0,613.2581636594269,61338.56722423395,675.0657977405947
412.0,361.39646497606884,682402.9501696922,614.4787203855727
412.0,563.7360490362144,50928.45099409205,736.5907407036785
413.0,352.084699581264,445586.80048939004,633.360481683423
413.0,978.0585723410708,567.1906314150491,756.8360817614121
413.0,757.0782754698059,2800.6862131621883,792.2980527998621
413.0,681.0082504494021,13876.824702897327,743.8205486440868
413.0,557.6276567645393,40370.894331234,728.3802728378225
413.0,386.10636391269287,324329.41555178753,588.4211738533196
413.0,866.1295962674393,3639.2234832789845,791.2801207140803
413.0,334.63034843260255,454422.59126453986,646.1947005663206
413.0,617.0578429333813,17692.455167069966,767.6821796796379
413.0,605.6358380000356,172306.92030412654,692.3375486422207
413.0,959.8398830292641,552.7441932501085,816.3642182650013
413.0,691.3188692364045,22486.716737913524,716.6274495795976
413.0,662.0361515814967,21148.030691284723,730.9111744662433
413.0,1226.2904838746206,454.2103612630474,850.6730133219934
413.0,369.06357284677745,826099.776111258,631.9216892998082
413.0,376.46619054787095,399291.2906073945,643.5312701611713
413.0,928.0727512516053,9262.976494353732,730.3197682110579
413.0,1095.6359446348945,9142.965887359978,719.7664424489948
413.0,1392.6098232861916,3976.213756631734,734.6767604407243
413.0,850.2624706249798,595.9219282704325,801.0921733679988
413.0,753.1928207128186,6597.730775173414,734.9765253310348
413.0,726.8921887479297,11286.240202108027,747.8123722072735
413.0,1007.2501199210653,5334.60759941229,721.1223717048332
414.0,637.2669975646711,87557.71648702024,723.1735862127238
414.0,702.0358038128343,40219.47641977169,739.6416282634799
414.0,910.0644158863746,482.6951706603849,781.3141412161605
414.0,990.0111106795956,6690.762528887797,743.5105636740828
414.0,417.20055321906824,358461.79796697694,603.9165735831758
414.0,862.4869876847208,537.1334574741123,777.5719365165808
414.0,829.3713648628836,1439.3359538114005,760.8827757428359
414.0,403.6988181037987,661166.3381132983,611.9289424673119
414.0,406.3794654756999,463830.2569957592,617.6360689852236
414.0,383.9117821255865,569431.8576394486,638.8892376153265
414.0,715.5221182285412,21485.382496331607,756.4919528550332
414.0,405.8184261051505,275382.82942846813,636.8308993415662
414.0,844.106057036459,18574.650284053838,756.1109935198585
414.0,750.7199668755724,69910.99070787881,711.3247962339889
414.0,393.5314449597317,448382.9180658317,640.3164548914502
414.0,860.0557599654591,64794.76899564343,703.2647052622643
414.0,764.3373247911296,23597.84170910651,711.5430326109881
414.0,387.2318138213577,433902.6709092121,677.8363701286181
414.0,713.2914702192486,62543.27728780412,734.3897984590999
414.0,1207.7411234627214,22191.86784369215,725.7081501296367
414.0,665.5507658452516,79046.43045677627,706.4790452016681
414.0,451.48788610615935,510923.0652197384,576.1506711038144
414.0,582.9310146914823,149377.23496018155,732.0052433882507
415.0,471.3841663106183,228021.24551671997,657.4849835786856
415.0,1183.5669191402087,533.3272957510028,759.7036952908082
415.0,807.1787820623324,1062.1818340498571,749.6894335829252
415.0,922.3063826942883,508.17582437111474,792.6330765034805
415.0,747.4128636756521,123036.44471477573,679.1348437236313
415.0,541.8070782373911,54298.98007645155,726.2461506037889
415.0,1129.472115061631,778.5716911032757,729.9988775224764
415.0,693.689025035096,13043.811507409455,730.8591152244442
415.0,360.2464720681757,473297.80077598704,612.7899458279079
415.0,408.5392646359649,407139.3254051691,690.1033096463804
415.0,484.7375570254046,359754.3771130298,581.044833682836
415.0,636.7535162507687,107844.80895700696,723.5931840168774
415.0,679.0040745877391,38498.50428567035,752.2252810443638
415.0,375.46368295056834,563439.0850750309,612.2593292215649
415.0,793.1837706620138,10629.946837658183,731.9346069457223
415.0,412.56929040488455,538001.4796584403,592.9661222023057
415.0,740.3403550014791,37482.155746871234,712.2247333054129
415.0,550.0791434144219,125544.86442831263,691.2645302531928
415.0,465.84651384722684,286811.651385659,699.6863241450484
415.0,838.3743112269317,548.1744892020154,798.4117497148716
415.0,833.5014539762973,58131.845072925695,694.5691226129799
416.0,407.8011268008139,312272.90560706984,622.938930572137
416.0,1272.166376547939,467.18545568499036,838.798948366272
416.0,1182.1444712320083,536.5289379627744,783.8202654903012
416.0,968.5194523551511,1860.181850341613,772.4854115863457
416.0,794.1038431782689,14374.687061721444,779.8246817812212
416.0,446.17301735530395,579389.6710815581,592.0968977926491
416.0,831.0074701498045,1915.5757028230094,777.2328668692861
416.0,1089.228185735757,1547.167514205788,773.1619050361531
416.0,775.3610154782132,554.8904366985668,801.766760467826
416.0,888.1248893775969,10615.25649275243,741.2411049112892
416.0,525.1940166583206,250143.87857809573,667.9187356638595
416.0,1020.5144925506894,1665.9108203747548,757.4272658527562
416.0,444.52190442787946,214881.383866957,671.5469355950506
416.0,544.3669559525624,43708.05868960877,736.8517775121388
416.0,539.9613687879605,116545.84385087363,705.0976252897308
416.0,833.815001876658,1170.474093930903,773.3239472709552
416.0,1306.5383079433932,1322.5201053769251,739.6665608369783
416.0,773.4389606624485,20831.007147122527,757.6344931361151
416.0,917.2988227950383,21085.894835206596,737.5840629573627
416.0,1001.135763338035,514.3935555193067,817.4492239951695
416.0,962.7303271770501,536.234270363548,814.3358485010232
416.0,645.6972245680845,21291.38695657189,714.8571152018654
416.0,964.9443674856769,499.01654325326064,819.6697485182542
416.0,426.53682672726904,481329.11345283233,605.7770103003753
416.0,332.9375157210012,518740.1214807473,594.2277802304383
416.0,951.3342478183883,562.7008961264903,780.3733973089111
416.0,940.3376115670839,4974.724160928675,735.5901059339838
416.0,372.4726110200255,450458.44114707556,641.8418782806169
416.0,769.4486216849965,96459.73067063457,708.4431987251892
417.0,779.2709442901187,56884.63583819618,698.0576130604363
417.0,1065.2566804927092,557.9526196897077,807.6048002338373
417.0,368.9049535111174,339803.93357493647,684.035335938873
417.0,550.9123745649379,98824.3466149121,733.7169192966048
417.0,682.2786620640317,130808.37416140962,697.1419940969217
417.0,994.8688783804871,17207.520698176657,699.5043127779503
417.0,965.2751507526867,713.4636432484319,775.1643485548028
417.0,499.15630714636205,396327.2645899643,631.052238460292
417.0,623.1879559567977,26190.860392638882,757.6623819791416
417.0,772.4944199791578,29835.969740384302,744.5589721582858
417.0,659.1135070740326,39454.14253263461,750.3060880560382
417.0,1157.3062787154154,534.8107671925984,740.9241757452953
417.0,618.4598989127251,54698.987771668035,725.1481641474859
417.0,826.0160194247966,5389.850083650997,764.34765381095
417.0,433.53637295161883,279564.7366374312,648.7766621038999
417.0,994.166254138565,46962.38257024562,717.6981116393783
417.0,370.40305095462423,408798.6440979007,577.7329749405595
417.0,790.2989395607028,5716.612080110865,718.6901594286275
417.0,1008.3381166575356,454.39806186101964,818.4586693514437
417.0,523.9498635812965,245407.9145592206,675.5643653215877
417.0,651.2165537727868,36588.85646269223,756.3938779985762
417.0,883.0252005894873,1385.6711884099768,775.702172970926
418.0,738.3650385708935,9666.329126690534,738.1710917346819
418.0,427.7769090337908,217289.79621217414,639.5276850983553
418.0,795.171470849359,1048.910058835747,762.54367109236
418.0,612.1033498814774,93031.43040200771,754.619725525184
418.0,803.2813086923368,87423.6687208806,721.291616669388
418.0,429.65701288884264,481119.2718121423,571.6688018063647
418.0,914.540527087545,2989.892235417113,751.294141940613
418.0,392.56217909373134,228351.06495725203,696.5733186735346
418.0,1157.0479547943676,531.929279509275,848.3089109959556
418.0,787.6076843772113,3830.3517155333875,750.5590379173001
418.0,491.89633521637336,459068.5680302137,596.9585674693635
418.0,381.4689583861664,318134.0447919082,630.5134302539795
418.0,1462.9818097250052,492.0416219268045,857.4275950739831
418.0,322.1044505640305,408150.8144137445,627.8064322981432
418.0,845.5596626529914,19147.451764524132,711.7916893535696
418.0,1115.3064415072038,572.993458843312,689.5380994529744
418.0,619.9027189391551,20817.857251104142,745.2085513208763
418.0,383.8240717202563,591804.5830400985,603.2837711189839
418.0,681.9294703580234,13574.919640986962,745.8027478770547
418.0,687.9761026792621,113800.89688460747,733.0670565086212
418.0,883.7133053714031,4379.5158379420045,743.2196536126573
418.0,802.345771744137,569.8079710544102,771.9210972502203
419.0,609.4206579677029,22797.786981070967,717.0701907155055
419.0,1121.0581897574136,495.307748150286,836.582029718249
419.0,396.14981707360226,443231.23362639383,653.6386694354013
419.0,769.1079291953403,672.5867273999256,717.2954653194562
419.0,481.7931174317107,508495.69775908574,603.211371534935
419.0,432.93785644275215,622948.3180148588,623.7124506815594
419.0,529.885561695209,799978.7121955104,591.6102450132471
419.0,398.78460575536633,740941.0578520757,620.9234722285157
419.0,716.3989447599932,1116.7307626885379,746.124190818935
419.0,442.05754348471316,206786.61167414274,654.4639739053407
419.0,953.7471375179997,572.5206943241839,735.6093851009828
419.0,364.1666959848773,493371.4118407804,648.2586812900457
419.0,667.7128618469817,64357.276446122916,716.8160341970508
419.0,841.3394054123736,53518.50279304212,705.5346115216838
419.0,377.1012674755427,480133.1966244753,629.73710406255
419.0,440.4112295605868,518644.90896610793,605.4504027924244
419.0,1036.9412108541494,567.4480593962259,799.7003835968735
419.0,1025.6502721745298,14728.846286811593,688.5436058124578
419.0,435.8812441063092,355502.3105862107,614.2969963125255
420.0,364.4878329749575,444773.2322428032,664.5282601105106
420.0,1019.5887577399857,12603.833927364032,753.6009836471447
420.0,778.7186335902071,33930.27125519049,770.0747896281341
420.0,445.6493978496318,426184.8643278073,637.5031547123898
420.0,414.8315864886575,469786.2384089054,612.2379686959982
420.0,816.8361647943298,43639.56964322284,743.1684665779302
420.0,785.1475694936414,35465.044706157685,766.0643727436413
420.0,550.9728916597443,203838.94000864247,600.7931077306091
420.0,477.10092976674525,248623.70244305857,666.7152757332137
420.0,344.2194910200953,675709.2653568718,617.1550528470148
420.0,395.0751151897292,697321.762540079,589.9276424432834
420.0,683.3176018734719,25821.82268169316,787.044947387264
420.0,489.1944124557008,404428.41116361384,629.4470956426314
420.0,817.5770440565218,540.821522959495,786.2219960920896
420.0,826.1395495451853,32194.535537159292,763.9812130727682
420.0,422.9469007273934,691715.6511837462,609.3463191639619
420.0,424.0208646043945,396927.3490176331,675.8828284600055
420.0,1117.9480811872052,1596.9039403572287,703.8730467171025
420.0,431.4378600826205,275291.84964533197,670.9759764085162
420.0,1004.9648136041592,726.8398342156858,779.5405480901873
420.0,447.03398648465713,711759.4196700664,542.185592576419
420.0,736.3034734108957,195728.51361655234,694.9026276688221
420.0,849.0267725885678,22999.81729107556,696.2631722547458
421.0,671.4755040695086,23623.265002553566,721.7442368830191
421.0,1043.3631831259283,507.8872029052048,837.2819123829887
421.0,367.4195086375704,528052.4441136528,594.6460265119541
421.0,598.0813775586581,67390.27260785563,705.74344444363
421.0,309.47250367460754,799066.5193621179,615.626557296557
421.0,614.6844274922547,31937.699493508215,753.1024174148923
421.0,557.5196562809458,84840.45102244106,703.4469751345854
421.0,381.9670406688025,645846.8481715921,565.4447270180152
421.0,649.7128962843553,35539.905826261675,732.3403953636673
421.0,377.85500680807587,311544.9714404828,666.9953201481163
421.0,477.3105650674839,372610.7155671718,604.9326818738641
421.0,503.9029427122933,304952.8261263368,578.2070881550534
421.0,373.25368743592594,514784.83248214296,636.3565932881595
421.0,392.94597299680106,350667.3485896844,663.9845523976504
421.0,908.6414074943036,535.2404425443044,788.5913120704079
421.0,529.1242954786231,63354.135371141936,736.297586688838
421.0,465.3573246179715,422451.08089433727,613.9408761271465
421.0,549.2594370100136,291095.64343809825,621.0939913351882
421.0,716.9966545940986,20244.849370248234,733.2751941337267
421.0,413.4805947740463,259342.17459518695,656.8083941940612
421.0,792.1001086686036,22982.91611098279,728.1711409387316
421.0,378.3313965020127,601982.8412798357,588.0450184760819
421.0,487.7768686688638,319615.2647172452,623.3527307475094
421.0,442.1308287148083,503381.0730671986,642.3588194031692
421.0,811.8069091005995,5077.35559965854,716.6370650776223
421.0,623.2949950817336,20696.68149887991,754.8399761167586
422.0,444.6462746023226,304393.9463695372,657.5358809368996
422.0,388.0969437823532,710201.9059054784,612.0858419284804
422.0,444.3465055450303,424623.93994578795,575.8529886745249
422.0,705.6723693517425,9964.556391124228,778.5726660437415
422.0,918.6825418413033,2791.7491423421952,724.2560857451772
422.0,628.7115910383516,46495.5349609882,668.0024535493392
422.0,1350.9368182212318,392.2531641982806,866.0501711103487
422.0,366.00366421410246,733927.0656235515,594.6750721026576
422.0,560.5369376375538,153008.4249260227,739.5531436064515
422.0,365.12395265331344,333653.7246808878,627.5540737016786
422.0,695.8019389574157,21294.840362939198,723.2008365126625
422.0,899.6606724195187,2495.455765425073,754.3477021067471
422.0,1203.9023664330023,540.948295759644,722.4568137086478
422.0,617.6080782793535,72029.09159129913,750.0297699115064
422.0,316.9117738405385,481251.6211071132,624.6400737709182
422.0,464.56615337375933,229620.6120941196,673.2548769352967
422.0,391.2996670489382,234794.45920162008,677.6802483802255
422.0,1001.1887898795271,565.065962804616,746.9737568014119
422.0,391.5362802778305,500187.3827645942,621.8985799325175
422.0,664.5693448193529,34557.34454774505,732.5625701031295
422.0,646.4525365347752,33875.26781899351,736.2803112901851
422.0,613.6000866116668,72257.54686656265,732.8204860257463
422.0,827.061447517643,7337.620749347206,763.2312817162589
423.0,660.235778122365,24441.03922604557,707.5357670657002
423.0,450.93798143663594,244969.17703930388,641.1015169619003
423.0,954.6252892160545,11136.171322540142,745.7849296611199
423.0,580.350573398035,81587.32000469412,754.5015794008251
423.0,934.9035430337093,537.0440585969143,769.2462090537507
423.0,481.45917404688316,204469.98297196892,684.0412009384579
423.0,645.2152485308085,24107.644203729105,751.6224205087323
423.0,552.9543004527172,610871.2805504374,620.787197363758
423.0,681.7830389748391,22644.161186488884,729.8015695751037
423.0,733.404633368574,11235.109958091327,704.8333076762341
423.0,693.050149563702,28285.437130095514,697.0561443986181
423.0,372.469362687516,360857.74082702707,621.2886829414429
423.0,335.7027543388756,755644.4358252613,599.0058272821594
423.0,1139.2258187174982,9908.288437819781,755.1847745409499
423.0,1420.5472681585634,2109.457117256956,759.1475669878603
423.0,615.9124684002174,43394.30627973989,670.5923704922096
423.0,704.6038602190289,14440.58096374765,748.480521812382
423.0,417.655912653029,275553.2981776211,659.6806843180453
423.0,1238.2265448840162,4473.685922283413,731.8517617253482
423.0,357.02839950612525,456000.4846593387,638.0297532090427
423.0,1004.4048543805504,530.863017543597,811.0541771728294
424.0,475.83356900894535,735645.0701382334,585.2148221122691
424.0,707.7444881129154,15849.677399220724,772.8078550454537
424.0,818.154401703874,52898.25601574007,712.7259576205191
424.0,588.5137466153327,94696.3736023546,761.5424122008011
424.0,597.6039106967659,44058.67428804368,759.3208509491324
424.0,397.9746231475429,315624.79486041167,626.7286047693126
424.0,376.53479915306445,439221.2646411024,624.8974122555293
424.0,378.34598249362614,380605.31535417575,606.3427508764821
424.0,2157.4816728657074,10741.709761049899,711.408287743049
424.0,699.7298223107873,15979.313146143419,717.9667900390723
424.0,884.391426320095,3488.401624914298,723.4687547877024
424.0,601.5280762861441,72898.76142302695,719.8997279148416
424.0,433.76020403609806,243198.98922011233,682.9130234932383
424.0,330.28203779533857,373414.1588626174,643.7063021352865
424.0,564.4509191395927,112989.91966915852,752.3662998210211
424.0,780.8256494190557,8061.23578163501,767.7582971623078
424.0,710.4389541876125,525.5660519426226,773.6919815459679
424.0,790.8796084543787,25544.56330444005,713.2016664222052
424.0,740.3146321643651,114922.75348226975,703.4386147809912
425.0,1309.0535849869634,542.5008188603156,880.7894688788704
425.0,777.9544600424713,3244.1931317581752,731.5744573888046
425.0,1187.0354063814539,21900.790541269373,720.7130076844677
425.0,750.8464819038206,74217.93596056441,705.7281794781708
425.0,1069.6244397349503,1069.730505830281,781.8272853962281
425.0,782.3162650504355,60464.63319541366,705.2027830905041
425.0,410.1193643801239,603752.5885123081,578.8934130831823
425.0,382.1243854613263,310584.8804506843,629.9748470566608
425.0,745.30927971781,27646.17951450436,737.8322953666716
425.0,580.0721413202394,51766.90902313418,706.343324873254
425.0,881.8584497893212,66436.76062490427,700.6600659085808
425.0,1054.5655639765946,1169.4952849982853,840.8145488602471
425.0,404.0902828448661,652247.9192810522,623.6189449852145
425.0,916.5092216088688,31175.237820505998,716.5704371087976
425.0,1336.4660092020056,7827.170944057241,729.1977606274327
425.0,439.6675443115069,334232.40471643425,618.3319228113079
425.0,406.54591739549664,648825.1703964344,624.740523909235
425.0,431.70544180604867,447421.83008693834,607.2051638229339
425.0,788.5859646273674,33994.66344764541,731.1229720850706
425.0,1212.5250086900246,16392.0187103526,717.2661336902005
425.0,630.0772882583476,33418.95271554514,759.7694557083521
425.0,555.6553492641999,92118.05982264921,716.0833357744434
425.0,352.990193750328,353625.6378039626,643.555974819847
426.0,903.8535875520364,556.3831105437639,767.5994301068546
426.0,817.9824884234739,15979.08121749017,784.0377926429453
426.0,373.480419330298,482257.38158416835,598.33345265682
426.0,1008.2058797777402,855.571133396332,750.4706802681321
426.0,804.1339707914174,20269.54463158866,727.0306252608615
426.0,773.5114576156857,71448.97220144473,727.8903513682317
426.0,434.5490894597273,638923.1963126423,576.8457873554088
426.0,784.7129056241398,42246.002226362565,740.3100826966092
426.0,790.8077497342069,33503.59208442707,799.8588994909659
426.0,411.1524362743069,330933.6524723315,625.3458255751846
426.0,841.61783985153,1173.2073972977832,795.6201450978813
426.0,420.32188062460796,745390.0257451206,587.495379459263
426.0,1085.0781094148572,13842.48336274318,709.0813309307501
426.0,663.8918668629261,45098.9916532494,745.9036789303801
426.0,419.58788172943684,506916.6491774791,590.8584440688223
426.0,394.159009843219,406116.1879631853,624.7712893642902
426.0,407.6662468115346,424119.72793935053,597.0751427497856
426.0,609.1815203885478,86445.59629358935,759.4337996676641
426.0,466.77601715809453,149935.77590104612,648.1166918921587
426.0,598.710784972298,80637.21363444606,778.8331925872443
426.0,893.3433105124905,7915.384833470285,719.1960540193497
426.0,709.5645017660029,88699.39333887195,665.7840380552099
426.0,716.7963707569073,44326.83845022052,772.6085484251164
427.0,587.775068459494,53856.881456892115,721.8378243019185
427.0,633.9143260260538,78110.78888022839,708.6040034978874
427.0,1191.1246432645971,531.1202719263549,800.5381572399851
427.0,842.0579002535417,3033.6361932294135,756.8572512171048
427.0,793.1342254605532,7378.965990300096,692.7025728652218
427.0,736.6606522534568,1329.7421007342787,779.6081579638216
427.0,1150.0098943256905,1121.7654673774582,804.598244313146
427.0,430.16705802561177,263171.9660426636,639.6442356739839
427.0,368.58136926338557,248100.0632566624,675.1915466964591
427.0,597.2587345610507,25010.824862618105,741.8401972562043
427.0,595.0938503975043,33945.119100504446,711.0231143656647
427.0,621.4646569706779,17197.938181188583,783.1637209711578
427.0,674.8009200460551,39137.817970614364,703.5654404143597
427.0,948.9527233324001,505.71643365282415,804.7268708128458
427.0,365.338315336372,568308.9798867722,595.7342571320451
427.0,471.4517423554148,444153.47655951756,608.7454369461826
427.0,752.5813233935019,4853.436906725635,772.8907037141524
427.0,382.6580625593133,578671.8236929371,594.214673672534
428.0,996.944875008561,640.8072686955813,749.5188311479212
428.0,1595.487065073129,6235.393035781371,741.9540526866159
428.0,855.3693960434543,2954.570246790917,781.3086006823952
428.0,455.6543084322334,270575.4757600339,650.2421763646214
428.0,412.37116173617426,530826.4018478229,584.9336738331914
428.0,397.05287812289407,651221.8732399774,637.2574351042713
428.0,761.2821322941612,52181.78135848765,722.4192324299554
428.0,712.9369569009605,46437.35430223287,722.6621733866608
428.0,512.5874976072203,468844.517847235,573.426650687707
428.0,359.3770429884311,413386.4189631939,653.6777271451216
428.0,451.55969668166546,198303.56104609478,694.5232262497294
428.0,804.6446196260644,6195.87914898467,749.9128553878277
428.0,814.0503580759831,42192.84480087753,691.1127319889412
428.0,418.53148216377724,311805.3023859553,651.6343214138071
428.0,379.3095740126168,470236.7437924889,641.8820506780017
428.0,384.87299598650606,323595.59593903815,663.0650687065029
428.0,655.5296389517072,83713.41925303187,710.7154732162876
428.0,774.0072822596384,6385.572199878149,767.5342489281904
428.0,807.878537800843,11034.057627622004,711.093171541763
428.0,961.4815511481186,529.4161492035839,771.5774499452828
428.0,703.8588800762104,56037.96762258589,749.6024923821361
428.0,851.0656979163695,737.877900056491,807.0331034022547
428.0,409.4453729404985,791818.3728528506,630.4735082296842
428.0,890.0314851209097,584.8587312605666,771.9760227271088
428.0,638.593357499865,39730.95364887428,755.6149085216458
429.0,1018.1360405720263,534.4917707554439,738.5469060733172
429.0,717.717715917691,12900.947268997259,787.8457672368659
429.0,785.6743431846838,11144.04622109469,741.2741555235768
429.0,336.23823040027986,544374.3361507792,645.9098053291766
429.0,390.3019959539704,325766.80906142195,603.7638872604017
429.0,486.392258939623,228883.50036958818,638.4046346263436
429.0,915.7641829763741,528.3578854137063,753.4153195112593
429.0,391.1595759578218,328346.3841642802,588.9059829713837
429.0,441.20959084640833,224678.71609608317,651.3751821966916
429.0,380.25313500877974,379162.21505425,647.1620657536507
429.0,603.9644298342818,45374.65115804805,720.244929945448
429.0,588.1184277468758,80923.34140355463,734.9813984231187
429.0,1195.407617746638,17965.506058503466,718.4396722877667
429.0,365.58700163918235,359474.34397950646,655.2745596275417
429.0,777.2242849378554,535.5380636438017,765.3674655262392
429.0,608.5820626092008,20071.278365066777,708.1056457904132
429.0,950.5314947855773,489.4142217426453,761.7469058506292
429.0,317.96018784533203,739723.01483065,609.785677386344
430.0,853.4196343616065,12249.522069742672,709.8613940458288
430.0,754.2195761389056,19737.016253236085,763.8343954506627
430.0,328.80161439157223,307012.24459494656,653.7942746399326
430.0,442.02599677943863,638566.0224439183,612.770201941487
430.0,599.8045160186716,41947.59333109472,719.1716898149725
430.0,359.40170555317405,498992.95426314167,630.5951085172145
430.0,437.0862147946086,277796.8711443533,625.5925497490772
430.0,380.554309273835,740561.8304971724,629.0059751555763
430.0,692.3649312513925,31540.29409489444,766.9031534849574
430.0,477.7401641341876,679934.9226952229,589.6112535499102
430.0,406.92999948279447,588498.8274021099,621.7763717987627
430.0,1026.9169396619695,570.97511262882,781.9687939681429
430.0,395.7795200401841,304714.7400477964,667.9246720822532
430.0,1127.7348786611035,530.2201942152369,846.5772089647177
430.0,1087.3414527025377,542.3654438107094,735.9972367844235
430.0,755.0143521287399,9449.843276954476,713.8791522833206
430.0,504.3535300708721,204760.8161946951,690.1932725299438
430.0,868.7064163939767,2266.7526430661924,747.516089972046
431.0,717.1996032622326,7866.717373850708,737.2963184745856
431.0,645.1113683960835,38624.04578130526,766.7815344648154
431.0,1161.9129956302747,518.7671161643303,834.8916902867479
431.0,357.84198376005514,450470.2260869294,655.6656760505416
431.0,1117.0408817246446,548.221472696636,757.6263773064699
431.0,482.4321425065133,178672.6412649728,693.9751713883347
431.0,1054.9618871444648,466.59064566669144,846.9043401266387
431.0,372.98519952239093,430098.8764587369,624.483391103771
431.0,359.87793903106706,241285.78178682597,630.9089285489349
431.0,1016.0200917006064,721.4056645794059,717.4279349423829
431.0,759.5883379543449,37542.005396267,731.1183728096323
431.0,713.5829224788346,32114.847468493033,736.9983974734795
431.0,532.4388069589982,49943.20119361289,730.9159315619454
431.0,836.8119180893774,1901.6151543483966,769.3644374817529
431.0,699.2013925091379,30653.85556851596,751.3714922411701
431.0,1120.9886980522035,1169.6778780601057,710.2444408922429
431.0,593.585547905944,71262.54030463168,667.979003057547
431.0,342.2184591914205,503819.8046574669,595.0789383161086
431.0,819.5867101088226,556.5728849162105,798.1253632176201
432.0,947.3498749056042,1366.455318916098,752.3543583892063
432.0,554.8429408512413,24153.572809322977,738.3460940046806
432.0,854.7130466150309,1526.9927551729597,763.7892963586404
432.0,782.1673189679005,90187.42401046571,705.0060893366599
432.0,365.0626876568775,308848.2408102233,655.0440177156484
432.0,441.6626196218437,479738.0473775681,616.8401164346691
432.0,743.144734224569,12022.205259775947,789.3265959592342
432.0,773.016054930703,15304.049623823483,786.28152491654
432.0,589.4938216716741,40770.65060394103,731.6994829409294
432.0,331.48641939618443,562367.6377546057,630.2773240567627
432.0,1194.766253417078,5027.5309325296375,728.2880955749667
432.0,749.5249111008401,526.0807277826966,788.9425763100768
432.0,642.2479805210367,136065.29307283944,720.5390221402427
432.0,660.097180611226,75772.96558843783,716.5587112723209
432.0,494.02407400180874,853266.7158680414,601.0012236549087
432.0,1126.6703075432708,16392.27273277619,740.2316594965325
432.0,474.64698699645544,716939.0896703216,612.3792877548267
432.0,1471.8007176355952,573.6271819546646,714.5056713318135
432.0,390.7570981479773,312597.6057483442,629.9500729850249
432.0,394.06359774829355,629147.9647263443,618.09575005547
432.0,403.7305638332078,491956.80848559446,620.8289208417777
432.0,1437.03321905974,2954.1133658256676,732.5958671808334
433.0,926.4378864223177,43759.67867265917,688.0069404661916
433.0,793.851124929146,15678.385486683273,722.3648243073286
433.0,428.350380984838,680707.4846980602,600.4833222732121
433.0,1025.78432395566,2048.66102691152,759.3843880802785
433.0,579.2116312198992,55271.42604714112,737.095979820682
433.0,381.70153358085145,268124.8579794072,662.4767941496365
433.0,722.3545080734914,47925.087501386646,725.4820327564566
433.0,542.927190957662,109292.26152051166,739.4142765419755
433.0,946.047512743058,40896.6340200426,721.6421871886996
433.0,521.1477978758129,412779.0526406971,636.0430907504539
433.0,781.5324452434737,16428.23479241671,726.9768485531721
433.0,420.35856903812805,409716.8648192399,650.2404834164487
433.0,613.4904121011301,56955.357320782045,710.9856074212674
433.0,765.3370354555811,11038.240206978244,784.1180548260726
433.0,1043.681494517087,9362.600756789374,657.4664657007156
433.0,1007.6011738831901,4197.916438014444,718.6929901858679
433.0,896.0285671545922,497.2055687302349,805.8236025616753
433.0,370.8241330590891,436572.1481919902,620.2135380407491
433.0,644.6543987461332,36285.432933549164,758.0517405701992
433.0,1238.3041612151064,565.2987039016441,712.0775026695342
433.0,1140.8654830312717,476.28086955609785,744.012736162396
433.0,495.7401448972449,318537.1011740314,654.0855611281436
433.0,1100.8964947313054,545.7841728606675,779.7020431441915
433.0,626.9931350907907,90807.78282847565,709.8947291558417
433.0,525.9036918193732,340704.3895525576,646.4209528017943
433.0,769.94789433726,87728.38288322772,686.2556700631974
433.0,535.2001762225302,253073.3815513038,698.429845043724
433.0,846.0836457777518,11283.183906315198,751.5553316994095
434.0,397.26328673950513,777963.8617139179,595.3879854568117
434.0,406.04634016080786,559028.1277849926,588.6613840073094
434.0,689.5657412865609,69489.02802763718,681.761157390492
434.0,477.9577306384916,289866.56089017406,659.6751228138576
434.0,396.2005923701643,537459.1622926656,634.813063307738
434.0,370.14417336924714,575841.3218491933,608.8808776024932
434.0,712.9182680990106,16515.58415200937,701.1947489317021
434.0,723.2613649902113,50994.3819368517,700.3817327846199
434.0,407.00206000411407,504396.1151489202,624.9953171257806
434.0,400.5437122812448,328017.18297100737,651.6812953785814
434.0,770.4443281369709,35961.99223270472,687.4560938221432
434.0,454.1561609080176,669626.931744664,584.1450063360297
434.0,914.5125361052685,38320.792581901835,673.2160656394416
434.0,1572.9965915660505,8045.166523006208,704.3116674954902
434.0,885.854949037617,2605.040676608619,709.8523440083969
434.0,430.2499534751538,476260.54979360435,629.5006532662164
434.0,332.2647717314741,673153.9931908651,605.143611890473
434.0,365.0385661328131,330886.3626407365,662.1331747916394
434.0,784.6158210286054,945.1690958123568,738.8634201200639
434.0,375.73423985254095,582800.0378285169,606.5877661717205
434.0,785.3263127850886,12284.136520401406,719.8724545911239
434.0,843.9750946707939,15059.183593843742,717.516900102921
434.0,499.72764797228,259998.3327290387,697.6639497788276
434.0,596.8595532991123,40115.650633107965,735.1475886190101
434.0,651.3211361133469,55010.83427636658,722.3075071206756
434.0,463.0290814753949,374135.0558891641,633.2860600622074
435.0,606.4396175950465,79353.5054007512,723.0653054644341
435.0,947.0359752375293,447.4580678023966,799.4286360867461
435.0,391.8338499257885,771108.9297878626,631.450963153189
435.0,685.5516066398382,20032.615503007495,734.1710527808939
435.0,833.7911867401045,93814.95802730646,699.059570367085
435.0,400.57618180538384,692090.5458681402,626.1448235493707
435.0,743.1535829753851,4714.4985087532605,746.7843427881666
435.0,414.2939466958511,566512.5007424582,608.486316232409
435.0,394.47682506084294,764195.5702466152,638.6654203435064
435.0,700.6617806516113,12505.45813172749,737.4651954274616
435.0,843.3847200090776,3383.118781686255,743.914266120953
435.0,457.0970506937664,339532.1041358968,628.6944781715002
435.0,727.6363248108313,6662.6501172560065,764.8606917636528
435.0,593.5093836895243,94402.97741611463,732.1153667092148
435.0,409.44899416058246,571197.291083107,614.4298421510256
435.0,765.269141636607,579.5572737994207,766.4753762723471
435.0,378.2663328042442,437933.3866803666,640.3781084116497
435.0,526.6401759478885,289870.76784745004,611.9419616316183
435.0,411.5362861347227,352350.73957007873,702.8850537084456
435.0,1160.6620397105912,548.1704491308923,723.2348709254708
435.0,1100.2546816559516,743.433252153994,749.7821974755908
435.0,632.5077470841926,21321.570917802586,699.9814579392084
436.0,879.319766569044,55955.04696894667,700.1948127167459
436.0,766.9011024004419,18359.284407145344,715.4613896442564
436.0,356.48147877384093,476714.44305951573,651.0034924922903
436.0,506.6676043066764,219253.93288341313,680.635905039646
436.0,380.90646492922315,590592.0208292919,588.4398917550391
436.0,571.9590238089544,21516.486925859892,745.4265602336253
436.0,715.6435128411838,517.2502513627637,781.5101736324734
436.0,834.8795131814352,13667.276456966025,770.9775671218645
436.0,733.8207138240667,22477.435869973313,743.872713591473
436.0,846.3869421538293,552.5851994845859,741.7240980778091
436.0,370.7682688728328,504846.8658608037,606.5822640290993
436.0,751.9291071981351,26750.64670327732,733.317233617791
436.0,1003.7973511201287,485.5335165804614,781.6429830290921
436.0,339.43175945956915,603489.3009311815,669.655204692925
436.0,595.7020344296586,80056.42860949956,726.8181945903702
436.0,399.94103088170806,239170.8447155635,617.8587549682883
436.0,1076.0340099984023,4877.733451384396,736.8255068082207
436.0,1415.206077638677,10169.123689502292,731.7548834115879
437.0,349.1494568929343,385471.58138103853,648.5275547376843
437.0,387.97879183040527,577046.8826785516,620.1803166352087
437.0,732.2856268103694,129134.42806939165,683.4501734636196
437.0,377.64921928638216,571889.815388353,629.097807941665
437.0,921.6808298819777,11990.21080622969,700.1276192704611
437.0,631.8094921229684,44329.37228366495,728.9378191360543
437.0,561.3827173462785,654072.53013221,572.0448167040846
437.0,557.2354501068698,111853.8431169524,691.4908674273368
437.0,1104.535452306752,11617.315857895903,722.635308291061
437.0,1071.587538868556,711.855859227363,737.9559350886695
437.0,445.6250246586661,350664.34720090305,602.8549195462747
437.0,356.3073034177744,183699.7413270304,653.9924326700512
437.0,451.7825257838337,482115.4481605828,599.2085793639916
437.0,774.2048275657606,3842.500117506731,745.162157868835
437.0,734.6126033952831,26810.88059226725,718.5799846372223
437.0,445.52308573350217,272971.424665385,652.5003070959889
437.0,1085.6422261251673,503.1155482363403,826.4850141611073
437.0,425.2025817810687,707925.7586110925,619.4310185462492
437.0,1003.7053363691954,6920.149010640222,739.6461348596233
437.0,514.0021789128687,159045.8955196026,743.3265082904942
438.0,710.529012465152,2572.835010592342,733.5514437149247
438.0,542.4384583532203,232344.8979695369,764.6092591914789
438.0,772.3816954285377,1551.2350349942542,753.1624350271081
438.0,705.5802569145163,5092.3595675880115,761.7536695411018
438.0,433.6634079852491,305791.78433062753,672.864955588485
438.0,420.62400511219306,422148.19713188184,658.9596039242807
438.0,440.1986134864788,533675.2399095106,599.2409234306211
438.0,724.5889101000511,8225.610245471664,730.7566567971127
438.0,1019.909500074355,21319.509138086465,697.5423542590073
438.0,400.4299264316685,714910.1911299777,650.4120968213402
438.0,472.14198921805,287946.911597539,661.6185856667158
438.0,1053.5439920214408,705.6128939134136,765.1133903118509
438.0,421.68148795695924,321635.6618103148,645.776606902913
438.0,493.4335757966264,269585.1243510487,672.7710581860624
438.0,635.6860607634791,11313.124723544675,718.2985736773876
438.0,404.1830454335545,509493.1014443412,624.7496138534165
438.0,689.3696070169151,38321.17636855235,697.4148898428492
438.0,608.1819697667672,193442.57307896906,668.3086600341211
438.0,633.4270189146484,49216.13548098076,696.8616126213813
438.0,429.9021384073958,419090.1882221568,604.2563109872278
438.0,845.9415260551217,558.8254424703881,773.505514227641
438.0,1219.7709887748813,16394.88090094877,696.2407220064745
438.0,737.4861723596689,759.7869096285524,769.4901423227251
438.0,949.135572703442,517.3218881662372,800.5140191004737
438.0,376.07708423545824,392434.63040702464,688.407113742815
439.0,961.3729324502506,24479.026518070474,702.8575771353486
439.0,904.2962485087128,5878.451087340083,765.8590815717332
439.0,922.6054300013267,8942.399132348211,723.8999521620591
439.0,707.5181743763914,40901.34533656477,730.8146927116087
439.0,666.8288052382845,64520.558757421066,725.8552280351399
439.0,1051.8530519370138,883.0408006508497,771.3307664567675
439.0,794.7328036100251,17257.50292493357,736.203391594369
439.0,696.2160663153038,39752.439861290375,741.554370686648
439.0,433.6583790901946,310726.8378333927,665.9749904349986
439.0,729.2195256064052,2156.2243858132465,783.9110411459042
439.0,1156.5016539642006,18288.607826468942,697.4034136124487
439.0,860.2845036187848,76849.62169557219,707.3193550587251
439.0,851.2927079184275,32461.51749449944,722.8174296851765
439.0,734.4375610534235,99229.99434463831,721.550495791316
439.0,393.3517381447883,221277.91863904326,694.6671503913707
439.0,739.0725316397571,6993.598260027813,739.6220916358317
439.0,1044.155720447644,5245.080939058157,738.3112498112948
439.0,462.0301602896652,279376.17346651916,655.2242745584999
439.0,345.7394010605543,501221.0326701174,596.1179674077919
439.0,882.8802816393845,54770.85074518925,703.0008990726938
439.0,1062.2031358892928,535.7546279920872,734.4575502898043
439.0,439.80863055851324,385777.4665333806,655.6231121023691
439.0,924.474377107119,596.1146948220777,784.6475080062595
439.0,643.0001533118532,55424.95676606843,735.6304920252188
440.0,598.2780868162027,62947.317946185874,716.983066683785
440.0,341.3940612850752,347166.97339986434,649.5530914133772
440.0,477.5166636523731,387870.198151171,617.5225199190526
440.0,395.1102698873772,449299.9326613508,625.2715185530421
440.0,673.5275420072669,29939.96687256077,654.2168502954952
440.0,492.1378241722494,337374.41891418205,661.2331092204478
440.0,398.3637365769296,486097.76794001996,612.0812950861573
440.0,868.2816931377365,525.0356105067292,806.0733372974993
440.0,818.0941961151746,1137.2396465898303,737.3024072379264
440.0,943.675215461607,18214.095109402784,711.3396532665432
440.0,762.6896532704535,561.8685282354711,769.6410166667823
440.0,559.6263095737797,21605.11105211831,760.7450400908516
440.0,923.4998795876892,6637.01609338376,733.7581856765904
440.0,355.9459589286614,602105.8515032651,607.255422411417
440.0,528.0006051902562,279047.7651650738,673.3322158592266
440.0,423.1733913246251,662143.0882820393,601.2735226008386
441.0,747.790618664893,29946.616731526978,733.3991744451145
441.0,383.4200102351161,542195.7462611294,583.8111496465614
441.0,1059.9698679127146,466.41944179836287,799.5850617811449
441.0,378.7137641115683,301733.38463259884,662.7297921060925
441.0,1007.7496332471012,464.33846490583556,814.8789554070506
441.0,1405.0169022538023,5825.9028127889505,731.3827438094627
441.0,588.6016428749714,13020.664780452666,736.923310868179
441.0,619.793137920147,80545.63178424507,673.8820014371531
441.0,467.6913242842477,169768.56575799882,665.5182371099368
441.0,373.4576499033743,376228.5889380409,650.471556747046
441.0,802.1041383131553,2008.9727817054481,774.5349677113428
441.0,815.075613438396,1468.903440164563,747.8777077296371
441.0,827.1665419504458,474.8440976867487,785.5675186473854
441.0,1165.619475624778,580.1836261328503,777.0204454762832
441.0,550.3631666244255,43264.19376944407,700.091709193044
441.0,739.3018751913664,39347.37097956246,717.2137864327806
442.0,754.5092724778711,23899.164729156942,766.3548401921108
442.0,492.96861663971646,871511.7994505181,617.4111154880296
442.0,785.9556358628655,9674.116892096368,719.4840830195844
442.0,642.3363077555928,52131.26971987639,741.4265571168347
442.0,875.4244075167082,517.7651380037221,759.3867653979245
442.0,546.4467793356321,68743.95453801214,693.9879915694878
442.0,751.0339990019297,44285.179682555485,749.1935512374212
442.0,352.380166599917,428834.6816243468,625.9131224688525
442.0,350.5062190718035,661115.1010537271,644.6579660703887
442.0,630.3513208296199,52585.237283069495,753.1748845739083
442.0,842.3570331548772,3056.644654747272,745.7671019855362
442.0,584.0833536165995,62838.44888099794,701.8879891324889
442.0,617.602003859374,577.1130184509103,803.2816826787579
442.0,1007.0777391910519,520.1745917824242,743.6248188624319
442.0,397.42160586522067,581499.2880888,618.68863555017
442.0,469.10941958221713,398087.7548277624,694.4061851402382
442.0,777.2460810042263,39319.866585123564,717.9191493134165
442.0,826.9549934649082,562.5497348815169,771.1086680866147
442.0,813.8143452599145,7056.064069164135,774.7514480764546
442.0,1099.2865676391204,1047.5336378340874,723.5865807792921
443.0,320.3768943124036,441088.28458220453,659.413811927987
443.0,391.43943811611155,331693.3131264319,641.3889312568494
443.0,956.6041686858955,563.8016196876306,778.8498909965238
443.0,850.6733299095611,550.4642811024743,791.274917414233
443.0,391.193994604413,391784.037800314,671.7387008272441
443.0,667.8786310886217,45629.34592823491,731.7830525120231
443.0,389.4110137086463,293711.9911903574,716.6690974968698
443.0,1019.6557121282655,500.9884018109743,826.3201668211084
443.0,670.5695235493396,93816.62529725277,704.4258347985291
443.0,424.33533548199836,1421926.5011928147,567.8844408435357
443.0,760.2175278697763,1161.2981642034333,780.2099194282424
443.0,1118.7495267753045,1093.2752883439616,739.3799824815975
443.0,463.2152049313975,277256.8755663614,670.3858521058626
443.0,621.1266393654156,49421.85259945849,735.6587175767821
443.0,405.68941831014547,319433.8995817339,664.968295037436
443.0,725.6095020134405,34071.02438498484,709.9780171348709
443.0,345.1332605238996,589353.7326789717,610.331696755853
443.0,751.8238549283105,9557.496666271338,729.1933321485558
443.0,837.41487715648,567.1986870683922,750.6173433334345
443.0,992.5091546225526,510.48844054133406,787.6196594626412
443.0,470.47626478995977,221112.25921611913,675.5474791641238
443.0,541.0829029561546,826348.8610978833,602.4769534384965
443.0,443.5994330540078,301784.7766886981,682.3018494639799
443.0,659.1990209215293,24812.981930758182,759.3784115757439
443.0,381.52517878039,350874.2881026752,679.9043695480176
443.0,415.90204320156926,517015.9197381891,615.3277414577261
443.0,340.8253838980753,646462.7222308649,640.7791719631877
444.0,699.757970396806,71597.4570328013,719.3182566339518
444.0,416.5200868422053,347935.93166698754,632.5872229107468
444.0,853.6545428331679,510.2568367904046,786.5362294555771
444.0,932.6956644673079,946.1473075013218,750.531781138958
444.0,625.0262726624334,78064.40483763916,714.5494610594859
444.0,837.9709976407025,942.4106806227793,775.6235370616065
444.0,881.6458966284276,2257.416628775426,770.650136497119
444.0,673.3856408861603,25428.975576591656,753.4921080580416
444.0,754.021720207658,56711.08399882245,747.1796496751227
444.0,386.01637950506193,997615.9267227845,615.3969940108811
444.0,824.1899698576494,10084.127302105318,765.4409663616242
444.0,791.5302820905122,135370.5169237652,714.2933169191258
444.0,754.938823171285,27872.419189359884,735.3296673337884
444.0,1122.1573096936174,533.0167240403028,733.8110982100095
444.0,681.7072753432046,52375.53466164703,753.3085978747024
444.0,793.1672635378892,75606.08412883486,714.5018623581047
444.0,349.0503503490697,439104.2762106871,628.0127809152766
444.0,427.14358232945267,146112.0876530494,706.5071329510225
444.0,606.7759151493241,114071.90983972678,724.4842872804502
444.0,398.6700896085165,544290.0582798697,595.6130739643615
445.0,612.5013921679084,13573.142609225773,720.0974894237563
445.0,740.7967566334456,18941.7147737212,675.1594803142291
445.0,1027.0969380298134,9968.91220003703,729.305756034869
445.0,640.8569416894893,41047.82067972878,719.8910506558834
445.0,828.3992845234256,943.6177021333965,790.242914251849
445.0,748.2854400655757,13126.983344765024,732.4061523009
445.0,1119.8098409209524,500.6509188961459,826.6016397564505
445.0,1136.7010784843587,488.1617608002244,873.4042202269172
445.0,1366.216903461905,429.0553660764623,866.4171731423213
445.0,400.08442294113235,296185.2208082956,609.3426144184808
445.0,879.975116540562,518.6693718830489,796.133438479226
445.0,366.34423920489616,474646.0811715364,650.947972177464
445.0,1195.869309755666,6732.085983409818,728.1058820727749
445.0,659.531896415008,15218.900899876775,713.623744206831
445.0,1260.9198756847513,9253.29859194211,709.3117937708413
445.0,358.67596150322595,829854.1063215302,632.9606787369097
445.0,960.5941552971423,522.5410394303102,792.9664530608843
445.0,831.4477463253207,752.1465293565318,770.5872036654735
445.0,421.66823582806796,270072.16380450275,632.7330918331096
445.0,1235.3057372313722,577.3696826894208,728.8911790752095
445.0,396.79638064413655,398331.27533602796,609.5527500012014
445.0,395.13790681388804,439156.18527699716,610.7722442900795
445.0,562.5821801842691,45862.41036842727,740.8653657536798
445.0,612.7416445334891,77301.17687375496,682.1329854411536
445.0,984.9662868588417,10656.637456062941,741.2264335478111
446.0,1035.9722598831713,619.3063240638246,808.813206370983
446.0,750.279462008814,7860.949302724786,735.6760830253402
446.0,506.1933707023962,396573.5943851794,628.3860290750226
446.0,1236.4251669745472,565.7737426047739,880.4561625628219
446.0,754.1182979688678,4145.612376391046,716.8906095531477
446.0,493.15343064418215,573531.9638485197,582.5699300445053
446.0,374.51188852825425,231621.86535329843,640.4012014873022
446.0,1200.5622047401691,563.2312591505955,893.4334601918283
446.0,349.6357848902198,594654.7227984783,568.4978889388772
446.0,406.41527423293667,502916.9076621787,637.9152737081291
446.0,1145.5320215778504,567.1255116421664,807.8576633252177
446.0,493.019800992123,223169.14883570003,679.9329742657119
446.0,1398.5701187277557,2371.540142291175,779.6773713702688
446.0,636.8503462930469,9173.54351090267,720.7634621592914
446.0,1550.732123481123,4129.986410809301,741.35822703079
446.0,602.3019842991187,148552.78695933745,701.7744197609913
446.0,1491.3316748000325,2956.575923855711,750.0615963942305
446.0,413.15823347539833,563236.9241758758,611.2307898353126
446.0,1385.764383697388,36575.76901855934,674.9420427791252
446.0,1106.719335757643,3004.6697544620356,756.2323921217976
446.0,775.2767665721262,28135.204041559835,709.3951932726222
446.0,1593.6780248562102,1233.9258168705123,705.3486101838436
447.0,1219.0381755809328,6228.45457011364,715.1243136158441
447.0,882.8831417415464,4041.582134649824,764.6573681225805
447.0,595.3597146058092,27129.57291971218,741.4754981175238
447.0,921.6399291780273,512.4615108566798,769.7184078683532
447.0,606.7169688134464,32664.40809505329,736.145072984892
447.0,696.338543119589,5773.341885247605,743.8685482454395
447.0,488.3418983923381,203192.8746600039,615.3242565509905
447.0,429.2242488202819,755349.129370407,592.1934590091792
447.0,355.70508888762225,397618.6871118306,613.1045641035984
447.0,844.4192016241527,26779.058538851008,728.034800201991
447.0,749.374792109432,42768.25144669639,710.7661740912192
447.0,1052.4993100875736,452.11028053571124,793.9947712121882
447.0,1259.92102434108,943.9088994274151,751.6181385866378
447.0,443.9892967879066,369692.9298012411,581.2731359649088
447.0,366.4301023491398,245064.82886399675,638.6107340662053
447.0,804.0531496417025,11718.690677883265,729.7864019535399
447.0,791.2941872532829,563.8604148578058,788.2345912760333
447.0,1258.8887255587072,1450.1839998637865,757.8063431459112
448.0,372.2884750952103,344839.8708506633,609.1666263980941
448.0,635.1601038102182,146971.2323295901,681.2763993482729
448.0,1228.7398269226396,489.4098742878856,838.402395715022
448.0,597.8593383284729,74495.09736588491,729.2525234029627
448.0,334.2416288141865,437577.2032533286,661.4507770302068
448.0,1006.1196538804678,60074.23438578597,707.6035916251425
448.0,1018.6123466053539,4618.045840487004,775.5541978711377
448.0,899.1728082334018,1800.234145571667,785.4974979108853
448.0,365.3526348760447,474761.5911606106,646.4635365689819
448.0,654.8574196909574,7424.610399229559,731.7890767650922
448.0,617.852927709281,36802.26789313731,738.2518798465524
448.0,1376.4252091526398,14529.172829197983,693.1253983090893
448.0,949.9720185118372,523.8198768431079,781.9482015319742
448.0,405.5894784376197,273988.3674362032,643.0416606255022
448.0,400.9244129732364,337734.31182728475,656.8230647666114
449.0,634.2132019487931,73646.1557831952,723.3120626288476
449.0,532.2681540563234,66295.46332444489,729.4815400758914
449.0,415.9933132241605,407072.42869992997,623.1812359538095
449.0,861.612976163502,1762.610182248306,740.6719271038532
449.0,381.9201367002,993311.2795396856,638.76812986151
449.0,337.4094928739295,411013.57116303354,643.1438760214987
449.0,1778.5464954109298,7184.1791981411625,714.8443063608618
449.0,444.07764384205,497229.05853593635,612.582516848371
449.0,447.94811645027704,396708.8586301712,632.4704311761004
449.0,1266.1119673057037,474.07045309864156,864.6089081541973
449.0,942.4074420587887,20878.283762153715,683.7520026185521
449.0,1337.3176747177695,1250.1544732585783,728.9127047849069
449.0,568.3920667498433,16917.03057859533,741.540092235738
449.0,930.2753517708802,559.5572808137443,810.4153540516601
449.0,686.7374455333477,53546.16848271116,702.4216741204383
449.0,578.430135005116,49841.958812111174,736.936718719212
449.0,745.2239641026898,25126.668203489247,717.8362266460076
449.0,809.9114260217141,3545.691629538036,767.8695506249842
449.0,1083.6457643563808,569.322893441451,751.8140390939541
449.0,457.5926737744226,340040.36271333497,635.9206822925069
449.0,875.7319176697894,93295.40950937415,692.0973220509717
449.0,439.8243434241594,382904.64314572624,639.8358153175062
450.0,960.5036055686642,6784.114775485439,758.8812548034128
450.0,620.8000206745302,79124.28063376826,694.330730130046
450.0,1031.428632754681,769.1278654324472,804.6475385253668
450.0,405.32792982759764,329863.574293239,647.5301325476725
450.0,1083.66615561857,575.4657764088892,743.1110415029094
450.0,357.66173196726794,472629.96218336484,628.6120021469096
450.0,1178.1987924604477,463.3269698972269,812.8018543556572
450.0,422.6337969463043,322357.088601586,626.2187810022839
450.0,650.0692890487375,10413.832818515968,732.8950784135083
450.0,792.6457634915682,16500.402370367014,723.5154159653401
450.0,395.5810629007554,513988.3623929896,573.589140122078
450.0,633.8080355929525,63217.163649469236,724.6216378778404
450.0,650.8630913816652,28091.80845584458,665.4190644390092
450.0,1002.2536612397527,933.5444311131835,836.3951003931212
450.0,374.19201551887744,896581.6231162554,571.1991128712272
450.0,357.8230642546237,429948.219595485,576.6657727589943
450.0,537.2436360637706,64041.24255908523,748.0988949741593
450.0,970.688447304027,1449.9022149748366,735.8465124377246
450.0,811.205170598345,8244.93572136692,741.6675556475162
451.0,382.5514817685152,661877.0035147625,614.6390421655325
451.0,905.7279098258689,59247.18166532819,697.4533054887722
451.0,785.8599984176517,14515.529567515772,743.210591146167
451.0,529.448733500192,206189.57050174408,697.0201409696309
451.0,762.8348514552229,31207.179889930354,736.0543314350407
451.0,866.4529196879006,1215.1522010663357,791.5574997187406
451.0,418.66742432897934,422684.66971263726,604.2796061269448
451.0,803.6244873264151,30186.059235633613,701.8628326407704
451.0,566.2388733471174,139198.9620809574,660.9155269487482
451.0,1025.4358661058493,449.91977441325184,775.7355196128626
451.0,370.2087901158107,429307.6376830635,675.4011551532316
451.0,386.13472333402444,542904.0786519154,659.083961083125
451.0,1106.00983476299,2240.7248918733003,738.3093402257147
451.0,843.7407681162912,15676.08797864337,715.1248521559663
451.0,419.3477896251096,837087.424992822,586.4316702937284
451.0,849.3608608658714,515.2064738800065,793.0100225144923
451.0,833.0843940244861,2032.288781390892,767.4169826855249
451.0,824.8464641459581,82149.77103881532,692.7711081883909
451.0,738.6433659130495,9182.11271601766,775.5712533867435
451.0,754.7019540759349,39529.30372519597,718.9796525980747
451.0,434.24450153401176,294185.4020064721,621.4835629346474
451.0,713.0352389304367,32469.171993381082,750.2593419524045
451.0,974.1111924998431,10985.366780270526,764.7741367388606
451.0,402.09432517293345,552737.988022236,631.578944584425
451.0,1305.9650164069822,569.9580910899275,712.8715624040508
451.0,785.9325468380353,13023.81707761675,722.4616830607972
451.0,427.91045962296494,248601.48127932518,627.4929755699357
452.0,779.9805758889428,511.95390174046724,757.0452893506273
452.0,681.8954480599674,33171.47912269371,745.7345172362071
452.0,819.5852930338568,5885.979124259012,728.8103413174434
452.0,1085.3066005585986,1095.7465871875177,750.4746274599694
452.0,778.0917601608518,39599.66282285992,727.4029692169821
452.0,1369.6504363408917,460.6225149458628,911.0937366879001
452.0,377.1341989380631,675805.3502037077,552.9003272954718
452.0,808.7628364002281,22716.711605264085,724.812558953843
452.0,1030.128362110945,465.95873178161855,784.0361065016166
452.0,1005.9169443011627,1802.4694674749296,697.3751519628476
452.0,775.2889386837319,5222.225484677702,746.5497082300017
452.0,674.0940444990076,31748.228515452854,754.957639349503
452.0,1379.3148958016059,520.5780955858925,713.0553543811428
452.0,460.1399478353724,287918.69859162497,655.7751361038565
452.0,489.6596519940882,273954.6819828391,596.9776556155894
452.0,675.7276490839212,89939.06237276542,725.8358756175242
452.0,612.5618013833208,127400.09733175168,707.8631187394715
452.0,701.4450059559783,46044.78502437518,671.7565358877476
452.0,864.6885574436379,6258.437608252932,708.3141147799088
452.0,638.9543379779152,99501.2657224519,742.1541292863443
452.0,342.6495577942827,683772.4011845372,584.6587597855872
452.0,338.93012120287113,412032.4301912383,613.8837455859924
452.0,393.9955956525627,356016.84450261213,634.3432430965556
452.0,660.3048297335563,48267.12219568265,727.857805664672
453.0,393.5554728308978,427142.4349978322,657.9768972551622
453.0,472.93392756709727,289533.4888048013,677.9968110908484
453.0,1184.8534169080497,541.2063998908674,725.4332556419248
453.0,416.6486022571024,538265.1840318613,596.5824178256458
453.0,707.4500024691769,22473.084247491945,747.3029535566426
453.0,373.7768050496156,538718.7610628085,624.8158015925145
453.0,2203.007654265321,13962.395671281944,709.3980766915392
453.0,500.3127588196029,203980.19051688607,679.1968188694148
453.0,420.47268657392095,242091.3064500557,679.2946348672998
453.0,401.68444514756686,374439.83403471997,666.8678083289702
453.0,646.4599021863262,63154.414513065676,718.3227318406726
453.0,695.3493026729141,150753.26767132521,710.6236605109395
453.0,805.4537852569408,71685.70450278267,680.321774869875
453.0,754.5221193667569,22656.836750251012,741.2965684365063
453.0,948.9028657931237,507.84189552355446,774.1654725829809
453.0,975.7138513826295,570.347313321727,762.8053183480736
453.0,574.0837627505076,121964.65852709887,722.692953776276
453.0,576.368026653915,36922.637918303924,733.9320241431958
453.0,953.7962784432918,2021.4955861252859,759.2028630980542
453.0,378.36372251260417,507945.6386557352,597.0419910649748
453.0,639.7936344420226,160975.1134499553,697.2936332147804
453.0,397.08017857242714,487278.8316926772,613.0055675920454
453.0,936.5839434130793,533.1043611084108,839.4404127030487
453.0,769.9024224193827,2623.447147432115,728.6337897351858
453.0,425.0141726515866,430546.05250560044,648.3195025906726
453.0,710.26507010793,92227.49461589973,702.2006216884447
454.0,816.6385979404822,466.6149137372071,816.3688187088554
454.0,394.5921618627777,389561.1802083078,607.0044686901512
454.0,816.6290783435404,569.0743697849664,733.0299482269158
454.0,570.7065113337767,32615.597846918536,777.888540024256
454.0,953.0132705651098,2031.9332752961895,728.4517809684564
454.0,409.38686368950476,424112.17412904714,582.4468003332461
454.0,893.4219478213299,58814.403054684204,720.5922226139295
454.0,869.4599477717055,495.4589104615327,757.5128160616553
454.0,731.9077020186863,12224.294772653355,764.9456380616969
454.0,681.0580619017188,48737.83401357428,722.0025193601882
454.0,566.0156395843218,89118.57789558625,711.4680654741937
454.0,697.7891501573423,19840.596853373885,763.4841638701708
454.0,359.7853127984802,615606.566022249,620.5564098448882
454.0,716.6985069946357,83711.23249856076,703.9847717990942
454.0,579.4826033587027,121224.11190031534,681.1730368706661
454.0,1058.1856785632353,22974.677595649882,717.9706963658803
454.0,422.9718065746329,133290.62758561,686.6503124826188
454.0,805.3907232448951,50123.67886498828,721.5288411045792
454.0,815.3749617398166,11323.584657588342,752.5123418086846
454.0,642.713481918822,82781.57859941376,715.6870051709524
454.0,658.2411967050006,20634.246239658958,746.911313315206
455.0,472.98353617356497,390314.43924562045,588.9265175510544
455.0,1032.2650824518137,587.7939294829041,791.3877700670963
455.0,968.1480713901892,1981.799787658524,776.2201599341786
455.0,944.9691261672782,9702.965089197396,762.478634918304
455.0,1001.0760090415127,1143.3203864834734,741.4325611308758
455.0,891.705233594505,12660.459975202972,757.245614416552
455.0,893.929630715482,15464.92225733506,699.0162500016789
455.0,434.7108625287467,459929.2915295458,679.212570662013
455.0,739.3111518199138,14488.601057679096,716.648269830004
455.0,976.6080918100057,2398.449520924952,693.5909321459834
455.0,660.6492496749611,19612.77092551389,749.1428254890689
455.0,543.5458317043671,329027.42439837044,673.0535453105997
455.0,859.7494679455046,21036.407805477404,713.9284235602879
455.0,950.7482288018632,463.2046944787135,794.5108263159848
455.0,1217.7754777856942,573.9360718888823,713.6352310136897
455.0,883.9584142485763,576.4068317621144,812.8781417198988
455.0,518.1155482782493,332178.18859080225,669.437961608863
455.0,468.743308542204,414249.2129951452,670.528434735385
456.0,360.6603551232153,545301.1886462991,647.1375101854334
456.0,1283.6534822752183,500.5781492304825,882.9062181468526
456.0,422.06344550916265,401753.47457493213,630.1363406630251
456.0,431.2271873338981,424059.5759365171,587.5163404437551
456.0,419.331781829805,417904.29944519803,643.6709042666516
456.0,393.08256244471113,582136.9538062981,598.8953019267163
456.0,992.7236605576213,5011.78166583553,717.891239557915
456.0,921.971618750623,26722.95454879988,721.7870825084707
456.0,545.7936701585338,198431.66514922155,750.7588260120407
456.0,719.9825726427829,40193.26248954573,702.9166908865261
456.0,1068.825451651266,637.9573967989998,775.3544015878747
456.0,771.6202822661122,626.9690808423293,778.2787183378824
456.0,603.1341500848448,33867.77084322646,745.2108441822221
456.0,1018.8112825018701,1656.5902179382765,762.3696612138848
456.0,562.8434999903105,262891.7673306074,723.4844037326907
456.0,670.6358552477792,15841.940165723347,747.5997377314688
456.0,1092.509434155765,4072.436916114552,721.1074414008502
456.0,1201.499088388794,502.1448263061351,763.3203521450666
456.0,1018.2258554513551,558.6422415430771,812.4181522702775
456.0,745.6473753989585,1753.660510628882,725.574811412557
456.0,1024.6131786636088,31978.151703417407,700.6065763039912
456.0,1093.3155218462937,597.1592319427893,775.4204638546291
457.0,798.8735749189602,569.252558594569,746.8949805493912
457.0,571.9591579062761,62764.67897715138,705.7380636275865
457.0,503.9906631147499,308603.7573668578,662.1094198309897
457.0,456.586491795337,380390.79978648515,650.4311225794078
457.0,584.8964186713731,61968.65766143016,739.7394615202808
457.0,431.1863072925854,500367.7124855088,610.8046650309238
457.0,1017.2263174641795,1434.4145662812289,740.9904647355694
457.0,380.451937874085,560371.023335989,656.1605938455965
457.0,479.1838130986167,390090.35168561194,636.4269260756362
457.0,431.9261145780877,197872.3596777106,678.0028442914673
457.0,613.8837510769022,45861.86589770798,712.5791694458104
457.0,629.0364766821759,55169.09820039624,712.56022042199
457.0,1007.4104293510594,2587.8013011845796,706.3441896837485
457.0,389.40861570915274,561714.7417849078,562.9349205999757
457.0,1033.0277456573144,568.3144557668443,762.434707906855
457.0,1136.8364697033962,493.87214714749155,823.1807364668355
457.0,432.56480745315866,351860.86110009684,665.2079420199574
457.0,1389.242030821665,962.1339231962272,743.9352628971255
457.0,370.9388638765376,545695.1781863789,657.1092776891408
457.0,420.97147982171697,378551.22542090033,653.196208491115
457.0,793.6848862590383,556.302942070711,765.5111597740624
458.0,1099.1662058322954,569.6599496947533,818.6229854780408
458.0,913.3327724060265,8068.103795164001,733.7642983192766
458.0,764.6688052298581,33165.79806533423,726.8299592998616
458.0,572.6400753215405,37389.49844891213,680.4498485172492
458.0,790.8662825820772,14625.922749551723,734.4065154132213
458.0,1072.4550692930209,537.938635075211,842.2358159792152
458.0,395.86185166008283,387664.5327850677,628.2604836868837
458.0,673.7896052427554,5336.153811539036,754.4788114753261
458.0,387.89012311865616,241891.31822915046,632.2277318287057
458.0,1075.9887810460739,505.5278837984399,824.3414489618983
458.0,397.4259780942918,326130.1323636146,619.8496329305215
458.0,372.7736077555565,494253.6537171271,627.1945696877443
458.0,396.98466885828356,587129.6970674503,617.1738245258066
458.0,439.80117884246994,988688.2099645718,570.7688331855661
458.0,810.9334874762748,1613.0186436110598,756.4866847981201
458.0,1043.156608062666,548.8520273507208,848.0384740022611
458.0,1199.6783790299216,1007.5959350134733,804.0548742423769
458.0,795.9407523426278,3007.9379992018285,786.3490929633399
458.0,789.7087296410867,26895.68006818463,700.6904941878626
458.0,471.60135775067107,579268.0557860428,586.3085349015123
459.0,678.0151446232763,3594.548955104189,755.4756451395948
459.0,469.6098654256129,291732.8722194351,633.9576266617742
459.0,809.2469211681909,572.5450232926448,791.4569510653197
459.0,530.9763664087574,71087.055921671,734.3340370251218
459.0,395.2725870333638,729090.6892905936,614.5218226456284
459.0,932.855417340587,554.0383693943407,755.84788003776
459.0,421.3404871214337,843238.7384395619,609.3797718214912
459.0,839.0493930429775,2088.3151812964215,725.1815939430321
459.0,360.82168686410256,372624.8825714549,661.8034910084046
459.0,578.6036301427598,102788.03093870523,690.0409092403845
459.0,552.2674001034347,199604.8858524772,665.2780733310793
459.0,725.3249653099829,43988.67670833848,724.157278145724
459.0,764.7207365024323,13026.036916007557,736.6251669114997
459.0,1003.3494694395526,538.7205538552599,835.5733195944275
459.0,386.25996236214405,717634.8981608304,631.4325241036912
459.0,656.9488727473289,19959.369804244205,783.5606806890892
459.0,1324.0465897597735,578.2345266345874,752.5240665701041
459.0,1077.3587979773458,2814.9832271123596,701.2226894207051
459.0,617.3276353813087,33950.2149854314,740.8464210587038
459.0,911.0220897378912,542.453947607393,768.1588493812452
459.0,413.0169907869433,295048.10486572643,667.6337707953087
459.0,417.54462447643334,570214.8469082561,619.0253451015562
459.0,764.6019691306767,15649.913085176815,716.8639649782868
460.0,979.6051126593579,7064.620218104305,756.9248457189775
460.0,432.72886204530835,407346.99451916764,630.2630556196833
460.0,881.5526151816459,26132.38589575106,701.9491957721633
460.0,1283.142347899159,565.079530277881,762.7873153966065
460.0,1183.856602506361,551.5135223486359,838.4247570567612
460.0,1292.3920103362934,913.3749891347097,737.8713301105037
460.0,606.512798202146,99165.43049124889,705.9617358455398
460.0,776.9466785717641,77729.71815541541,710.4746994455262
460.0,984.9713683756307,16916.829216307757,707.7586417983144
460.0,593.9642622552457,192946.94360205447,682.6924099408294
460.0,679.8490817803928,8390.513800954413,726.3977715761197
460.0,2011.2653717762742,7113.985502053369,711.0571168120938
460.0,429.91821561893335,400191.47266005585,668.0398565060905
460.0,820.1774159791607,32454.57344379741,725.1519252835661
460.0,709.7589319500071,80308.45518786614,718.7098116565273
460.0,994.0847785107851,565.3110742831656,756.5670472802158
460.0,411.4224927028401,265124.245505144,671.6198403179912
460.0,1512.3753091075112,12086.604938330063,711.6235748569368
460.0,485.17685954849196,221406.00826449154,662.5863805072595
460.0,1417.2919511412938,3387.841191168485,714.416336370582
460.0,372.3463446543736,639759.2498717539,647.7393296962811
460.0,359.25717170554736,562726.8029092189,651.2999473826764
460.0,631.2584993477343,41509.85612648454,772.0632255612982
460.0,391.6195282082799,522761.33478254534,583.6221778818525
460.0,457.45517374748806,258905.79152619996,673.432198799544
460.0,983.0629308167688,986.6177008480145,748.7566557126931
461.0,1245.7061363338607,13280.20326123822,694.3384715421121
461.0,881.0608378214557,508.4725271976773,790.0152485395733
461.0,355.16743824150126,697006.0174206905,630.0545856126944
461.0,823.3582562202572,23004.865507926806,726.7024055257382
461.0,1127.818790282922,1121.1260167823693,740.4931073637355
461.0,411.78375099849757,540769.974049228,639.3612287919594
461.0,772.4906110703457,524.4513576653569,746.4860369482665
461.0,1480.989224195705,668.9911564170089,689.9850965260267
461.0,450.4365601520901,357455.52880485944,670.9811900840003
461.0,414.75535001039594,371038.10191465885,669.8517553768252
461.0,406.3222291813129,709221.7705373741,625.7449712880212
461.0,382.61522812079136,605486.673037107,655.732379123334
461.0,1157.900297519708,565.8945463761897,720.7786628920084
461.0,434.39910470395836,178131.01179209026,680.0608295002938
461.0,566.318620449861,26415.574753016397,687.4849118461717
461.0,431.5840612690809,423509.8753673414,659.1516711430332
461.0,385.5236059359353,815663.8292481317,589.9674845494008
462.0,1196.422970247812,434.74257948877494,858.9011447645873
462.0,379.009933098661,332596.68531488534,634.7953592083338
462.0,971.9567310324086,593.8863543480934,816.0882829156435
462.0,1092.0131665651156,553.9465643691083,802.9474130698884
462.0,1150.9146281458188,495.7022370625333,790.4928918912289
462.0,548.7921318639166,19313.05641671282,723.2849983619882
462.0,716.5288322342016,13444.396023435796,743.9761499101951
462.0,425.8263004960604,346119.77382253803,604.7389570456158
462.0,1103.3302897768751,465.58062782858985,856.0029713778073
462.0,430.466991432096,184184.5054096145,701.7053184985463
462.0,969.4432823579897,665.5705671444871,747.7538396697886
462.0,698.5668803135609,64543.96225481797,710.9980547711048
462.0,377.667180343759,579690.0079272499,682.2184230690666
462.0,1266.3278911103343,39478.55699531133,685.3667044924878
462.0,406.23628010601936,680286.3989074355,628.3052114037656
462.0,421.69539912342714,358133.44924583216,621.9667554709392
462.0,383.2902063615456,270413.00561783346,653.0560670963329
462.0,479.49377175108555,230955.9758831477,661.514052293959
462.0,412.6204936590007,559083.9746456125,595.4278997390876
462.0,890.7486802563357,742.1759347613519,785.1343803882473
462.0,999.2274312402169,4537.091811358239,733.5278523963931
462.0,740.7038046234762,13409.3168173775,748.8722337209846
462.0,849.405136056047,7298.994800480868,728.1164209333332
462.0,511.9475719488482,271214.21072306513,638.9726124252072
463.0,758.836989168891,48339.01763299017,673.6674616867645
463.0,387.6320667374157,459593.462608017,599.7228712435465
463.0,866.7611998280097,507.37844581142616,794.0798062322713
463.0,324.7272187984295,534264.0422355346,610.2520231375569
463.0,866.9099693839586,710.6133795187201,773.5586809824512
463.0,784.8196010099517,11770.412222440495,745.1242539093388
463.0,482.08568120574694,162722.94127289328,644.0637969189916
463.0,834.8853227844875,553.6126535670668,775.7142323081171
463.0,683.0790345211775,8600.486103886933,758.9029867752989
463.0,686.4234367279727,20832.995023295156,717.2987505988563
463.0,425.87512351999965,452158.20558329334,630.7265994542197
463.0,657.1307984132059,26587.167235314744,715.1129070319445
463.0,1087.8403161706524,468.06657753453004,824.7789557881359
463.0,475.2130546641316,330711.50029072544,652.4962882203507
463.0,652.501445946176,51264.86322417622,728.0261837193632
463.0,744.0309004453322,11421.39179183913,758.4352092431177
463.0,450.76833999289715,442146.526518447,670.8124335416181
463.0,835.4841837480534,1341.9229678919282,738.7002150772659
463.0,378.3644264769744,500961.6034184798,582.2998315412342
463.0,619.6769681421491,29409.758000896214,743.4659664906733
464.0,424.1752697635249,132251.24779124363,691.9950679258553
464.0,445.55065775655004,531039.658213314,610.1038897250634
464.0,508.20624338867896,948591.1669690385,607.3445309036921
464.0,935.2047550437878,555.7615240500443,809.8913692494416
464.0,1074.430751809715,480.95778193125835,825.709631700789
464.0,1082.4603634190591,3326.1086021978217,744.0203981934645
464.0,665.7714459811392,30414.987176022154,761.1766099283825
464.0,626.2701772963627,95632.57485981392,752.3002820161659
464.0,785.65579756695,10107.910349701317,736.5182636237004
464.0,1056.1330989199569,10434.35489039316,723.0686523546988
464.0,808.2108474725216,30066.283635286236,710.7744571524127
464.0,536.5687781998928,320689.5903641311,597.0844486476998
464.0,635.950568928946,39903.85694673144,727.3152509425138
464.0,363.97421814423194,483798.5015506767,658.4808013656108
464.0,390.11895788277013,1048073.3035408296,590.9327331325862
464.0,379.0288871252127,717830.9869428518,649.1664687286052
464.0,356.70690077857205,827609.7900194757,634.0433905090824
464.0,795.276513965501,788.4683184867295,753.3441605780257
464.0,388.3589868940135,575323.4276647716,637.3916216655896
464.0,384.5109804087553,579484.3009195573,622.5626078023218
464.0,1079.2313462174673,548.7416869573441,782.5636778744912
464.0,386.33564359302903,286770.82174729515,659.7314371192584
464.0,814.0011858344118,571.1016895964291,771.9660944603581
464.0,408.5514437076956,358247.05341865355,621.8993329133442
464.0,697.6483136136203,51110.54478926549,695.4830005883287
464.0,605.762971716042,119845.1435416693,681.5581519890504
465.0,713.5913121095377,10969.669861998107,713.7948762318872
465.0,676.1375144600283,16493.20680011852,752.0136115130322
465.0,625.9098099963935,28644.081365512688,728.3661880912607
465.0,370.0727357554516,725978.7305494965,596.0867746708964
465.0,715.1461417468792,10381.73227226855,756.5070778593442
465.0,373.0408023092381,413924.42570119456,605.9853476571518
465.0,746.5809001923809,43589.91683647732,693.6945050921776
465.0,346.001839799215,520580.9219322664,685.2815093876391
465.0,1150.9224430120546,414.89189297451924,836.2627019286542
465.0,768.9126712848471,6023.140088481708,772.3230597160024
465.0,615.9700621747871,85306.5870009094,756.685648534655
465.0,756.84899976586,7441.0514970324575,752.7965675336956
465.0,886.1485174099987,7886.04966424782,733.9450918382088
465.0,946.8644953528624,537.6137892169841,783.1445768114094
465.0,675.0019750567325,102412.52578244975,678.231940610551
465.0,633.8572043058339,58518.19227223643,722.0914690405494
465.0,749.8359449075672,37495.32858678908,707.1592440298384
465.0,613.3837352129206,93578.35057836497,735.0064746749233
465.0,786.8678411146655,548.5773532352757,782.7731236279055
466.0,1056.5860783205449,916.1501176994441,722.6787494431219
466.0,471.76222363154574,306053.8996153317,638.0242050935638
466.0,820.3530759297099,25349.827922802167,695.3163288063731
466.0,1088.7715369391783,457.788045509363,823.7571720432388
466.0,785.6449924585014,18227.42502094398,775.3137101822705
466.0,411.33376885648806,156764.81038316948,644.7411423933493
466.0,822.7514706997353,740.3443930821198,734.456274996039
466.0,590.0151203780799,32609.841570201697,746.6757422280278
466.0,683.1489472890189,91969.197018965,741.8334028509963
466.0,849.1801405599322,560.1660573557768,736.369742427086
466.0,911.4912422620303,24069.18049288126,728.4353682457368
466.0,715.0532646532971,40624.46037748201,711.5222884114263
466.0,756.8070331599455,27432.87813141369,723.9960565855425
466.0,407.54748569420457,812128.9092519515,602.5856651882704
466.0,400.575650377047,315788.2235413778,648.4901319245397
466.0,459.89215565308535,771949.2592953668,575.8311163432127
466.0,1276.2736815686992,878.8537616743928,717.0509508741361
466.0,391.36432731983837,521531.2245625485,637.8685053356114
466.0,837.4600539199421,68475.38502323066,693.833958211856
466.0,392.1254076666918,415313.20706722897,614.9381691601891
466.0,384.9577532719311,392524.738944741,649.7254865910206
466.0,441.47703274783225,124438.63698897658,662.9728602489791
467.0,466.7566725298164,446520.3485655502,630.7953979010318
467.0,759.0127032491148,508.096688095173,783.8324025733046
467.0,964.0247047985913,1862.2270878565191,727.5022715034901
467.0,512.3290889425201,487120.9844850915,608.1683794267298
467.0,449.8450771865353,440359.6368604098,632.9768756610326
467.0,981.647603486894,1413.4620815955968,703.9473147614289
467.0,1033.88134397507,579.8446536091022,728.4542719711469
467.0,363.98348681511993,328291.6289119395,640.7019849873576
467.0,840.6977253943626,5433.624664885739,746.2832583284992
467.0,846.8757806896804,13181.41926995892,711.6905790614024
467.0,696.8710393538341,34334.925097438354,743.5296835109704
467.0,684.9802643729628,18854.899586505435,747.000550526267
467.0,569.3774535017943,74220.6212368241,730.1369771370178
467.0,470.94198185097315,242928.1926728574,662.4194560414285
467.0,996.7527333460797,557.5316349954842,763.0332342698905
467.0,335.42488234328835,565394.0269652191,628.702678863356
467.0,347.0030468872218,736673.5763883571,579.3655289932075
467.0,616.0264721085483,47780.500912549745,726.5415401120433
467.0,898.2988676309685,739.2519350338239,744.2456294737752
467.0,826.079372656854,13523.021895385897,734.3477571583269
467.0,584.1968154359697,59075.13041713095,719.2442762108072
467.0,742.969009741953,20767.57298880735,703.6520208347242
467.0,456.8149537291638,587739.7689424554,609.330237590837
467.0,710.5036408830059,35864.27433319098,731.237383319775
467.0,764.0111507900684,36159.39067928731,694.4133293966436
468.0,429.30278160252675,738123.6028600363,626.2646674308085
468.0,852.6308470794143,8938.009690093837,748.1764334713481
468.0,1070.508581475989,477.3170939488642,820.8092795592044
468.0,466.71664471778297,314138.12180721964,680.2459537462945
468.0,615.902430112717,24896.25119604868,741.372596008574
468.0,1274.125450380236,551.7274915104636,704.1079929377585
468.0,627.8273332647987,9148.771871143128,730.2178363917034
468.0,1010.9995686714977,527.7498379322338,802.4976105391348
468.0,414.665811229695,495386.5951701982,647.8098307131878
468.0,1001.7768189103359,541.4768711808034,825.9784372998812
468.0,410.53365768271823,410069.6333760084,651.9481757050296
468.0,833.187857907985,15136.73293082786,727.5350591583777
468.0,997.8302464361402,29413.50762162131,717.9013972001392
468.0,846.5807030531541,3628.977406240324,748.4449608225055
468.0,691.1022846965474,72973.89703466633,700.0668076060997
468.0,411.6056500639662,352324.236266021,667.6689214370442
468.0,1188.2941111239327,1018.5416810001109,747.1468606563162
468.0,358.7853484044661,397458.58151126024,692.1710122632477
468.0,914.8203686988869,3340.7335409971547,745.4949185670782
468.0,662.7830475309529,13565.601702186532,729.4693839719396
468.0,874.7011919882697,130791.07556505829,696.6251068834998
468.0,955.804848767161,553.1735373509703,809.5403705865333
468.0,368.7742456148168,646166.1214224369,629.896888835552
468.0,1126.8478613499444,31996.06685552273,710.4118485268831
468.0,854.6857455072249,24116.64720598976,720.9202695058373
468.0,749.4669696693055,5085.295047677691,792.4705575800248
469.0,668.1129458700192,54154.57171509849,739.5837412933304
469.0,1135.9938941035095,29610.490877558797,715.7120071293164
469.0,688.0692769588247,176064.32948995096,681.9213735731794
469.0,394.3093370724099,414416.66237382207,655.5529403058378
469.0,1164.931257676826,8977.326356281841,733.3999343415396
469.0,684.105359470563,62478.49717701295,712.6618447558067
469.0,956.0782433278754,4552.022552480038,738.0486171831203
469.0,809.7258912949404,30877.02102427913,718.9144264887327
469.0,803.0580101613924,18550.094481343647,722.0369926860958
469.0,342.1493366371735,828960.0142975228,629.6620432697097
469.0,378.45789366022416,476910.5326075612,651.2216032153964
469.0,627.5216480127575,24149.382177796622,754.6930833176081
469.0,399.25145719992554,298186.73310556076,573.1724359421227
469.0,1021.333166986825,13172.207622808663,729.3388162069053
469.0,647.8510061854267,73429.79826059696,726.4324435540808
469.0,947.7470385092321,520.3207137320588,765.9591876931971
469.0,486.6790404953322,754491.5976248634,572.1907455958324
469.0,644.6741627504301,13737.144020407683,765.8942396827172
469.0,447.2792283015045,288866.8287518983,621.004544796681
469.0,835.6508306869887,516.6485273470634,768.3364542288041
469.0,1284.2678978405831,508.9860359410527,713.5422863685634
469.0,455.20459075171834,230662.39143445552,695.4682265829495
470.0,919.8170479117853,480.87569276395743,838.6827567493696
470.0,1582.9504220365127,2466.4149398669724,759.3973231384199
470.0,1032.8965138823087,559.1693526466458,759.5343924404959
470.0,923.5819474384261,11221.13398056867,725.9248561913595
470.0,898.0344853196528,533.157806191437,775.3105231021995
470.0,783.6640081049438,574.1724654310676,778.2768604705614
470.0,678.4635482961179,25133.25027867676,717.2522547151998
470.0,864.1160569922096,580.7360340920628,773.5384499437046
470.0,910.5561788287066,521.0788099303015,834.6649284288794
470.0,529.2933491273915,84977.94823976459,726.9256339588126
470.0,927.0727210272478,2768.9326286521386,734.2436884508096
470.0,913.450471892879,12050.175036600662,757.9553035627479
470.0,401.2266027518376,339129.71148460044,659.3630620762291
470.0,886.0674425658046,563.2481883289712,771.7028530355569
470.0,880.4811937109017,722.4509259346539,768.5747559784736
470.0,319.4134750526216,339435.54342284665,599.339858533262
470.0,399.8486928366844,461315.039655782,597.2484278458738
470.0,758.2701367121638,14727.979490087806,764.7521476433433
470.0,615.3014963556369,28976.529480198544,693.2944929627889
471.0,391.22972199631766,334452.7935309851,636.87718458837
471.0,1043.3816539427128,510.2324927281374,714.7259103470346
471.0,829.8240478982642,68187.60526298844,695.4444377266893
471.0,763.4152390338803,681.3222055876586,795.0954400641938
471.0,695.1027680762752,24830.401030891662,721.2993688496824
471.0,453.62733094662946,484316.31643064524,623.7045250996512
471.0,382.58546179256734,498298.7199219037,624.731528283206
471.0,1025.1327075078002,521.6735137735509,816.6718078941094
471.0,642.5064159087457,94151.0500214554,732.6456666754308
471.0,1175.3187729206754,431.11310786306404,786.3141834417909
471.0,467.5667300092683,277417.0428324726,692.8187554655468
471.0,373.0085190248299,634744.0245548959,620.0546792386086
471.0,666.9537918162976,13609.55992032939,730.6839143327277
471.0,869.3689461778387,643.2090096225661,808.0529030197935
471.0,895.4670509171392,657.2744292901923,755.0905417558796
471.0,650.8808551326064,15555.65112468645,757.1799368080062
471.0,794.4393378294594,89095.74509679405,711.0615519152319
471.0,733.015621680719,16021.67876824501,722.2495261956843
471.0,975.151679607861,522.6461190927713,715.9414297677416
471.0,456.89157302214966,321334.6254958946,583.1187746150808
471.0,1024.412379633807,48089.11922574959,713.8489016365719
472.0,634.9382572162739,12865.276810716623,772.8798186018313
472.0,362.3952783809601,510759.2411799019,641.681117855812
472.0,371.9190286015621,782620.5785502623,576.5029921743264
472.0,499.79816875018486,337791.3589620734,620.5561833067584
472.0,643.3217061633802,34595.31625478519,750.6429275311322
472.0,974.0881990697044,96667.38790535343,694.2991875179137
472.0,749.9901527013546,13595.580327088554,729.0341594748456
472.0,774.140803860103,497.0605981841474,750.0693902204478
472.0,360.6099202818238,640084.4732074037,635.5014164709372
472.0,386.45405913637654,655540.1616488813,617.0759418061898
472.0,626.189439079264,72028.6135683567,741.153176951043
472.0,676.6545414055325,66052.9537399158,744.3682265934914
472.0,363.1508715936636,259221.88151752256,654.508103171048
472.0,1255.775043078755,2002.496113792623,717.7304816493601
472.0,408.2190051621936,444481.65226086223,627.1092257696085
472.0,850.8699054506396,45556.6102840942,719.7523671229756
472.0,912.5671512283085,28900.175643817754,704.426742553376
472.0,1103.5608028759264,674.777241411824,717.7326050715843
472.0,643.1708325165205,35460.6930970756,751.8550453913847
472.0,1562.508384673034,518.1489631025121,730.7134637916259
473.0,748.5334951425099,5246.960871977597,738.2745895094397
473.0,1085.703634687288,496.7657608623251,857.3537669481234
473.0,571.2142343672726,390503.1681134595,638.5729509767164
473.0,606.1077597961963,22994.715522320133,733.4284332372808
473.0,1200.092157728263,522.363696268379,834.1639026925485
473.0,866.8366237188596,14824.47759843445,727.3828974667574
473.0,338.2888649750051,284015.2679891532,679.6338926464094
473.0,844.584656205205,21393.290057611113,724.5846651845998
473.0,1242.2805601335556,1574.714387697888,774.359953931262
473.0,529.9294049945565,192344.70265225385,678.3550425584347
473.0,767.6892273141156,152203.01882670005,693.4821725024092
473.0,419.4293559400652,450551.421991618,636.938705619736
473.0,418.31103153890064,553500.203857267,590.2408655707284
473.0,793.0084743904898,2239.899896709589,728.1643568304613
473.0,1109.5753399433852,561.4170964432767,823.6196726125144
473.0,1244.9722628735858,513.9767910592034,759.0297507074048
473.0,795.1142469026262,107959.26473774922,720.4122496619037
473.0,949.4231495193856,889.8624015235721,781.0965213788178
473.0,758.1819968773833,94913.32285788842,728.2216650167442
473.0,440.6757568969285,313562.99948461965,664.3608770297648
473.0,633.6385847773474,178264.1389374312,718.7573350455724
473.0,366.98797029916585,459340.9682191722,591.0842569217224
473.0,890.9977467611848,38925.17446973841,689.8032554369145
473.0,1414.1056737608822,630.1668991408862,724.4876190803428
474.0,787.8274194127699,31334.257524823304,703.1475566916919
474.0,638.1847846453019,543.3055161120225,744.4719683483693
474.0,875.7185513204996,10179.60484425407,714.4538771493538
474.0,1299.6063453767451,505.70799948977265,714.9437427314143
474.0,735.010912556879,63084.034538344575,717.1273862863129
474.0,406.56674558874283,355695.31826847966,626.2782037550493
474.0,340.622157037277,589145.8156173927,646.8838428267732
474.0,554.2435855320123,193755.18269603304,759.8538264391096
474.0,398.7846108530292,363026.00713388686,618.169463970673
474.0,844.6227255852352,12686.198013974616,723.549127947239
474.0,988.1778967304648,530.0168767395031,833.8280928420131
474.0,440.34608016505706,271452.61631418514,684.7617988035262
474.0,867.7167488782853,8133.821000602106,729.7452351906658
474.0,388.2015367807335,384368.2606018877,672.4338438655166
474.0,434.1290974327923,279701.93491155707,645.9184595646672
474.0,404.3613121197849,459562.3187702948,607.5615795130677
474.0,741.2227790465463,17162.802128789186,738.8788078675015
475.0,986.3038556356331,514.8134762692398,804.7175105558513
475.0,403.805360943485,1068269.2582405885,591.1960502051061
475.0,392.4057187840276,560577.0605578749,638.8378159314493
475.0,944.8477701153962,10640.12866159074,720.6165597432425
475.0,707.8033149225284,13942.91432279504,727.1892424456956
475.0,1162.8538187979057,468.2840642597036,812.7766039523253
475.0,900.4293886210355,1158.0380439558776,749.4493136578941
475.0,594.2331467913436,62054.60640966121,719.7118418448272
475.0,666.8655108799688,12196.385523737616,765.6778521830847
475.0,640.6218718417128,4847.051372657086,821.6247697126724
475.0,887.2981538137261,1544.2441184292366,768.3321646001712
475.0,394.3703627268284,270121.9944923128,630.5480940640613
475.0,631.2016673374164,72872.38131361126,715.1660808466843
475.0,437.1761911807693,217422.89293480094,701.935907095688
475.0,620.3506160759666,44348.48169357335,727.0686477011645
475.0,388.02173667136316,738018.1711457645,629.9442353705625
475.0,465.672769436358,415143.2989916498,623.3664393316647
475.0,686.2468013405872,34403.61806818677,722.1788890693238
475.0,708.7095314252599,4631.041430436326,745.5792254712387
475.0,620.7343736397912,104963.89804725387,705.4289238763404
475.0,547.2338702782741,110539.35486105269,702.1637212622422
475.0,908.0064630924774,13469.751256027685,730.4833409741053
476.0,823.3792740129653,560.5683917702737,743.0128310578654
476.0,630.5777407937078,39627.593701131984,742.5195187139049
476.0,695.8948517914243,26967.039323184876,736.772702138201
476.0,686.9290255766404,28122.28666691891,708.9516218076374
476.0,548.5936529190878,537573.8900755857,616.7485741701881
476.0,1186.70843540726,541.6055112988096,738.7279925012348
476.0,929.5025279236854,472.46748079150234,806.6625443208371
476.0,736.8673297197039,13665.916628158446,740.4776214378861
476.0,393.02711440253273,533314.0241032176,628.3696365904442
476.0,362.9751893151495,654930.2713049195,603.6840069924011
476.0,342.37236657759667,474782.4000202068,654.7237346956026
476.0,492.9269065012343,356687.9768926563,639.5648427089799
476.0,675.9715129970538,47340.14837992293,741.6528248150793
476.0,648.5465202658256,35300.93956727308,759.9330992141126
476.0,769.3544496994313,4064.8885046619625,713.3134436871517
476.0,662.9499893635232,55120.02193070242,709.99139254514
476.0,1229.0378794371263,567.5004916496172,717.1045147841938
476.0,824.6915690484859,108905.29868160434,700.4872646342403
476.0,389.1725057639776,581727.4926823284,607.1641925837766
476.0,464.9414388504831,236433.52338742794,675.120060086656
476.0,1159.4147443926881,733.836445164884,719.9564651519103
476.0,422.3844644602817,705582.5031244188,602.5411764889686
476.0,848.4158676203108,1038.4894259320204,734.8466777264949
476.0,375.01373299227185,509167.57428564824,631.9709342476805
476.0,615.3829013225028,140513.4164926742,740.2285172989612
477.0,380.11636687531484,336018.93051135924,600.0191685988553
477.0,316.19824334607165,780494.9829752166,635.8303363179681
477.0,709.4213170547085,5752.2468799068,736.0508873633081
477.0,1096.8581869971276,569.1000356251924,712.9765959604476
477.0,1228.0665004185378,439.7238183595545,821.6277495608914
477.0,640.8459048626978,46317.42297055965,730.0610123596231
477.0,403.4651621057114,600155.1052989904,590.9270093462396
477.0,414.60334482792416,209982.94786771433,674.2872764115378
477.0,848.2359542624183,532.7825159737557,750.4777926113902
477.0,539.5191496674842,179509.86113530895,647.6668283236528
477.0,965.0532454207932,448.44356514525754,786.5523289922692
477.0,925.7381274961047,6053.141233526249,722.4612556760429
477.0,798.6763520426719,88485.55981225403,718.6916436810006
477.0,1007.308657502064,32009.845184426216,708.2705477570506
477.0,705.7393244060856,23217.56546682828,722.7390705369863
477.0,626.611956201954,73315.7859387451,745.936321477132
477.0,727.5257725623648,104013.15282175197,702.9134547467917
478.0,442.89975071429234,412765.8152445699,652.486344473579
478.0,677.9985111897178,25487.260991094307,729.2155272264696
478.0,365.0302232296476,427056.0332028515,631.466433204356
478.0,365.66688939226054,952038.864740659,592.8792519262402
478.0,813.4142797657004,9030.402257065103,719.0599704503674
478.0,1008.4431974042989,917.0681548646107,704.342898907448
478.0,1066.6646905525558,472.72698598144586,843.3784551312632
478.0,667.6187606219479,12141.37293420346,743.1339369463758
478.0,903.9158885550972,15475.138568204315,705.3084765734999
478.0,411.5453554033099,449383.6788964588,576.5041218138772
478.0,1193.4002425381782,600.3503289970513,756.6473018949999
478.0,709.3924201675943,8189.759867051685,747.2075897653324
478.0,632.2893297876167,92596.6104904322,723.3126428280333
478.0,896.8958753605011,67156.69095347304,711.727578407491
478.0,490.2237705457896,344423.8940369883,638.4056671507602
478.0,672.5092523104848,30575.52025757291,713.7309490759051
478.0,470.58454860589586,234425.11539631538,661.5813778983564
478.0,371.76555011089687,477280.15662645164,618.9741776535774
478.0,867.046079717846,519.4384127840322,756.7761594223907
478.0,815.1885597370442,22372.68285017996,715.7910889408079
478.0,1002.0000065556957,7031.106538270942,737.5487432725516
478.0,355.699150411973,506742.1601570589,602.7394128730062
478.0,404.7375096231831,325681.3361736765,652.7112757923411
478.0,671.9961868339902,655.0871293508916,781.215950459626
478.0,890.6627668514878,498.26664321486277,764.2156354337357
479.0,374.2002920309624,381898.3473491193,663.1537908526132
479.0,999.5220575651966,564.5018849438966,733.1790481701771
479.0,418.0707248897989,422012.80636529526,649.3062657113521
479.0,557.3360445069688,110459.85614757841,742.8278172138762
479.0,929.4914259412468,6097.530725786011,752.9119606923955
479.0,374.24399460890766,509963.7194668442,567.9573782751643
479.0,810.6588718138249,5986.316338960204,773.8828052677015
479.0,742.3541455762219,33805.57773132498,686.928499164436
479.0,342.06439537988405,657350.6790857242,614.265864588114
479.0,650.6205527570046,27952.86489417423,798.1550150477492
479.0,1080.8808742550655,500.2508504386158,833.1735022108777
479.0,860.8308493089846,17646.376189769402,750.4684105242302
479.0,665.2811483181267,38406.165901074935,755.1600734146772
479.0,872.1004037401843,3952.9528063593802,799.6963021358416
479.0,1013.956680808625,7736.6274479239955,720.6113343062683
479.0,374.77321732758026,440935.0711038546,617.655972588848
479.0,1023.209538312802,525.8151663963191,816.9278800477085
479.0,1026.1525844102634,559.4275239748746,798.968228872733
479.0,961.2333304515179,571.2729868147128,805.1892369361371
480.0,1027.4252594303673,637.412321699347,798.0070838115448
480.0,428.9551944697703,228801.74791201443,659.1106269371589
480.0,592.4073062405851,30713.26477609314,756.8120792893951
480.0,373.056478982705,557060.733534616,605.013191792851
480.0,392.37422756644594,123045.69118329714,667.8925337039454
480.0,861.8585611381935,38661.17762464874,712.9921055624152
480.0,679.1721254097122,2294.6458875295966,767.0300887785734
480.0,439.1151330778175,248123.12137909807,620.613288467206
480.0,436.978272816417,339939.93629667914,651.9576280392919
480.0,425.160126018879,424546.1427853004,664.114179585399
480.0,410.62676860616597,473564.84024538065,630.7733079494619
480.0,681.5249003592027,3801.48771694722,741.4420327910602
480.0,726.9708555921322,66152.99314912822,715.0702246205204
480.0,1158.848310820325,567.6308691919861,749.1426856267459
480.0,499.7831687159768,665514.830661692,571.0559510468373
480.0,895.2760974035368,478.8590924882534,811.4148428656131
480.0,359.28984165907775,582104.0640804743,649.0309982023776
480.0,1396.5231489848982,572.1540296327287,718.9730752752621
480.0,399.3689623083663,640131.7195798513,603.437873319223
480.0,812.5652035648751,41039.34600856541,735.9628110999174
481.0,1044.6379513932889,16802.183701833044,717.9427266284349
481.0,488.692846993745,332062.34198961343,640.9660626444326
481.0,945.0863773732433,571.794449821946,769.5439444778824
481.0,983.2779349046293,441.7970025930717,759.4949061672958
481.0,850.8330375443508,8753.2484235239,743.7298356600638
481.0,383.3013242392126,358173.1311483653,669.6133538031152
481.0,952.1730651209243,679.2479733446025,753.9737719359482
481.0,794.1367740747503,511.9361143964778,786.0420113758488
481.0,1160.4742990921116,9788.205575035849,714.6230885495424
481.0,650.6115120698588,34686.81166401963,741.9129194802468
481.0,615.2618553410823,58132.69685174076,728.5668175809824
481.0,811.4406713983171,945.0852455928226,759.8350776547519
481.0,659.1128860807283,13128.66929748647,752.6789933750659
481.0,344.9511411346931,610324.5423638428,594.9231887210673
481.0,824.8812907235133,38017.634567160574,739.7209786238059
481.0,571.8398518967535,93410.702900091,741.6807178390075
481.0,396.6380099279814,352246.96858934464,612.9048584484942
481.0,389.3806757511019,524645.4617813954,627.9179841990557
481.0,1213.0731992950712,570.5227636267624,710.7224380452832
481.0,788.6656214716746,2228.4098619877686,768.5061714978889
482.0,373.24925682634733,435823.6564605356,660.7354448633224
482.0,765.2954260839124,46414.11818420347,688.9254880708218
482.0,401.7205458046206,825537.6503744586,568.4289243031236
482.0,374.5734906454873,289977.74521445035,667.4488780240254
482.0,790.4888525015391,515.2403217839849,763.3983438436792
482.0,352.54637239906236,579027.0734444358,658.4574589984227
482.0,1039.3086611615595,492.81307517569275,821.6416831093732
482.0,809.1209986646834,37204.7334809443,704.1173402246685
482.0,403.8906206554983,479199.12677223544,658.486222674268
482.0,1051.6286153892545,3359.9050621987913,735.2242252930226
482.0,427.28071047803354,283326.3815572274,652.1796204308072
482.0,706.0745226246886,4982.558311057144,708.0168726158074
482.0,620.8401809024093,43144.075853528106,715.3143835586303
482.0,485.47251012782255,374741.9297757576,610.5671866253588
482.0,704.59826282733,24220.19774768791,751.9055825563339
482.0,377.793022194584,587632.9359989788,645.4773399504085
482.0,613.1817532391372,40887.64288001883,747.6407285012933
482.0,1599.8290997343338,1939.9955353231749,723.149165764748
482.0,648.1094589050948,29497.32199035589,753.1789569097149
483.0,684.7145912048974,15991.899695399425,698.9791932316733
483.0,580.9196408834651,31099.754728284825,727.2004844979524
483.0,399.6515908286639,459872.2706620575,615.060826589351
483.0,1037.0746597460077,2118.4330633419495,704.9433845427781
483.0,421.4055954234743,323260.2281518447,646.544868715493
483.0,862.8406266913594,3006.8343398452635,752.1747889573609
483.0,404.4499821534521,757960.6702917684,613.4932870204007
483.0,928.6449325627037,498.16628908112807,748.4645922836045
483.0,1412.8449066373425,567.8908806375729,733.4749001460115
483.0,659.3542270228642,32322.321770983366,711.7431967923834
483.0,761.8809721407437,1380.1684935549988,761.0118168551079
483.0,976.6901230677098,3092.9468290648606,719.1318362905048
483.0,457.72978150617996,241046.32642747127,685.4268469914432
483.0,558.8237467896192,359600.2990416778,636.3624484280796
483.0,417.1245598398193,886893.4071022632,590.8312206654626
483.0,679.9370601773038,169648.9047521329,685.918877818508
483.0,645.0312772306071,16119.144067626114,762.7736319370613
483.0,391.7191771209051,328236.0748858308,659.1306064451684
484.0,391.2506256803151,390301.12029970915,632.1846048958639
484.0,449.66237998793974,752076.7439832478,595.3030327301581
484.0,787.4277554842612,30220.496222563335,721.2270571101062
484.0,859.9885491154638,29590.16479564337,731.2925199022613
484.0,393.65539116671835,543374.1011026188,621.9490687004176
484.0,740.9382046262864,535.922842124555,739.0376443595421
484.0,1088.5821590945611,7262.90456943553,731.2936263085703
484.0,641.7698644829372,34431.271152822614,740.8432531293158
484.0,426.7159993287096,678646.9614255639,603.4342480543224
484.0,387.80637808089716,402367.662101009,637.572641071031
484.0,1087.622055618811,488.14238137121646,829.0749757843305
484.0,662.0235725099261,66252.87663956347,739.8934729910403
484.0,709.0563263067623,2237.9496406280264,740.654499688414
484.0,1100.6222729007843,643.1463590636104,726.5573570462992
484.0,420.7358691850372,791696.1712712144,616.8048712405532
484.0,675.0421934961729,41546.901683985554,719.8982040821268
484.0,881.8986523520801,21054.22106246473,716.7408645097865
484.0,835.8553162917314,489.8760435848765,798.2273748941909
484.0,602.7997753412878,73724.10669419567,681.7594576770108
484.0,710.6249738050593,12688.967012614363,733.2210043929538
484.0,1259.0062761058632,1605.6992256426634,699.1727850151351
484.0,423.70034971152546,371713.622137433,649.6203239295954
484.0,445.86953661677205,280676.08490741317,668.8995796364608
485.0,699.4082663608974,24312.844107777684,731.7770494547464
485.0,779.3081240113208,934.4578077119811,766.5395510058344
485.0,1169.972674408195,533.0769123857153,736.0719745463593
485.0,1261.1265314846314,504.5326216689109,831.1559241655717
485.0,649.36169815139,21169.867478811702,743.2988865793061
485.0,980.9728789940256,20486.35289914186,728.810174248307
485.0,564.6591251609974,30673.37921172679,727.2228563593497
485.0,428.77622813488375,342265.4291209682,677.4597656774218
485.0,996.2541648137277,1799.3352562388886,751.0258803067337
485.0,1148.9837684137835,605.6727276410563,753.6455756125437
485.0,400.7934878296666,1071901.276222752,558.3225969730923
485.0,776.1702262783863,11770.243283830447,730.8827356380589
485.0,1050.816684316858,524.6606652177142,817.8581883995976
485.0,407.42922228910976,281302.07705956104,683.3936039877863
485.0,1235.0627733286913,6863.328698923818,709.6267954563947
485.0,371.246613981769,408021.6242558703,597.1812273759632
485.0,369.2045883977157,633552.0588812445,613.2437390344817
485.0,1066.9548543133749,819.0060470167482,784.0262410265364
485.0,364.0778363734614,552041.7531866103,646.941461461927
485.0,691.3680506265582,7625.90689455973,739.7354841095396
486.0,456.2596219818637,309587.4255076979,672.6073749386886
486.0,760.3950729355842,175374.99875178008,698.2465620685531
486.0,1150.5036121566125,546.7428966688506,877.6610873043526
486.0,778.9645721235298,4585.80389132552,722.9041957865836
486.0,1205.5494828625544,512.9472488554525,833.0485409721115
486.0,516.2588183455107,251805.35373018836,655.6278919769799
486.0,327.26901283368676,632234.2168519594,607.0616419664293
486.0,790.7873522820339,814.32376100614,772.2277361217264
486.0,440.8352590968584,431741.81625366857,652.0526262609485
486.0,681.3195433994726,131886.08360252422,743.2985742925177
486.0,557.2534005088545,194000.04319711783,719.5349646309623
486.0,366.1029944957406,468495.31085991557,634.1367443305105
486.0,1218.341280995688,474.6135263829228,834.9052266854808
486.0,921.4797942821626,551.3399168267244,754.2729772192163
486.0,598.9515940837509,44967.21126776787,748.8119330097705
486.0,439.91171264384434,374408.95221376116,678.9029485473048
486.0,1703.091978054609,1697.3391435990166,718.462619170107
486.0,1173.1693595443323,498.5774842251201,834.5553824686612
486.0,1045.3565382600264,547.9308133968545,854.1640035895167
486.0,732.5246913709029,21839.584134885758,710.1973116854176
486.0,399.3853211819009,455079.7052878237,614.4587832665942
487.0,353.53433079695577,439102.0753875497,660.1321229698926
487.0,1309.4368530827296,9534.960804057748,736.275977838959
487.0,868.7870173728675,604.5392530410486,766.8044017156454
487.0,834.4616185667409,599.9851427349349,794.580650378722
487.0,897.5090664845553,16798.09266985492,744.112727757582
487.0,386.36236554968946,229491.6713900573,675.3647303633807
487.0,604.2028128836009,71208.007468466,736.587872928933
487.0,930.6930802621007,492.8548268035259,807.6760899198241
487.0,613.845872035237,23216.323853108795,742.4444996470186
487.0,406.74432005453144,561997.1010624774,637.1262616205058
487.0,393.63342279387024,644697.2441606692,614.9930764757704
487.0,1079.4047538644597,468.95520279292566,808.8218671756272
487.0,1144.0820830429725,962.9423260692147,739.818294715084
487.0,436.54340474837034,281957.7758044081,617.1182753122541
487.0,391.09204478758465,304417.2375280564,671.5452921130421
487.0,395.0425391635281,263883.9471904462,637.819024487878
487.0,373.45054386139265,709580.191710998,631.4527211589102
487.0,864.1666981214313,557.5918888214828,776.2384624045114
487.0,701.7641033184901,27785.804419109292,697.3219297939302
487.0,715.5201459420355,13458.180049467355,748.8999709688652
487.0,359.0533673565267,623362.9382412188,651.1536758514522
487.0,787.8908182906273,26484.517264745442,718.9994610956204
487.0,672.5219331542502,56028.330796422015,740.2091753869986
488.0,406.3770247687282,461623.9152220681,626.6585476719059
488.0,724.4726518828054,23048.19717925101,702.7815923683589
488.0,473.55581955939533,186218.6516513113,663.059035825836
488.0,870.5535592835578,440.6571941366032,798.3764549073558
488.0,392.669041862315,513262.2714289089,629.3558264619186
488.0,465.90192113275145,501605.5142430439,611.0427240065012
488.0,941.30626560697,463.29674788625516,767.8117459668069
488.0,691.0736953932083,30730.56345149558,719.2608141191719
488.0,902.3983648241334,6964.36758512599,731.5312033032642
488.0,591.7354398798076,9377.060888463857,763.4316028058895
488.0,387.1674749917382,508200.93913480855,657.1201178618597
488.0,711.2788201299354,813.6198926367863,736.0166698427435
488.0,441.568967287086,274805.7218657624,652.538250629678
488.0,825.4807079867319,576.4705070834725,764.8385954839846
488.0,602.8401461076107,10834.488337269026,750.2655072828104
488.0,425.8133190660644,386229.7710226064,628.5403868245354
488.0,405.48948680212646,465805.3212457135,686.2694360446874
488.0,431.6648384133409,353512.255092121,650.9796558671504
488.0,433.3357118571813,264292.55411494116,725.8979123634343
488.0,673.133324956301,23609.881791351407,747.5738744154182
488.0,669.0001617360195,78712.1880830629,689.7082986755393
488.0,370.66966008995985,703132.3732541488,618.8923546159534
488.0,1029.8055697694233,885.571888433752,733.5435807386414
488.0,642.2257830879082,26368.70485410066,745.1176224490576
488.0,621.3157525172836,116277.95741600431,742.9355452902124
488.0,649.536445395337,547.8461927652542,772.983497526063
489.0,619.0998688798422,25684.34576387219,719.5289444988647
489.0,370.27231533893234,523563.6185415929,606.1494349106932
489.0,581.7740771798196,31162.176320696504,722.3209372498284
489.0,878.11092602688,1191.3268265968695,749.0885763571548
489.0,828.0610943221842,40161.12495178509,676.5538796524146
489.0,1046.178476774455,634.874255267038,725.4989317992287
489.0,358.04059672142495,372290.2595455378,648.4592145236699
489.0,649.2348183879278,140390.23362121786,706.0504756251894
489.0,448.43591305926907,306550.0016581607,645.8377096948009
489.0,550.4695635498081,32799.11061009492,738.3537537040199
489.0,750.4859728443089,39326.51581621507,712.0574275017646
489.0,1148.4853580726517,8597.725135422106,716.9323436911358
489.0,788.2180115466434,475.07019160570263,777.0691730825557
489.0,857.5206874253906,4738.723176798093,749.1729583986903
489.0,391.02609387222304,499801.0560815805,587.6584943847464
489.0,993.2880311671734,8555.527103101262,722.5396411150363
490.0,854.8854661823697,6849.400298568752,760.1266522790521
490.0,400.32410964786067,563413.1107809873,615.4634293954781
490.0,337.3622148850709,415388.1700654103,640.0464924493455
490.0,1106.4357118354417,487.6502644107829,790.0705687162475
490.0,1014.679455897066,558.7629264626231,799.9169653750648
490.0,859.1528602804347,7124.360715443342,760.0705484117206
490.0,401.7423998589784,763889.8312764118,577.2951609288731
490.0,1027.3436675442867,505.03443738156847,805.0631116144906
490.0,1642.290012204925,15365.535870068059,732.5885898455979
490.0,364.59444948986106,285991.84868497006,651.2953230398526
490.0,357.7503189759283,374062.66372760216,634.6696713623768
490.0,454.31147026050394,194864.30619617243,611.4439037688107
490.0,847.9613383200996,564.1678138570153,790.8463191446405
490.0,767.0751922289364,10583.260394279136,743.8339974701115
490.0,876.7483082541893,1872.9905924844109,762.543146259801
490.0,430.53765728601087,449360.3967436296,624.7419348626091
490.0,1052.7850123181775,5825.200968685356,749.475649008384
490.0,746.9671609108478,15293.750956135957,739.7830997584955
490.0,633.739462166583,17394.511317588673,761.0354911248263
490.0,675.5242562757786,67130.2582420187,742.4894234556116
490.0,740.8183879461923,64784.27086344748,670.8018272106466
490.0,757.9904854646167,32792.479870797564,724.7482881032471
490.0,1039.4611028097931,487.59960031320327,791.710254610364
490.0,805.473557910933,17000.725297622426,738.5271404923764
490.0,377.7456587132099,448952.632136732,625.153604726436
491.0,996.0384596714565,508.9404186237921,805.4472580439486
491.0,869.1711525912449,6529.384176338518,788.7327379681564
491.0,1050.381279059396,527.1423058154583,739.5442060715425
491.0,669.6019082844958,31383.938783294077,730.0961171694438
491.0,548.5151249549917,17645.221427013,736.6649204895091
491.0,371.07873553868546,439381.1825864156,657.0408372325251
491.0,380.71855699312033,510808.03018302505,614.0909983235988
491.0,769.9321440427505,7138.912944899202,722.659297829403
491.0,349.6287985013162,725605.571392074,605.6572931721339
491.0,700.8379688201064,60421.0718474424,709.9989571715003
491.0,745.5604020532138,16654.050432528373,727.1007834432571
491.0,832.8981256147495,164909.6585216005,678.1336003964111
491.0,848.5923764963047,479.81135699162184,807.4575344688977
491.0,748.2586680968027,16925.721810430012,716.3286132297922
491.0,880.0335858894612,2384.0737504008157,772.978877297393
491.0,447.3979056498831,280746.28617588565,593.595182628862
491.0,994.6730916521535,1325.7207775592321,769.7543927839861
491.0,656.741442060408,97474.75664156284,735.0401603184673
491.0,408.67505780284074,462471.51264569064,615.4256552470781
491.0,834.5589624360656,549.0296422105455,820.8970763042778
491.0,457.5291649181457,437682.4432513272,584.6815276700253
492.0,491.66381673429964,291320.71238249063,654.1636604280798
492.0,965.9200549110334,560.9297667659313,817.6480734494902
492.0,821.5510150137687,18568.216209318885,722.7252567266977
492.0,413.1912174308392,750135.5134754794,593.4650459018943
492.0,389.6723690374563,427963.5045142566,660.9176415484244
492.0,1058.5036132275593,768.4257868092441,797.6529793701692
492.0,737.5660491914082,48628.185268696405,732.9585536728569
492.0,932.2926277671164,3932.522658704415,710.7618946554837
492.0,566.7038588090109,84712.99377422368,745.10251837797
492.0,512.5368337100708,541383.7002183018,599.7508405231259
492.0,923.8591293804876,20502.62405866963,713.9944461706006
492.0,618.23868926307,81470.02528062116,734.6133952626932
492.0,504.6476442684577,743137.8677326422,611.333156244117
492.0,995.923398265994,710.7521078383588,807.1403286122942
492.0,980.3681985513347,44279.63854660652,697.6903980592305
492.0,411.11926719790233,367848.8888700321,614.6191046018755
492.0,932.6536599454562,2032.8427222036225,729.2639185652611
492.0,1143.4535815191082,511.9938100816633,693.357341161628
492.0,557.1411808486034,103103.13990681383,753.9110914206664
492.0,1161.1146790648631,28791.328639538955,672.0981260388307
492.0,458.602577851588,210860.1282697477,659.1945447393286
492.0,833.2182351748411,93068.30299819283,719.0451775961744
492.0,1048.133423355329,841.4375731208861,742.7900668127709
492.0,650.4302707603724,2317.879679707553,747.8995541175416
492.0,400.01186687287026,387442.89699558617,634.5401791677102
493.0,933.278799274652,494.4959344259233,799.4624076814912
493.0,399.69950954966083,429192.83775850735,630.8309730675062
493.0,420.6332797116812,282741.09711986565,637.5403000198842
493.0,382.5075616381772,327784.39380423876,651.3251898685025
493.0,370.80028677680747,300100.6736707588,669.8233010051565
493.0,1063.392242477177,603.2376722713781,779.9456563334347
493.0,374.868605478839,495739.1645014783,629.9070029829701
493.0,1297.1057354366433,657.2551330650215,716.0248174916242
493.0,987.9112081918581,559.4545374195377,782.9136634248088
493.0,844.6143587486423,4107.082370625502,704.2667710011958
493.0,382.1889024475239,479933.0768824144,642.0963929613229
493.0,1030.9321005285944,475.5486113152437,833.3081149551095
493.0,909.1548711112216,2977.351480397043,747.1427508812696
493.0,1054.336476707547,508.8247042726913,791.5017967878046
493.0,369.09104744205473,750991.1113144348,622.6840035055253
493.0,376.06681021771556,702546.2797377795,567.5054976603286
493.0,947.5080550377315,3307.0391307889777,727.3835952363465
493.0,418.5459392011101,277763.8249050401,666.2259965841021
493.0,887.4964830253213,512.233467330337,799.0394961818081
493.0,396.60653373293695,316480.7703491272,640.7744480118057
493.0,636.7984696119828,35977.73407252807,705.4238707359245
494.0,780.4410926203205,661.4869247423459,749.2549208547914
494.0,714.370608406033,25237.629469965254,754.9958797299284
494.0,795.7668133489354,3100.0736119075655,746.9067910633345
494.0,1153.7189670893645,406.8875217531413,839.1717709921332
494.0,819.1125371932686,51082.16538478797,669.9968697599072
494.0,736.4492827520437,17218.56505374251,712.1347871338837
494.0,622.1160340794222,116410.95154136223,729.4404969627211
494.0,382.2337990782803,331671.96313582634,664.1639586780121
494.0,1051.9719631308908,8270.647900221848,720.1388003334935
494.0,647.5786583349864,98404.2086066456,734.484974568871
494.0,356.7452019289855,599245.1964387466,661.6384961517798
494.0,885.7604116796032,463.3145168808579,777.4570216093279
494.0,381.1378132313032,369686.69844329153,654.7917097814166
494.0,739.4616374863153,9859.740322565827,739.2449715916839
494.0,947.9809527221615,575.8176786216701,755.970447682559
494.0,432.756224015809,429940.46809170925,565.4197732063772
494.0,395.2324252099771,448834.2499428882,607.9685044901744
494.0,385.73451302064956,659239.911235471,653.7327712473339
494.0,752.186525701392,11488.904067496604,722.0748780021835
494.0,491.83269855861585,199200.69433782218,653.0898632083832
494.0,1146.6196281085513,1091.7314258798024,737.1848057776515
495.0,833.0220149769822,5636.13301901909,766.910868467334
495.0,403.48150911474744,524038.70865127974,620.2860386442729
495.0,421.64870772189505,388736.4028662921,646.6238663411486
495.0,369.38624635637296,545723.4590599632,610.8778512798856
495.0,396.22925860270925,1078391.3239219198,580.9350563012725
495.0,1041.819251575848,10701.94861786195,717.7841673942767
495.0,441.0954616278883,607757.5257354443,607.5138328922516
495.0,456.32003526234985,314385.98996797495,607.2357725700676
495.0,403.9727890918334,436802.7997543544,612.1477250172093
495.0,346.985594245449,750734.0225256636,649.754100340791
495.0,378.21385408203076,742092.8403121178,595.147410166483
495.0,712.8683374512487,9773.77079173367,745.4647600716619
495.0,446.8920736133604,298441.92180364457,618.1273630151888
495.0,727.5242642720511,22119.00995845475,741.1967456243108
495.0,1102.6371148006249,468.91077787298457,846.9606172607454
495.0,860.9248211831176,625.8427191247022,742.3784718130902
495.0,358.63929354624827,414801.41134925396,631.6710390317852
495.0,859.4029859020416,520.0952351107942,770.8846695326812
495.0,897.5013976398311,14796.691156754567,692.9550924262421
495.0,399.3893296319939,629538.7803258919,592.9530364684226
495.0,867.3727943139614,65991.92628904115,730.1598675262904
495.0,1524.053622947467,10011.20294470242,739.2281285116239
495.0,414.15560872091925,921052.5518362263,592.4399090678947
495.0,362.31099730891646,408941.86358677334,670.6036393608856
495.0,611.8748972675832,41555.50768264618,771.253505092164
495.0,593.297229291189,141743.58097596603,740.1492231651579
495.0,845.8895146041148,1209.2195948719477,765.7805587851159
496.0,724.2269089559768,5851.486163802056,754.6162505579275
496.0,421.61902276033607,319220.8230554628,678.4416267983739
496.0,557.8746175938555,66633.21640073444,745.6089613168268
496.0,686.8827345483439,116279.66355855213,690.7403970517405
496.0,377.23504560518853,651253.2512467261,639.0222324701496
496.0,685.7009202038305,37408.97966893082,697.1857954749136
496.0,951.1840645497541,870.9598699940127,735.9978626869914
496.0,935.0254179178035,59849.8353920314,688.964125084135
496.0,734.6830343067973,2736.956510894174,729.8463432001646
496.0,878.3039638971284,528.769019223844,757.9088327966186
496.0,364.78359732021227,742467.3130961098,647.142324912191
496.0,422.13446520988316,971915.0913458989,596.2985030732734
496.0,969.7744710578489,2536.9502551181276,727.4140360862054
496.0,407.2838049373526,329093.4729178866,628.5446702940644
496.0,422.27271868045426,275441.863565177,647.3507050228615
496.0,1336.6757015873447,3593.492133663638,724.5396324464191
496.0,858.3581254619843,36303.400472778485,710.0924867857882
496.0,716.1082028224718,11157.636947050547,730.8099734631717
496.0,627.4309689592349,12870.532202887196,713.0305061297648
497.0,422.0209523400395,193136.9972260549,703.7396344035303
497.0,1145.5359722162154,582.7380775436318,702.4110420217738
497.0,1084.3482174920366,551.9313516889371,823.4705139857066
497.0,419.27728072350095,294995.25485637586,690.901788851246
497.0,736.0746401678622,1383.2424026726026,746.6345617528679
497.0,428.1748896510487,245203.8234354411,632.0226556501676
497.0,1042.449173681395,550.3541900063253,839.9094054731444
497.0,938.1979683491664,7450.215823264367,703.6452857270336
497.0,731.4486371285427,6653.7211978601945,751.6211146897483
497.0,1045.3160700349522,831.1065523184222,742.907082860509
497.0,546.4711631271646,63540.034247176896,720.3970399606106
497.0,855.5293720706948,872.8054407442904,777.735873278014
497.0,595.8693633494635,19665.22989704755,725.5442107987274
497.0,2053.7828471140724,5867.163520672048,695.3443638403488
497.0,778.4971579075342,56307.70828603943,715.7884187847958
497.0,1333.1396069216626,517.1617627991055,744.1548949728922
497.0,438.32572178269777,327881.9668134629,614.5217186834059
497.0,401.6026578027789,657902.6014671124,625.8737329619966
497.0,1087.127117768295,691.6059532979186,767.167344786683
497.0,1033.5937117871097,569.6676402150539,787.7973378414781
497.0,398.57384186038456,465275.4091250417,654.4818309085039
498.0,413.06535803230526,846166.62585384,595.7679826947544
498.0,343.92399676049257,260481.8342358146,629.6291677916455
498.0,430.4297967709246,228750.22299134062,611.9460546664757
498.0,1018.2983368486143,1141.6818086193928,712.3747614181165
498.0,866.1110077618948,2871.293052043961,730.1782542672461
498.0,978.4029812325532,503.3403632259905,767.7973742750099
498.0,937.2467304192925,536.8846079898274,820.6198220946669
498.0,694.3387530302714,7355.611350553664,681.6404917171302
498.0,874.9713303318231,577.1642259228632,755.4142537253927
498.0,391.8811126980315,542372.8510966157,616.3957941244465
498.0,561.5941869090537,67814.77012740914,717.0779619008609
498.0,656.1642218971433,87110.19139973992,677.2139663251643
498.0,1798.4998221924918,7195.937930215406,707.4776195701761
499.0,694.2489710057046,95648.70001294723,708.2396018583053
499.0,407.9541711020577,337117.7311165465,596.2324797871644
499.0,325.51054649665605,463154.4454264489,627.7924393996575
499.0,1153.3917000660624,487.85343833437827,808.21290106995
499.0,693.4958468531458,22134.98247598782,768.6401036830205
499.0,745.6024755792857,502.91341513152736,792.6463945413622
499.0,752.3616268987273,50772.34423822355,744.7172729011409
499.0,863.3769420219613,1171.3582210842167,722.0021010588803
499.0,391.6934705670787,1002207.808877498,600.7083291807273
499.0,694.1665032456093,1771.7825889544854,780.5525244970362
499.0,913.8434103485802,532.3917527256207,790.1603268513651
499.0,699.0773998968663,576.6917038347387,777.1010849250139
499.0,761.5738796182884,38471.92881911266,710.0992762391171
499.0,705.4246071487295,16507.117045497114,752.9229233907529
499.0,787.6690305621612,13742.691540067077,739.8718747176863
499.0,440.4082216738692,236103.0433761194,646.3712685719479
499.0,829.1373218963785,5562.269401336206,721.1187105756925
499.0,913.9605160587524,497.30505797184367,809.1143843163836
499.0,1664.4652540762836,459.9313070166383,703.2285488225832
499.0,613.7724010910879,124415.77344564174,732.3015032738153
499.0,967.705252319018,578.1014731669743,749.1275882278071
500.0,913.2763662632211,1687.5377041545562,744.9691180548676
500.0,392.84106096353264,385224.7704440967,677.9511238731171
500.0,609.0153405534343,13554.909731361473,761.7409885975575
500.0,1316.1325943494048,818.8226085165369,712.8284738672734
500.0,820.6348297664327,9080.190605455718,785.6503383765727
500.0,412.4709039588477,163231.91888962252,680.4520195180488
500.0,667.7889410294066,112151.12777431632,708.3249349686821
500.0,795.98587456431,531.1566611724875,813.229112942489
500.0,389.6158689977993,480680.66195676045,635.9049092244162
500.0,844.1583240239728,29905.95622110594,717.8071134021312
500.0,1157.3721318452695,526.7888414343258,847.7079733615514
500.0,506.23428899916706,174750.28515559834,662.8153827351375
500.0,1298.2551083843148,456.3552421069286,822.7720581726852
500.0,486.05747706879635,857381.7389497195,616.8660711994128
500.0,665.6962236521567,24854.68179839343,722.0192564671945
500.0,1003.0480512329513,947.0133371916695,798.535913375403
500.0,903.2558628707661,10916.850818624052,745.2294615234348
500.0,424.10165565048663,374770.97771387413,642.1753082223531
500.0,1302.072359037912,58494.099474442795,710.5866713610633
500.0,1240.7406813838638,5638.228297798181,731.0786552876991
500.0,953.9377153157643,11315.465201610714,742.7143770166826
500.0,595.1021966875903,20756.638258666044,737.7390783106258
500.0,1493.97772761791,534.1305441742019,702.3526292363339
500.0,1149.039333835993,574.0828814870454,806.9833178034934
501.0,405.31774733401517,308079.1851156384,645.018791216671
501.0,1018.4735111230868,18757.745997178125,718.7879152359736
501.0,770.0165108926857,27798.777097407565,701.6928521880938
501.0,1181.8742212254626,597.9195843534746,747.7978241219063
501.0,419.75440565129844,537951.1059097718,610.9805322726677
501.0,489.53369303722246,398275.10887061607,620.5978574241249
501.0,351.74815925060125,416221.7562028813,618.1671513682987
501.0,555.834442187858,20967.605853486733,729.8358646642179
501.0,389.8781100085349,787420.0574236283,601.8587577230049
501.0,974.683461173389,566.0899252351595,764.8555198279458
501.0,378.3977684939506,382361.9541881337,622.7682112563097
501.0,725.1539231417481,20459.9559068663,754.6673546928148
501.0,514.456308017537,481020.2483061212,582.3208067966467
501.0,982.8098132508139,532.1319801707264,785.2186727831117
501.0,689.1839270220966,43729.15307415245,727.4302302892986
501.0,517.6327244569769,179617.57845769366,673.4309149598114
501.0,815.8048863545,28556.10533365761,685.9715001730777
501.0,1149.3143299333196,22082.036916487777,694.5126080685154
501.0,1362.4994054727013,2546.4996961721213,712.8470866685376
501.0,779.2132994628299,507.3028803135588,802.6373945381853
502.0,393.56386288755385,192974.99805511514,639.5637782427418
502.0,589.1700696159882,87159.91546192658,730.8237742535862
502.0,660.9774507560888,7125.837841798477,728.1829259266116
502.0,644.8482212502895,772.7905331793387,756.3100981216317
502.0,403.53279008769135,390094.5309946138,637.1170699576894
502.0,934.0899769842531,531.3009077794884,765.7059979038306
502.0,787.0383888357948,72070.82370605285,696.1719486488623
502.0,359.38577094009213,480785.02327828034,620.6980148233563
502.0,1079.774570694384,578.0031849279021,712.3849198622847
502.0,468.9505596855764,165478.17393514517,671.9238986272549
502.0,758.7666991958542,138542.0664044762,696.4802899915798
502.0,880.9210313678349,665.1774162957502,766.6494798069639
502.0,639.9450689895165,47277.33251863834,736.3379587225987
502.0,1147.4849986973782,534.1180523162607,730.4367922121164
502.0,377.73960796232006,464127.4974237238,622.0212014768745
502.0,605.4954457502183,55419.382679847244,734.7546113008988
502.0,904.7343718601021,510.1129227043795,772.7891862485858
502.0,386.69960591197616,404814.1476308634,618.610056497417
502.0,785.428710004721,587.1374013584084,767.2589638115059
502.0,880.467005320677,1159.1004327902183,720.9353671767734
503.0,394.93766449207345,415795.94854850246,627.5035823298939
503.0,976.0493231391736,1297.583826041109,738.7322630505107
503.0,758.3088625903222,33146.43666179088,687.8146483177865
503.0,1070.605593673857,479.3339913987633,866.1668972113939
503.0,362.0628006636204,314419.0182292225,690.3142790671387
503.0,670.8962423355464,87595.13511615625,670.1770726726409
503.0,436.83887393358305,307262.9320111589,673.8016979870099
503.0,633.0049889402372,134993.90843160797,692.7600244772538
503.0,1413.6497122623266,1174.1633576490879,720.4787366659423
503.0,412.9441475979238,401340.8603825113,650.218535980468
503.0,1167.4058998932874,29773.468754652687,700.2122895184689
503.0,660.4054972461876,532.983124193371,747.3682042226434
503.0,1583.1102713569926,11336.882642033483,710.9143980063933
503.0,1372.3304757032708,530.7664105032916,740.9151772023049
503.0,1007.4197618684923,11552.437492217585,723.1793321624623
503.0,656.4336669016129,15191.198102516397,719.6849878898315
503.0,439.2870540823239,285948.74283830734,622.9120118162845
503.0,339.9238135683882,457852.2944951094,624.7930490767952
503.0,379.33088134943665,430860.4824246489,663.0450796955508
503.0,386.27960827911187,294849.3212540168,687.6355670906247
503.0,501.6263554570971,257038.52889572846,666.9067826670366
504.0,576.2609677353819,30002.94847664943,751.173194965398
504.0,502.55032699516545,365687.700392491,620.0841302760001
504.0,753.2303350096853,20842.499522165526,744.7214366245913
504.0,1119.2461432664427,539.1216399461498,760.7775619230324
504.0,461.99588377937465,618107.5790183659,586.7385601189338
504.0,628.2977212801203,76183.88882267331,741.3269693815131
504.0,413.96822891589915,312997.0585681147,660.2696602971063
504.0,404.64190859962036,555813.790876458,636.6580973066308
504.0,827.0119324993192,4694.848803726482,713.7216806300902
504.0,657.736752902718,14938.363059952924,766.8775942123777
504.0,438.1479487617892,434039.62499191344,648.4052888041522
504.0,367.7346218357712,479956.57154757716,640.1688035511626
504.0,755.7818386989616,11848.342752975997,728.2733192586637
504.0,902.3984286698544,576.2938345919581,748.2232622003156
504.0,887.425582027108,496.27014589179043,792.0464647433615
504.0,950.6121729895909,58444.92748620276,683.4250466282961
504.0,1384.86044760936,575.9317561963861,707.9852780600623
504.0,816.0296628044615,2000.7008503870513,737.7899534925122
504.0,404.98901203298993,753791.9766642461,580.9351019177255
504.0,830.7837376115002,511.83890499936524,773.8058558486781
504.0,1123.074983132623,468.1685017084569,723.2898576505968
504.0,400.55811496783,300389.11699590617,663.0395358102894
504.0,755.0464401406765,46172.21443522301,727.264504651801
504.0,735.9692193235265,68270.70898836109,735.2536795456601
504.0,363.0335622376104,250893.19194098003,670.2914290355408
504.0,1148.985189883374,4649.6574602192895,722.1824091606306
505.0,822.8686422345862,11617.45389548373,702.8640021699847
505.0,708.5265694441189,933.693312433639,779.9657284092299
505.0,390.49012599507813,398874.52652417345,648.1897746505207
505.0,493.2444259730448,470346.76342401386,636.7232671487106
505.0,1058.8851728763764,556.0506271687885,778.5969666318608
505.0,657.7508757630682,52088.4275002633,700.5953900261222
505.0,395.7631081574777,520755.41085724236,608.0843245943518
505.0,855.1718316801255,1649.4506280419591,751.3525019051839
505.0,698.1627690589035,24118.382347686267,707.4353426085888
505.0,430.162608245048,305979.7523474267,660.9912264158669
505.0,984.0175232016405,5312.97878165303,749.5480534402186
505.0,1097.7396166791484,483.27473825237774,861.4835786390694
505.0,1753.201829732318,9799.318327081952,738.8564596091995
505.0,504.7244929679955,381051.26145121077,628.2569513452937
505.0,385.359864495935,642395.4026477914,593.7826364655597
505.0,1014.5580668808441,555.0014264919581,841.0297942310788
505.0,417.16536675107585,737016.5934625171,592.0111223901018
505.0,1213.9181672141237,468.87522393022783,834.0731458055657
505.0,953.1112037555112,575.1218414971162,790.4067385887053
505.0,1337.2360465725085,967.2249405210191,754.9719455484518
505.0,798.4597056982475,21548.540100078622,713.6206658471864
505.0,456.17219580836195,299482.1179371542,698.6925562436757
505.0,473.03468930645795,510564.7968016036,612.234417012071
506.0,838.4830978712964,523.3160233659648,793.6168555377023
506.0,1144.883463180517,18621.14934481711,716.3522703069629
506.0,816.5028769856151,538.7977603097243,745.8377502169823
506.0,351.219266083833,648989.8180043895,639.9503892561916
506.0,693.9147682234786,84931.24456247159,714.7005866154973
506.0,1074.6377174567976,7480.735196536065,726.037021216469
506.0,655.5898272609824,15048.998755727145,753.8484781871374
506.0,637.6084590008587,31418.292030694975,739.5550543617611
506.0,993.0515753757511,514.7155795659177,822.9517100273932
506.0,445.36029925151405,352192.2423574348,643.846138810265
506.0,1423.611477397627,605.3649708183352,725.0061593638117
506.0,420.79634910882214,496215.88084993593,597.422488361607
506.0,715.7711560905174,77124.8189671374,713.3866821403559
506.0,658.4008806991188,37056.207426615554,735.4111132799604
506.0,1278.9502358883547,7624.219999922136,695.1808151172596
506.0,613.2827277089908,135801.0741689738,678.1853633339645
506.0,431.16690757090987,362672.02755398006,708.1829648394919
506.0,430.24695473840603,219018.1863871211,723.7214144000025
506.0,369.3513038847567,763076.997098893,634.0589463996905
506.0,1095.8630750244508,966.1706525783609,744.4630699163557
506.0,438.19259532886764,378663.9079247699,641.7856546933323
507.0,354.32488894701714,333040.6411821718,639.7740599212161
507.0,495.764927851347,509275.409339009,610.8049139582807
507.0,909.4304506683226,925.5608022917933,758.092464208545
507.0,782.1810023728859,15686.987864980105,731.2627289882823
507.0,744.0721561095871,90455.20326314295,655.5677504486232
507.0,1003.7006166089109,2929.8344543122294,715.7517033370657
507.0,892.6432474607257,20118.448659552436,730.2879335981974
507.0,373.57662952033,520636.42533874704,635.2380837733148
507.0,385.1346413725909,589791.8751659181,623.0573946185484
507.0,404.5005067081398,788485.946121212,610.3605187442708
507.0,706.7767311620984,27623.208149620736,738.5615521280359
507.0,421.0869946445145,636614.5411156147,583.7138553744797
507.0,549.6818008631375,28515.453584033072,760.1030591811314
507.0,714.4679873418285,24037.196898172275,784.5414312050809
507.0,657.3724233678016,35400.90478990269,742.8017285164265
507.0,589.0583890864663,63746.02343750036,746.2095288948615
507.0,805.5553855842664,554.0589998653103,758.7768301704492
507.0,406.7503445451766,418940.8785326113,633.6522402861824
507.0,738.6366839221631,76068.47680839816,694.190119655139
507.0,756.7054421875856,75344.6256643735,725.8402594554744
507.0,854.6670635395227,517.0924814783771,784.4533050635004
508.0,578.078358719762,56171.242915332776,726.5093766914191
508.0,965.0378795812762,476.8066161652989,788.0347244975017
508.0,1127.8108200283732,595.4531022934241,732.7580016116066
508.0,1161.5994108042682,461.72111864240605,871.9096861221353
508.0,748.1056422514957,918.6912762726628,773.088661800481
508.0,576.3797589826944,12221.08228463609,750.9590928974654
508.0,621.4135232271137,44670.45892638386,748.7468536961086
508.0,673.4502078615918,16404.43372312448,747.5206785138366
508.0,624.4682549181018,27700.969381991716,696.6327078585987
508.0,435.8263459541942,631817.5977156784,601.8524381461234
508.0,882.4759059862007,5034.245590803172,737.4033585482954
508.0,899.0188523724166,481.81143251931775,787.4386657535184
508.0,446.43490658032374,677871.6059175663,568.9512661098127
508.0,1327.0926846969785,4103.450387682522,729.826057923007
508.0,386.7185755685755,250898.2635896549,616.8146092092784
508.0,1387.6512312241375,13637.931520433684,713.4654635764903
509.0,706.9865028434037,95730.20037270061,733.6489988071148
509.0,987.142437662845,765.2985984183482,744.9436517393352
509.0,802.3571404853244,1237.330589793085,775.9696175890372
509.0,1439.4252656801486,500.8373171642267,688.2405490504624
509.0,488.51119935243884,426607.79047814204,605.5318718033639
509.0,848.332155726197,540.9637359459787,781.8094238616532
509.0,801.2708689861416,4097.594853940179,744.5224992300498
509.0,871.8027082875411,478.4366610640434,808.8153997244021
509.0,981.2359465365821,4133.157732776465,723.9632927873819
509.0,1445.4529635029298,29669.60204014025,671.2435619604373
509.0,990.7147313857213,545.5501457090754,733.2821248861814
509.0,710.4770334960892,9596.20136389215,721.2660295074625
509.0,619.4114560516341,36518.50124721861,742.1267182063962
509.0,396.8243075836045,446608.83700957877,609.5532684927599
509.0,718.4806565872026,6334.003280512816,726.5764937269504
509.0,391.65304167500153,385050.26829240326,645.0235886569938
509.0,658.1970686497426,99776.13835550095,725.3837569880902
509.0,1273.1900367914361,1086.36598455996,717.211603966862
509.0,425.319947131784,343183.08909323165,704.4795888915306
509.0,853.793884018366,163966.75134921458,691.3352270574368
509.0,467.23901183163434,261593.41330118457,689.3189371930238
509.0,1144.8900136843677,559.5342872372149,732.5465496659742
509.0,709.9325998953116,33634.32947172538,712.8144695752559
509.0,514.674691004615,1016277.8977006918,558.4146003419721
509.0,380.0653493893874,649065.9081791259,644.2600167842719
510.0,863.518086819799,4332.986539417333,733.7222763158574
510.0,1180.487191626021,510.49383134642727,721.8003117805529
510.0,1790.7539901056414,524.1241733084215,677.55493129874
510.0,818.4950617148526,518.0195335218737,788.0492827812728
510.0,408.5227152954888,375058.42790896026,645.2628095414755
510.0,980.538033166649,651.740754293341,765.4669567940867
510.0,742.512823359285,104612.85347519317,689.8119079867564
510.0,370.7613215878449,577055.282025441,616.0980943809966
510.0,524.1597752321198,289554.238667383,674.0569027686093
510.0,832.3893895843303,743.6880409956754,738.0760834690758
510.0,784.5944238244923,8632.2641389132,741.6887633458571
510.0,411.43792435523676,353333.907233534,615.9685802052076
510.0,700.235493988775,40525.587203890485,711.6406103514352
510.0,781.1823970894463,505.9486011505104,802.7945224680125
510.0,883.9751971493016,26177.39186775856,716.5292628673963
510.0,1073.8942832469584,26071.678971015182,700.2496530882714
510.0,691.4317570751568,156552.26963064476,749.9380664849222
511.0,664.2920693084674,38050.56043544768,737.5299854079193
511.0,345.58844617053836,698925.0699736044,626.6872325926424
511.0,411.359947242846,467135.6457106059,575.0583566903547
511.0,359.2306890171175,407170.2648405206,627.335880255599
511.0,355.7732379686074,486557.3637473838,630.7629012254993
511.0,939.6744891075454,513.919385181719,771.833476336053
511.0,711.3434953585075,23429.83952314051,759.0380480794962
511.0,602.37686400625,67675.16677431959,749.7445063557175
511.0,1040.7076882713457,480.4787956541076,850.0189328151655
511.0,1243.9762860454682,512.3975936936336,847.5379721676161
511.0,643.9374419848856,48606.20770951679,727.5136373425793
511.0,1601.6213895514643,894.6902979944466,707.309043605738
511.0,744.2587344867317,33883.84031591047,728.5188992623819
511.0,586.369468366273,36566.33179832189,762.6184140782309
511.0,836.5947233230272,628.2072401339744,802.306964559541
511.0,349.42916907177283,666124.2216317032,643.7957874589465
511.0,373.86299422507693,335491.7003646692,629.0537683205341
511.0,1173.9314443096666,613.6715895833504,712.4294463057744
511.0,975.508160684202,3703.3943351910643,701.9499908075717
512.0,368.48633480718564,707497.1284281866,669.8237899346684
512.0,1104.5748105627229,4952.057900863871,738.7800536323683
512.0,385.369465468784,439568.94837689254,620.4155230806533
512.0,507.54325825249725,286484.019808852,718.5485092464706
512.0,703.340315677511,53118.06761518257,726.8718860407882
512.0,412.76107994678614,417011.29503770196,630.4918486219118
512.0,1119.0821364770259,696.9646808067934,757.6299110335261
512.0,1189.5344425752135,487.95569442007746,859.0812015635336
512.0,1038.5290297490073,490.4400679899123,759.0064700105809
512.0,1117.0455222523622,5897.684275088472,701.0415489402699
512.0,1089.3765223743865,11028.61275877856,746.1066552458303
512.0,399.5675371627164,616679.4850064073,592.3009862635352
512.0,833.3113619478837,41378.77578180133,674.8867778283916
512.0,426.3754747503093,304142.68905343534,636.0845583851533
512.0,892.0979719827659,491.0207481855743,781.384692555995
512.0,371.43358021293614,430116.2817326116,633.6149710547444
512.0,873.8300017473213,522.105071864676,773.209216479913
512.0,1090.3471858136636,14289.604020513965,733.3892473642828
512.0,643.3950524992432,37344.14487874323,728.079859944608
512.0,619.7041400801091,49465.800475713186,786.4775187008479
512.0,626.0543752907249,23806.646769339903,748.7070453101774
512.0,844.189095854053,3709.1155842295725,756.8614699391226
512.0,402.62018524109004,371143.71537259815,685.7246215089797
512.0,819.1524029361457,6970.124272175129,760.628508957196
512.0,442.3713141139517,616226.9486123052,604.2111656189002
512.0,935.6425852579094,27517.11852998665,743.6111942750221
513.0,358.4676689762485,817681.3178847984,583.3213436243949
513.0,405.5161753455899,427948.3902267002,667.7532466954622
513.0,407.3528235965256,676796.3984600344,594.8659673420293
513.0,800.3726361758324,12608.010627876578,728.2108110724487
513.0,462.46722607566886,358200.13978645956,600.9415440587494
513.0,1085.8800752751295,507.39863592998955,831.5154664056337
513.0,988.3764349416591,546.1492800101231,825.4848182944384
513.0,390.34516338557574,326526.00977380516,678.7397109711698
513.0,1595.2548550765202,4661.424650622346,733.2729761011655
513.0,401.70566343639433,642175.2988442983,627.0981115408792
513.0,633.9565500939005,29679.894262130372,746.9622562873468
513.0,671.049693764204,21235.691569902177,718.1425933379646
513.0,509.0236666815714,238400.13448009093,650.2806017510105
513.0,807.458507670785,575.0856213858151,753.6316623429086
513.0,910.9193463044652,554.7998121801737,808.8633693895572
513.0,556.3067387955833,97647.5941416493,755.4534601429572
513.0,992.6757918984998,1042.0035454773067,752.6178146376913
513.0,1092.6650467302202,5913.812076120619,735.6925967552036
513.0,572.1522458292113,83741.78833606394,700.0447104298356
513.0,669.8914840835512,36501.16366662817,706.1864664725477
513.0,424.0313406547181,494686.1690600789,652.4524741740069
513.0,910.2782092765766,10929.53948800647,724.9536941114403
514.0,1066.249551239186,559.5053554194368,713.216484611986
514.0,397.7018177580858,427579.3759040991,618.7455673049122
514.0,416.5950545720202,328619.19461901,617.6622848952461
514.0,1027.7729576346176,89694.51573491478,691.1003136340573
514.0,1131.2934197158465,556.9593970274778,734.1637658558703
514.0,492.6799428680358,552667.6408458588,601.1249174253925
514.0,650.6790256328659,19435.265813900958,705.3450493107866
514.0,556.0821826263416,43132.31875825986,735.3651344109729
514.0,911.082869681286,525.4453279553118,805.0217861447928
514.0,894.1713079539841,640.8191336641127,724.4428976523952
514.0,1861.0371857633802,5824.71686617116,702.1680455333258
514.0,362.9404069106696,629933.7021229932,602.2278529439376
514.0,801.9285298543062,17167.0686415711,740.1650158193378
514.0,1670.8197685890582,9849.140848032077,704.0854383589941
514.0,404.2695555024321,246225.0091431958,624.2003367050496
514.0,912.7412390041113,556.74638456696,770.5572206929306
515.0,820.1069396008232,1475.5082328611638,773.6980625005913
515.0,1051.6125854329039,504.25618137307896,860.3095877818592
515.0,802.1593864668328,10375.73257059116,747.3629685132539
515.0,1085.0883544215235,72259.63612222459,695.3342922945887
515.0,1225.5021649712269,1541.1602002121429,708.8928695184611
515.0,771.1754539282088,12423.181782856576,710.4943500339072
515.0,1466.2380017866303,592.9497945180462,729.6100262507531
515.0,401.0665014427054,541349.2498625474,656.0958300437659
515.0,665.5384172132199,83751.17591619807,683.5347916728392
515.0,391.01727396386883,549162.6757899867,650.8015204692723
515.0,541.1728977544714,231783.81159640037,684.3507598440309
515.0,635.4747156328565,70854.6887822354,738.7078914935248
515.0,1152.4401765817363,558.4739786813241,840.2205518823129
515.0,840.3729719507268,884.4425906656977,749.6476900447522
515.0,950.280465522306,5672.1031163382295,735.2969434733028
515.0,633.5176147440634,16128.14307145322,754.7908879387138
515.0,424.3918538465521,247478.7048860433,674.8559412082744
515.0,357.3739684275397,590359.3323607317,600.046731350338
515.0,857.9079902520197,568.2618209232446,746.9065101644472
515.0,753.1820694961802,2903.237232231753,761.3426550452114
515.0,681.2195463335162,37115.13826357395,721.9781949067451
515.0,681.53090564107,81826.75480142585,696.7315057115026
516.0,640.0807307756866,17865.548516124403,771.7441899948989
516.0,719.5716871880137,18157.215234169915,696.3976804852133
516.0,388.0405509634739,597238.2058519872,619.1138998309128
516.0,419.2926367613666,481192.83118172723,650.6800811376518
516.0,555.6066881390993,536343.3779487462,619.0288980676607
516.0,476.741840613858,252206.26103081924,626.9098040302015
516.0,822.834443025999,9989.96559115497,787.4871778597769
516.0,1409.9929211643214,567.6152204720639,752.2164213611323
516.0,414.8046073311417,379378.1017125374,695.7969397180455
516.0,1457.9377320182361,34917.77326710788,691.3883870924104
516.0,865.0548711115624,16379.309017568256,735.3455367402554
516.0,921.2978547445198,5173.165575849571,738.1699182548164
516.0,1785.774903508803,686.1203952260762,731.8882500411441
516.0,1059.367052295242,7578.374859764495,709.8555181386662
516.0,364.0860351988764,475375.10152390186,672.9542519656405
516.0,1057.9968371928676,680.5740611139486,775.668225225767
516.0,1059.495193440113,481.1436280061302,824.7436157115353
516.0,1114.460112283888,1515.2738773252158,706.3235964350945
516.0,813.102781417773,15211.96706788651,736.3100023116082
517.0,1180.4608623862077,551.344918077503,743.0431909103571
517.0,961.2130138668196,513.8107419282913,797.8486603621762
517.0,814.6588500625542,17990.512476195956,736.2843986055906
517.0,737.7561040459148,38933.28697626789,724.4677387279205
517.0,669.9400364208516,154449.77069332552,728.9642015492891
517.0,642.7496310435724,25993.66524133086,744.9466402648832
517.0,422.17377587558184,594142.5746628699,634.9284923425149
517.0,426.02598947940794,346302.09637053724,616.1615295877599
517.0,421.3593679647257,363685.91397330654,648.4726502153304
517.0,726.9973898699207,78801.86929778509,722.617339833418
517.0,682.9623156383241,45938.5646741109,724.2308730485435
517.0,1300.2341148448493,569.5744285501489,689.8474417481439
517.0,1575.8060647053223,561.5405217436369,724.179482560659
517.0,1016.8106271827673,497.2602952448026,818.3278095424672
517.0,969.769307421696,11250.657608859106,773.7523457637889
517.0,365.04508426043463,634452.7281439434,560.406661730869
517.0,604.5024210430911,57506.80715052145,769.2357355422863
517.0,779.1253377370011,52523.12520077928,702.7852158264112
517.0,984.1137055785954,3361.2923631519798,766.2482188918872
517.0,898.6252027371494,545.0546527189572,787.793595993066
517.0,998.4145846317781,3930.4507980319095,739.5071415350915
517.0,418.7527287243391,195988.06054553005,687.4963431313482
517.0,1295.838495514142,697.4645041531869,724.5544263774532
518.0,937.1107462523149,512.3179507113211,809.6734191492474
518.0,956.8589328440476,525.9423308197509,756.5338955891773
518.0,892.7752794487639,10153.119273441063,722.2484430264874
518.0,910.8009748420707,983.4622027185201,743.0307190622382
518.0,864.6244213386542,83314.38851352531,726.6019564581236
518.0,612.2484929279333,22365.635614265833,756.9883347398063
518.0,601.0190673620369,36334.07943168871,781.812053663163
518.0,955.8084518754353,452.21635228657976,808.1166747519708
518.0,355.5869406384311,290892.06905003014,581.8509474868418
518.0,1012.840751712546,528.6273653600417,740.2751841633574
518.0,2369.7588584322416,34363.250074595126,700.1817018454983
518.0,818.0945143180122,895.7982508335875,755.8048100428904
518.0,875.0175716755022,56871.85968541433,738.4348622917524
518.0,890.46178153362,40317.68501451057,711.26978021326
518.0,1158.55311912868,526.7157435611397,733.4312879597325
518.0,995.2216622894186,2612.900163246195,741.2938710769274
518.0,1679.9777296263987,6395.927448411238,725.007214308009
518.0,1776.5368196818788,564.6466536986638,701.3564134547191
519.0,409.1274975834975,572270.0272473206,606.88623361891
519.0,868.3007726507238,574.2462944383203,760.9309888413908
519.0,1139.0868368835288,5813.701669032903,744.4474786933713
519.0,828.3556504796603,499.3745493397712,768.6020503954531
519.0,479.9156041975356,268888.6307331072,688.1343457168183
519.0,384.1151657774069,341159.8576268959,652.3976664847756
519.0,782.4435005549615,65048.55994165404,727.2874597787815
519.0,435.0878163728524,333645.88066931284,598.1199276375658
519.0,667.8283646854404,8852.08203353012,727.2999872823517
519.0,604.3171314888307,12106.319129540594,747.6212466283198
519.0,1057.8142810979002,463.9891499506902,764.9329145342044
519.0,1197.6289166192917,11080.09960204163,698.9373991551817
519.0,360.325918766924,524410.1084698202,615.201496057871
519.0,1081.4058216929209,555.2894532184356,747.3649975203214
519.0,428.51561409543774,493689.21562455804,644.1036935387826
519.0,1213.07798703455,509.4486231730663,722.4460732827616
519.0,1650.3791539085382,538.4059204400706,705.8665432572819
519.0,861.7634473690676,22825.796970895935,697.9592265216498
520.0,1285.9893105319516,603.8779258141072,740.7267347142636
520.0,420.91929941851384,434367.9807174261,592.2197609436134
520.0,635.5668090182563,98254.89621597483,735.7504025776428
520.0,864.3031612078985,13469.26062884324,760.7671495517761
520.0,951.1845465626554,701.8683554297228,741.9387025898166
520.0,641.5649551588538,18377.103161049403,754.159131184955
520.0,959.1934504596949,73796.47038083528,702.3645706312087
520.0,1013.1933155127417,545.0223475945226,799.9757949461599
520.0,673.1192501851029,18456.94034771926,733.835405460524
520.0,397.3150650041116,548823.0399198,637.6327056860068
520.0,715.7929703130052,9150.437628364021,768.8877665002003
520.0,461.6058829123221,409275.5870772434,608.2786948434832
520.0,1997.0309678129913,14484.503399890495,724.3682917805992
520.0,974.1973933899849,571.4284456333618,837.4174973333371
520.0,351.2830601874215,306712.40223814093,680.9372600760764
520.0,355.49994275191546,848181.5660516776,607.7333979382898
520.0,663.4553606590326,89428.07534197406,745.2847686383988
520.0,809.6623263170048,4683.60296426726,796.3909697786703
520.0,1319.0162411077456,540.9028860477874,736.7451392010215
520.0,695.2319820836742,49921.40679606236,714.4801657171028
521.0,633.2586171232929,21175.9918275687,734.3741103895676
521.0,1008.4689438263297,5779.812817092839,757.3086112180424
521.0,409.7831664037672,980090.6545314739,570.3579937351935
521.0,375.8914553957099,645664.4669788644,629.662457311694
521.0,1095.1442006777436,576.313613084169,708.121604162213
521.0,700.7709322926617,50123.999566672595,677.596689186502
521.0,1016.1082511494161,548.2061491973901,824.1594285135146
521.0,831.2721147817191,1755.1343913788671,762.7167557642662
521.0,899.3120727966254,16643.024846306544,734.1827728236158
521.0,981.6331222148167,17033.882159905905,726.8742361410532
521.0,433.3023907258379,387909.06750868034,668.9869657086241
521.0,601.2487635976042,32932.69040035071,729.9928903202106
521.0,783.8997226707661,19594.050968323576,714.6993625306311
521.0,362.07036495775446,332390.6327614298,690.0030416249066
521.0,1025.0464937364163,906.8045707319911,796.6330474684822
521.0,893.8588455638816,2373.1448726075546,761.6815048716298
521.0,380.97788812189293,529823.6825130145,603.9285701899552
521.0,423.1411495054467,137670.5920117634,686.9831722104858
521.0,655.2246928791603,86759.56103678436,690.5663482369597
521.0,559.6925152684832,517875.39132810204,613.9305028514743
521.0,921.3423006874989,9493.984778063563,739.3889672428626
521.0,580.7633348283775,50306.3411282057,696.0305925070601
521.0,1111.4015836865328,563.1876809158451,821.6485090148409
522.0,348.87607292190296,409016.83584467665,591.4476898637336
522.0,733.2582729009782,36276.33583104309,755.6797683593794
522.0,377.3184718654703,383735.24945348606,642.0856478719082
522.0,461.8097134245998,364236.39692561625,619.5126681385343
522.0,596.0755751430049,85444.38132289726,717.6666459953675
522.0,1181.6254181979884,845.1986651868935,811.7732856301744
522.0,402.8191698977246,464178.2660664803,577.3111527259888
522.0,1351.0247922314898,775.3674156290481,836.8740603029988
522.0,618.5981404628051,39769.438077587416,728.8592926171993
522.0,1191.4544923045346,563.8242997143091,868.5701891293909
522.0,774.9323719568183,17433.6976044698,777.9505777638708
522.0,411.5877832639508,401939.22075774154,612.5809266704438
522.0,811.0505344634346,18588.298548464638,748.9641288389028
522.0,425.83201399705877,524027.3427182061,577.1872843199338
522.0,859.1880760917393,13486.283041529958,740.9213104228531
522.0,1624.5188700175202,543.5510480541191,701.0878183613723
522.0,818.3602691794856,13240.811108786029,751.9166249049985
522.0,504.9328368592437,289852.40243823547,648.7055202663809
522.0,1216.105608425182,1597.5917039235674,788.1832180420477
522.0,954.8166679584511,11540.681212858131,764.3054508018396
522.0,981.6772416889725,16171.191892785024,740.3474438121881
522.0,904.3149139525524,39315.061349730866,726.803300432981
522.0,998.5994428586733,20641.92278395013,694.4435329541609
522.0,652.519718672746,26972.42018867311,758.6288126169148
522.0,1479.6001181748277,1614.125205204854,701.8243277448677
522.0,1105.316322251878,5437.69378703999,712.2303080407692
522.0,1204.2835530626853,2653.2372623585607,803.6166027263451
522.0,702.0301053948242,49577.2225777695,701.3446034447543
523.0,685.8633546142357,10331.170588775873,707.5116770499573
523.0,894.9696472782759,4248.630229660568,704.0451247920034
523.0,2229.91765820048,19325.837887927053,697.1522653317476
523.0,357.39427344398985,422201.4026638754,634.7172597386664
523.0,1009.279493873126,572.3771833437431,741.0971382812861
523.0,388.2838974043178,295489.8421435693,690.3635076626177
523.0,734.0850896834054,8035.262270665461,735.277956625786
523.0,1149.6050517892295,535.340220912112,833.8481744268988
523.0,430.24261757560913,363442.7491568214,611.7485719781766
523.0,367.62031712267276,387259.7204508686,648.010465220541
523.0,413.5298578568262,308690.33449919673,622.223740097607
523.0,496.26325125407186,299609.761892268,659.7523054859066
523.0,985.801509578866,559.0191322012022,790.0724688143883
523.0,444.09749318988514,303893.46995001944,685.4074388997734
523.0,364.548217884394,657997.3149848643,583.0424217252984
523.0,383.8046063007441,342745.49038084096,646.0263749304531
523.0,573.9050411786209,36518.388805998264,717.3864542855897
524.0,374.6220508321131,564770.8120407893,602.0868297749109
524.0,605.7069749603053,27818.101552489476,765.3550470958122
524.0,956.2282376404675,777.9539441570676,769.0229833375345
524.0,1088.006329133369,1092.8227942725453,762.0974822121423
524.0,1108.3477557327963,3570.0457017819544,714.8299457591592
524.0,377.68086372498,449801.8241641149,660.8298718217044
524.0,472.41399511369946,308532.37426716567,587.7753700572441
524.0,1129.5221499436327,495.1041312746142,836.0350116865399
524.0,937.1365936471283,15613.659049078475,717.5051600153384
524.0,609.0369815240363,38103.28706848955,738.269998010655
524.0,887.9326718782094,1255.0974065019539,789.6404025953425
524.0,1684.6750509576423,1703.1152119174774,715.8236450948189
524.0,715.5915231246206,30766.69915398505,696.7275109945477
524.0,1089.8988776795013,542.0348010138176,792.3585555772884
524.0,638.3134168298633,37284.841615883095,727.7966232748169
524.0,704.8110274571286,13484.235927977412,759.5838386678877
524.0,1085.8781200878418,522.9069946770535,803.6063937585478
524.0,401.0644937791813,832578.0861096805,594.3343726337304
524.0,825.9907790784539,4651.32693687372,717.5198281725718
524.0,721.3237797476186,16295.962020709043,742.9399656486481
524.0,382.3482619289585,974817.9530424483,593.5458689208356
524.0,1468.8976570060604,20058.095390509203,699.4562724188485
524.0,648.5799277161088,71519.41048065682,701.2740480072222
524.0,743.8681162040442,10887.108133312331,738.2808904810796
524.0,387.37603913299085,429840.5710813578,609.1456005270788
525.0,747.4715032748514,49104.80898692028,716.854263325367
525.0,631.2570879911436,201839.4141971822,716.3288616911666
525.0,822.8897756886644,8297.988372706826,722.5734855711625
525.0,360.5787463329752,369874.11878412246,639.8025258870653
525.0,391.35671034154456,437143.53437717544,598.9112385115126
525.0,809.405637404746,9065.072146270886,796.1482526293678
525.0,1073.6463282974862,16823.78186634637,714.4434141753919
525.0,453.6833587690793,223327.7967153206,594.2846630514563
525.0,914.259173116137,628.7910329787255,753.8104084394517
525.0,978.1122333826834,6369.139581146635,725.7827924321858
525.0,421.61337385202984,222061.6356876107,636.1940455267506
525.0,401.1628673191436,795151.8721932826,561.2703327470484
525.0,701.3463191955911,48702.09191017773,726.474012382372
525.0,883.6561353410975,534.0763438973926,772.9890048059465
525.0,411.5055132186132,383438.7065775451,610.152591532794
525.0,747.4631886095572,29178.04903326473,785.0302280986826
525.0,648.2599819259401,33269.16809261771,749.3150229803223
525.0,362.28189501340376,554247.1584243808,623.0970800565459
526.0,760.1197869050045,6334.842351009191,746.6535777801164
526.0,346.63156763612034,468345.78037513566,641.1149151903172
526.0,486.45119823199127,404765.73729744594,678.1582659584251
526.0,805.9541528978312,2673.6425488764357,735.9634270863422
526.0,768.4951477392883,9981.976845007579,736.2109511850964
526.0,771.1378666253349,94280.42321546277,722.5739022756358
526.0,952.4282846551223,501.6011162876024,809.274394906993
526.0,368.0156872684093,536451.5731286623,585.218577217654
526.0,810.2764749281002,536.1040272188908,775.9888505905236
526.0,679.1014068762952,42617.40471434284,743.1850467179396
526.0,884.8553302345886,598.4426455934687,759.7020168049498
526.0,564.1571500926444,152529.85316367575,707.5455116182499
526.0,828.3761985905494,9910.713015242876,711.3180866341127
526.0,359.9480611034114,592984.8806091029,635.015999263892
526.0,718.7567592897731,36198.031771619266,757.6908601987187
526.0,456.9766924093765,491283.11907696986,599.6101502112067
526.0,767.6783472012388,24772.312351308254,735.3956202276031
526.0,1044.4932974208405,578.8734178679783,730.973748865316
526.0,434.9265446729851,306625.90539659635,686.1255152528897
527.0,418.71872199692575,362151.0978492274,617.9156145630288
527.0,552.1367495598491,170448.17762198576,670.1192334247069
527.0,405.1906949549734,300182.178646991,663.2565801714851
527.0,829.9562109040594,13150.219913177907,684.1775047901721
527.0,985.8331547345684,567.7693226707046,743.895769000216
527.0,811.1460446593272,536.4114809383927,762.9184968530059
527.0,421.5121213306241,251471.43243201208,708.7596934186569
527.0,429.9218645362735,328522.3955551759,633.0240258006928
527.0,643.2171962941134,52959.96958342148,696.5551357974521
527.0,605.2334540430691,27426.05374075893,779.8603320468816
527.0,636.5931544050186,36728.83767193407,737.7281302738442
527.0,826.8758662924012,456.26309577041945,753.2268259893455
527.0,751.216784238934,50132.62624740927,700.0642977655665
527.0,389.64243244560345,647226.248782888,589.6219913726944
527.0,385.71316563835956,540252.12378824,654.72958872606
527.0,790.3749570494347,101841.49737930419,691.7479126857817
527.0,1842.5120214329918,7205.385662512699,733.4746831370235
528.0,1311.997409820849,533.8907120798386,884.9929538852442
528.0,601.4553973930634,10964.258065705599,771.1988992455414
528.0,1328.157316596759,503.42352565929025,809.817568669385
528.0,1015.1548366325119,541.5835340796241,736.7425288139402
528.0,398.20100290692733,465292.43288844725,644.4546962565789
528.0,863.4618749921663,39769.677289187755,710.1564944692825
528.0,442.4635324543392,441931.63888586994,624.4270052946538
528.0,888.7754351081069,556.5360430127979,738.0884839612395
528.0,581.0517504715671,24105.437846432575,767.5143063553321
528.0,443.4526729118805,315300.46551585494,661.4077283078104
528.0,625.0613444829811,71302.22398840607,709.8827753651399
528.0,638.7722261828625,69452.71331153356,742.409078343193
528.0,1033.497257462468,1498.4266591189066,726.9574677030866
528.0,971.5570641554332,537.572151160555,806.4052865708936
528.0,684.0892673643452,13074.96344588221,726.2179789333621
528.0,408.80706476534937,464906.518390795,597.1058422424102
528.0,1578.3708445667216,16924.29672881943,698.1043238601759
528.0,429.4059669950532,860165.2942206833,574.6402682125558
528.0,1046.6058441143475,538.5095332443894,793.0451068077575
528.0,1432.2653895812575,528.3992835964251,708.6314952525838
529.0,1024.2603662732256,492.0186546396314,818.0466192831933
529.0,1107.2030429787408,9124.922918405091,692.6494639075305
529.0,622.3158274471211,87263.48649976405,744.0653978983285
529.0,921.2028275825122,505.33215385489285,809.1047354999497
529.0,425.4386174132871,300388.52276362217,632.702608236207
529.0,1199.938361154495,523.2085256684857,737.6507204275853
529.0,634.72809599988,16020.530864244507,725.2458442837101
529.0,1248.1312251330912,504.45732178994666,807.7937875008683
529.0,393.58938478084474,267410.7722445943,637.9407493282163
529.0,390.84155149069153,696527.1821224943,608.9182218206635
529.0,407.7428246729571,417258.0457179719,584.6972573168298
529.0,695.1854541068608,540.1978294880638,802.1875512558789
529.0,1054.0497542104963,527.3246993941459,746.393444541761
529.0,451.90657339954384,242468.43100874397,695.6888335643569
529.0,702.0984238170555,567.2732468909414,701.9045274033089
529.0,397.0017473836252,343709.49538228725,633.4374301051604
529.0,1350.7340399115185,542.5199608718431,732.3413348328328
530.0,1026.9646902081174,507.64619162589827,805.9789432525544
530.0,680.3837218003663,38050.25437315515,770.2682549741943
530.0,426.6298622868237,237367.86486212356,706.3568889257022
530.0,373.3632942987366,451271.97246951977,621.6123373074444
530.0,732.8922679009484,13387.92154414543,738.9102975868874
530.0,488.86660149343805,259288.56016782369,658.4237745469841
530.0,415.589889505026,350248.7312373454,609.1281471363567
530.0,1157.3914743529037,506.2742741790544,719.2627883413596
530.0,364.549240772381,717050.2792142936,633.5115682103445
530.0,700.7305450730939,43678.406276643065,728.8064025344543
530.0,385.4026247491717,431079.9684507773,669.6544051038405
530.0,685.9659060764006,23330.40455964533,747.443290719707
530.0,749.1786255247539,557.8196303927913,679.5048623514948
530.0,563.0371050501917,73526.84655077156,730.4063797696559
530.0,997.455720366641,464.6816748257845,814.4227488254244
531.0,466.4663146611122,455002.2859558955,638.3057128480884
531.0,1248.70473448016,508.14934113933975,875.2921129139634
531.0,973.6564216355847,11115.137560937881,723.7031364314136
531.0,658.0343913447523,37212.865749859964,725.2528467918127
531.0,967.9089682584626,579.5025891390087,779.2655070286331
531.0,393.04731795327325,452501.4550428392,652.3685872999372
531.0,1228.8080043842087,9646.272955445018,692.3001118227372
531.0,735.327918113718,15702.53532550736,737.9267612138877
531.0,812.4636033504646,614.0813995096092,778.6159645163937
531.0,669.5406053984132,66713.91487469636,691.0656669349911
531.0,497.44276826729276,331841.99586663983,637.4295755038177
531.0,909.2861571908356,36105.4567684787,686.7565374015956
531.0,751.8759591294545,1468.0564228662188,778.5073327616747
531.0,1102.9654943259434,552.6356515652651,772.6581461733477
531.0,1179.8825564775236,3298.2102735830485,742.8677567060307
531.0,808.5288377166672,7435.627065983601,740.4179933938942
531.0,738.669581853853,16405.06214172528,692.9213035113542
531.0,1183.8156212320168,925.0424071733275,747.8590055797384
531.0,516.9745546252122,1162991.6290573988,592.8578538899114
531.0,364.5450331672043,534089.3475550018,629.5502125351253
531.0,893.4885219911608,571.0302629532351,805.785400996993
531.0,1070.485645327944,1399.8066175954855,769.6643591841504
532.0,1428.6742323094668,476.00907242144984,712.443687205599
532.0,381.6094204499064,819590.4734425097,601.3280689976589
532.0,762.4998797764906,59990.05289144574,731.4740856195235
532.0,979.9026128694247,501.6970801444352,806.5618061264108
532.0,1057.6718729762388,575.7919925728417,729.8999282271063
532.0,747.1618230125496,13774.830548438027,750.6608341787712
532.0,654.9495489024779,34450.639374768274,756.7237155962862
532.0,865.5101039105092,18152.018862203473,696.5890407083785
532.0,934.7515435967359,5714.489506358627,756.7930203038488
532.0,476.74646887558055,387091.2095694448,601.7973825099873
532.0,698.725609330469,201460.68446911834,686.9310923974251
532.0,1120.6565781243155,526.5095490718363,801.3561639740188
532.0,879.1444341679246,3827.215915561428,782.1082922448456
532.0,424.5079938665504,342554.04836433654,650.8224703735398
532.0,689.008097553953,27582.423949132874,757.9469800881936
532.0,396.76843268478973,371544.3378042638,627.2453470333852
532.0,1260.2863061786904,1772.1662052266508,713.9710178451976
532.0,818.077896037062,14606.31900295408,740.1847197219582
532.0,1135.0404328194481,569.795425054819,747.8395704968225
532.0,649.4590604365117,70869.82375338404,714.0499338765644
532.0,1018.5473810561381,2098.5365500165262,799.0919498959197
533.0,476.40204631643655,224779.73905051584,665.9119616820885
533.0,1672.0081816689183,509.97623269122823,701.2650165089793
533.0,1868.7746932204598,558.5721023994194,694.0236561369363
533.0,857.891953301753,16375.226353363749,731.7526880798215
533.0,694.9708053693823,69202.04874168547,712.2940690768655
533.0,1068.0755473493969,3144.5779267826583,702.6952712363103
533.0,899.9436756887784,12676.084482555982,732.3260218171158
533.0,460.19124559980946,638117.0371836128,613.4013512234125
533.0,653.0266657529621,1383.8825650944646,773.0598960372307
533.0,693.7768569671016,25837.799617192108,719.9576335936563
533.0,363.6888802060401,558649.4819747441,625.197962301686
533.0,1867.7776290619502,122380.77835413728,681.2429711567945
533.0,728.284839560273,113746.9387640587,710.474455170631
533.0,834.9566367943045,577.1303416904586,777.0017006126512
533.0,518.7949176288963,397616.48391774046,595.1914892479105
533.0,901.0679481412586,854.8345988501919,736.1971704798705
533.0,1012.371837621931,567.9494828927548,767.7754093616635
533.0,623.583008327661,68941.43059878775,718.2094270753494
533.0,737.0195639391749,490.6669847464233,797.3707282175831
533.0,991.2445461759667,43752.337580468666,695.6969027531162
533.0,385.2905428589922,431174.7633103901,666.8542385094171
534.0,636.7159651346319,81060.24134868656,686.405734385579
534.0,825.7176467893487,5078.451236179724,722.5125125645983
534.0,1432.3237880119023,722.176680944041,707.8774939290209
534.0,394.6823321075771,498582.40736633353,645.2953879968745
534.0,747.7314618525437,504.67247295152004,771.1729041431271
534.0,412.1847558931153,306072.69370832597,650.0997385981657
534.0,1017.9282052477594,486.57984814987094,819.1623097792286
534.0,869.308721461606,1367.0543501867132,762.2765256125813
534.0,721.9657138814663,34907.269348559996,729.8936986177844
534.0,339.24192960605814,370408.92308668565,677.2801549143363
534.0,722.0850175585259,11270.597997130399,749.8720213547186
534.0,472.8822697842363,270822.6589694477,632.0930754830829
534.0,696.6330654288023,17072.306878779887,755.4539291822479
534.0,596.2603170381766,76779.0454087803,745.8370140988308
534.0,438.69719626600147,477498.6108682804,607.7838608130905
534.0,342.4976168701509,636296.0127022533,599.0411842585613
534.0,398.7243908571496,385652.64331678837,629.9823351179176
534.0,865.2770001024354,499.0051856778477,818.5130175740268
534.0,781.6079387689305,24279.963416681378,702.5058910960838
534.0,351.63035291669684,552884.9491141804,612.7891486485534
534.0,1121.927972038204,539.7341563571862,721.4234767229618
534.0,361.52155021495264,278000.99798885605,684.4134294081651
534.0,898.7495466524094,577.080218454781,716.28496353026
535.0,776.9129540976716,6467.608636337206,726.0404769215468
535.0,646.4399877461067,33631.84874995206,766.2212131983581
535.0,356.4617765183694,558229.1252809392,643.4435560849306
535.0,649.3778265611364,56953.97343620733,694.8112576861862
535.0,1067.3764933436846,547.907783768408,792.3986717428922
535.0,1045.707766706824,703.4335557035463,787.4216864859364
535.0,1096.5842320450415,491.01078567545767,832.1885527452847
535.0,1046.745083305172,450.1437615055842,833.5476070653583
535.0,1023.4962643924268,12806.518991338013,714.2291719564334
535.0,1053.8003721786126,590.9601445989287,746.3974553551211
535.0,1609.3711306637374,41156.411693042806,684.5530325030944
535.0,815.3925161723512,27917.833086051483,695.111367488195
535.0,582.5903229815578,310008.16147070465,673.9066266469453
535.0,1223.1183577795045,590.5106030395378,751.0044343115558
535.0,1063.1780269669398,672.1098207966234,727.2150529747021
535.0,738.7325209719795,44282.466847537085,721.2635692452554
535.0,715.1964317726904,8999.32795345001,730.5514080836093
535.0,657.6886564249015,27637.00859730986,749.4474929017209
535.0,805.7478871138755,1416.6890343247105,794.4473972156308
535.0,1512.334119268687,476.5661766464359,694.874659195715
535.0,965.2295006042581,512.0227272378802,793.930956842416
535.0,409.1369403662247,350689.8412832431,612.6036966434247
535.0,1240.6528464143119,4735.751377216507,714.7112958248969
536.0,668.6549343000137,40134.34707695646,739.4437557961339
536.0,377.5089927933741,416609.72969922563,613.5745605576968
536.0,1678.4121463321192,2131.3755796295613,706.1799077857235
536.0,978.0970360248701,1664.2957700475135,708.7484982559588
536.0,432.1589636248587,274228.83360612264,667.370976559279
536.0,448.5022415468231,364296.32444670825,621.6726199577394
536.0,682.4840712620438,24878.77385071669,729.5326631807579
536.0,640.1481410772917,42537.328489548185,744.9322521891776
536.0,926.5974202513793,857.4770775644073,746.9038055628831
536.0,1152.3741991148486,579.2622768364408,712.4628047146488
536.0,890.6043618724265,4307.555838674102,773.8269661771335
536.0,491.08739116324887,518643.4715430365,612.8518610715207
536.0,892.7603094822646,2934.3419160953144,743.9695704388729
536.0,947.1016615221754,489.5674641275248,792.0281160146657
537.0,1187.0444098328878,905.6422859124837,741.17109117415
537.0,1379.820048111745,537.6023423866143,687.2537199659024
537.0,623.8042475153752,89810.81630463901,728.9497228850877
537.0,663.8989996114652,7385.711861304758,733.615086431046
537.0,1444.055582836333,490.09652562197357,685.9516989587842
537.0,1094.6097333216142,547.6041857392628,790.6680327529318
537.0,414.4736157359652,285876.7044045024,603.397387940146
537.0,942.5304858297071,37374.26557296369,690.2393567958649
537.0,346.2727240094901,395886.92453535483,604.4418100504587
537.0,650.577054319235,11076.26636881118,752.0296643951336
537.0,879.0208218947694,938.7623448390707,782.6917098626277
537.0,1173.626817832677,26959.18259761395,700.1376773125953
537.0,383.6371234372183,240129.89373445467,638.3354894694417
537.0,904.5899119420225,559.3769414755511,763.1314798751606
537.0,1305.1494115704932,1605.6111914123385,717.599288246513
537.0,1199.8744052708778,5793.554625191924,721.0988670632864
537.0,1078.5653161650039,5094.520096250315,734.4089579922102
537.0,1361.0280610446525,938.7139539021496,738.4711552256375
537.0,638.9793683670458,37353.5591680534,748.4076064446333
537.0,337.47401992545355,480135.71356890135,678.7497721624446
537.0,1090.9388732022271,14459.421743977578,724.0547372707166
537.0,377.2144169951115,466208.9051350566,602.354431246679
537.0,706.9998615512608,42400.13797408252,675.0588865854097
538.0,405.82758644543634,487655.73428423976,611.0518995282364
538.0,673.3872777380543,47342.804298730945,736.4127215929508
538.0,557.6855917878311,108584.91108948553,671.5361018116894
538.0,656.4523074064828,32295.170924498598,744.1015165589282
538.0,363.40974464475477,561809.6505330943,673.2352186605361
538.0,1726.8289455372053,2279.0968714550063,708.8777202421392
538.0,818.6512631559958,29809.228207562304,729.2735864021613
538.0,373.6864752119464,318988.2571538925,674.4861502308315
538.0,834.1245707214763,5271.608853406262,724.2967188359023
538.0,805.1712676682747,582.1572495880548,780.9107939676842
538.0,328.1279871294724,587788.7648517282,586.1213164848565
538.0,651.5281215204606,78001.84257763649,726.1627007864261
538.0,1228.27166163099,508.5775052629935,860.8603051561857
538.0,1060.0218648207078,535.1580373997409,777.4679760133995
538.0,857.6546948435565,1208.5662071845022,750.0493207038371
538.0,1125.129847057594,570.8804011039947,738.3335564251122
538.0,1745.2337591910687,2105.775905585979,692.2397966196304
538.0,1304.3394741818906,27083.206313197017,711.3704645418727
538.0,1173.283899626992,550.5414136231548,733.6600480318225
538.0,711.7127338212074,47553.41991239798,707.0386789562524
538.0,815.2607358573233,1224.376631261339,737.4426441416304
539.0,1154.0379080672672,480.3249393857176,712.5521638929613
539.0,673.9350948202281,40924.29824195352,756.053617135646
539.0,412.32133001445317,302867.8502482368,640.668121513515
539.0,369.3316734801788,432727.5394905509,611.1908289801269
539.0,921.9886220854914,5269.181830502625,790.6838769958129
539.0,434.6858287244541,426815.1002303559,598.8947588673516
539.0,589.2888087706009,355257.46309682255,629.3391081804707
539.0,617.6560511938446,54879.49763372434,741.2881174933026
539.0,635.1789819727186,116168.5605562396,688.0748701537551
539.0,1011.1216845081327,1769.263540791757,718.6422153462099
539.0,602.3789503287176,98588.06601077755,720.6914258738595
539.0,1101.7183021170733,5816.4886398904,700.6125957429548
539.0,449.01303160672387,257198.61094459632,641.5744063642968
539.0,1061.882962512443,1484.5075433638633,724.7584052194281
539.0,925.9481920696319,39115.2342618206,715.3102308705896
539.0,940.8805773853633,4062.927981769947,795.6342924886087
539.0,746.6050826796474,573.0865496843478,800.5215269777866
539.0,1066.1408800583185,6769.803649191081,704.4044698770981
539.0,1220.3184829691095,4849.910642118913,711.2285162545194
540.0,404.65097976797,629774.738487894,595.5853513812804
540.0,630.1945572330433,8342.231822633983,717.4533391835196
540.0,399.90847817812113,180101.85780434645,651.2747949194528
540.0,1446.8269501693362,1854.6721931500983,740.8568896088393
540.0,586.4514273644911,72012.34866510775,744.9069731641143
540.0,398.6723700453932,668728.8975126963,628.450808028388
540.0,391.50625153829037,284967.89132369834,636.2888221586979
540.0,618.0512903438703,48456.23031812902,706.5972967304276
540.0,442.91094276698027,406814.5366552945,601.0751130453373
540.0,972.6776452551572,529.9313224083397,813.7102933669896
540.0,398.028279431922,258878.82956745164,657.3311649070627
540.0,1448.7522631811623,680.9605469431339,707.9783416445613
540.0,1118.3716088791812,526.5725270535792,760.0677720830965
540.0,389.75770197016965,1012149.001554092,644.3365493814911
540.0,1011.6794044098622,527.8224127319322,814.7575025156847
540.0,943.0027448361054,3732.4021587820034,771.6341359574736
540.0,1660.1483245946167,1896.9470258814638,693.4091733222605
540.0,404.9167469960098,501676.22804492526,618.3759651880038
540.0,770.5951328400308,565.3414810622752,776.6326267391396
541.0,447.19469637629163,355349.64394259546,618.1036388575801
541.0,647.0440732583511,94867.3460833548,689.2862098983887
541.0,736.904118188466,5077.343384680462,772.4822961174216
541.0,674.556729170917,55995.69893090466,681.8475383435501
541.0,780.1553050163201,526.8952462593522,733.8262718141192
541.0,693.4322672690716,13627.82614812509,738.5392338010241
541.0,664.7312344057561,30792.879096132216,752.4277814575019
541.0,413.4842711971597,743576.4520626196,586.275975026778
541.0,705.3178330915808,46131.488293218885,702.187971829584
541.0,1155.0394671904255,15568.572691575639,713.5975416785467
541.0,442.2614984663396,288517.1960417455,618.9148939588301
541.0,1702.5120708437812,547.2451149275016,709.313954815374
541.0,886.9114140787681,14939.821440009004,714.2869572312458
541.0,1500.1162319644961,659.8088393186699,717.7765489591003
541.0,611.1251004411816,149656.63420852687,695.6794455330205
541.0,1950.550493018671,33628.49837908324,707.0444305999953
541.0,816.5381090300749,23071.686098680515,712.1955541070512
541.0,341.68474367546656,457957.1574789315,611.1142987569109
542.0,386.5011228948992,437459.4874257198,650.632519560647
542.0,949.2260354300917,1873.802877435817,740.4824786335361
542.0,971.4210725591278,506.73897899427806,749.9716281152347
542.0,646.8131653400542,598.9097055163306,748.8600696639015
542.0,802.2819005641709,15770.330823691875,689.6153986758725
542.0,913.0590866339679,6522.776930301041,732.3356911891135
542.0,925.4925682226631,10321.800724159897,717.1373651215398
542.0,1185.2315478932421,576.4581379157838,744.4807056172826
542.0,780.9175850740141,113781.71874348483,714.9950687849603
542.0,1072.1209477334603,497.3710663099931,791.428694496811
542.0,1945.0762743584999,9200.977550658516,708.5911297562124
542.0,1265.5738495432781,5252.651648448629,720.5637771651698
542.0,487.2474527460727,513218.4603626212,629.0280818367089
542.0,1222.7125038258935,996.7973213714486,728.4676049246565
542.0,440.2924047105762,319651.7406609661,666.8220797177182
542.0,1318.2862309862805,538.5040818111177,748.3055855628015
542.0,529.8168051525522,282897.4844997777,675.3615861790689
542.0,359.4829122505461,566247.7527332857,573.7906919456832
543.0,847.909102219734,454.2565578977418,766.7366603244618
543.0,717.3964795990438,48207.93470015443,746.3910698513674
543.0,825.9889210128438,38063.37566204422,678.8389380843336
543.0,937.4630051999353,10596.294066272898,750.2099177679111
543.0,422.68811334640003,156958.67815128577,635.2594401614891
543.0,1272.5701730589674,6378.212854334721,723.8440787507026
543.0,462.36913685504175,546893.9346743786,606.2849872963191
543.0,784.4120517702033,8983.366241412627,757.2286686675949
543.0,423.11360388823283,502136.91505687905,620.1262187406461
543.0,336.2122039881133,585031.5447369477,643.8586084567405
543.0,1168.427812583746,1925.850536466638,753.935734453416
543.0,383.40260100346535,396139.5610826621,652.4515708715873
543.0,954.8414167610972,3405.8275056601933,732.490331437879
543.0,464.43354222264503,605915.3916381517,575.8478601264891
543.0,718.6759245691278,19516.464429226235,714.6989317435382
543.0,1646.782467984076,12941.805602562312,689.8575818033539
543.0,1392.831118729529,515.1830312563869,715.1615938936563
543.0,681.579055664469,16703.67006572549,763.9237952737315
543.0,367.888705567395,788379.6143536145,591.0164280427857
543.0,1276.1458271443423,550.4054029653697,704.539520829707
544.0,769.5891252326794,5185.329676012749,685.6591680284373
544.0,697.9147810951757,19143.762103512185,731.595640650356
544.0,1066.2120588521964,526.1987284663041,756.9341020566932
544.0,409.2228463107777,388842.55428011704,656.9490643476245
544.0,363.743982821006,531299.924820805,695.2653268677049
544.0,729.9611879168058,116379.00455017242,704.1989430152672
544.0,690.4334985538898,76901.5190161499,737.4027896884714
544.0,386.13250135369157,406984.81938568456,662.8705620024969
544.0,1203.6151826458836,504.77717241524033,826.1144431994525
544.0,444.48000075085554,298378.3069922504,662.4566233729278
544.0,389.6076128794189,578848.8657949833,627.3805939908308
544.0,423.3924339349483,296579.5915099228,694.9902124730507
544.0,360.56268772394213,577013.8549988763,641.8775681673226
544.0,693.9984419808914,51994.35256567439,772.7786458428405
544.0,467.3440495395438,287451.71193880227,626.6169562746805
544.0,921.7715544824016,1705.8491085400206,728.8139809562007
544.0,908.8047860620472,583.0257907564778,774.9916570606769
544.0,895.8700320162799,548.2573295985322,786.1378074629553
544.0,395.8962379187941,494086.22932446544,621.1480816579286
544.0,730.4901096490374,5998.917192321076,740.3201551753283
544.0,1205.2006182470034,545.3998488634513,707.850623925706
544.0,1265.5650123365936,539.5810007651461,721.3972654557291
545.0,1007.4688407985893,542.6869607627211,797.2545810037846
545.0,1049.0429938560987,4650.798386290163,719.1851474792892
545.0,927.5992828490582,4580.686052525351,743.0753141185916
545.0,420.91502754942167,325156.92489753896,708.4526237390236
545.0,1296.0153666689428,1039.7790080816612,743.5658189649266
545.0,829.1900802274258,12201.10806921355,717.8499607365981
545.0,895.5627867426409,555.2888678811837,789.521207770606
545.0,661.0307157948903,35589.050661650275,773.0866194976752
545.0,456.62826465370705,432602.80966247054,634.9572333916402
545.0,442.8482132098768,591368.5637776814,591.621334788964
545.0,1296.7699515430124,488.96847695248516,826.0655613017079
545.0,393.63035653329996,472799.3248752802,620.9876259632788
545.0,418.8713133812272,1056930.5953972614,573.0349039948328
545.0,694.8107168548541,4772.52023426157,734.6879823738485
545.0,832.5781150503949,2295.034573774046,763.8207245225382
545.0,1437.185457251581,2172.236696475412,714.0776523103959
545.0,2082.2837719875415,16028.054975058458,707.599917787889
545.0,665.5491416114054,11973.285124137605,761.8001815289925
545.0,689.9040428783709,18682.65789934151,753.4919043644724
546.0,377.99691217716094,718405.8123640153,586.6361158636906
546.0,1085.4665735259407,463.89591939635545,804.6388046040569
546.0,1007.3091234654903,485.54385462817845,826.6707102473028
546.0,1218.519518805949,508.0161285746897,749.2382195932975
546.0,428.42238347676494,409793.6586506057,637.0246169057432
546.0,959.8181544734871,1779.9260438125789,733.5852649068938
546.0,731.4935824801045,572.8083843598943,739.5447273295297
546.0,558.4475381028616,28753.06954609207,683.5343802155389
546.0,1034.2477838820869,1006.3729340228251,712.8397782586588
546.0,424.8291376783753,292811.1759166981,646.0518321657887
546.0,408.2292352239388,363474.77900937916,641.3405011131827
546.0,437.9018650548514,485214.9199883322,633.1712606700532
546.0,1587.007062835165,561.7611765514632,718.8633444349501
546.0,857.7357332102432,524.3022083634572,783.6659903252179
547.0,453.144660848536,246552.98203629634,700.5572549785029
547.0,1335.5535917220288,642.3954948096591,716.3556299017407
547.0,971.9474567971841,481.2101271513045,784.2431570530674
547.0,860.322668208004,547.9972854242242,760.6486169096816
547.0,926.808486213542,580.0954773457082,742.4879488872407
547.0,944.1769863276988,536.447435318075,760.376813280376
547.0,420.05034423140717,439706.35352414165,649.7821236139399
547.0,985.9449292825562,493.0284434893464,770.0815048128795
547.0,1336.9440951341064,455.1033130686892,916.1116399113181
547.0,457.93280157458827,224016.91107402256,650.5731385252024
547.0,1149.8059775334684,2321.337585726363,732.1999137777486
547.0,624.1494551540976,60130.14829748298,734.5251424656401
547.0,393.0646632011584,653066.8240008292,657.7734053946178
547.0,395.0464346683218,465113.84572178876,606.8778285573935
547.0,810.523491041016,5902.880342177517,731.3452683152512
547.0,786.7100957337096,13389.195932357252,752.8802515929139
547.0,1126.128836179661,1610.4922165446037,732.3136116030889
547.0,741.4804311200022,2136.7570405573433,810.2073405716104
547.0,547.5029868947464,15104.956739766109,795.3978437628095
547.0,585.371946036981,163129.03962142442,689.2236004757805
547.0,738.7488769442531,24198.99974917712,736.5173297025066
547.0,403.6716313144567,971793.55362361,603.0850685972862
547.0,558.5046177936741,42207.39576053799,749.7542841071454
547.0,418.2289166279848,1040286.2894952747,567.4993673020107
547.0,834.9851714482369,1173.4975202457008,777.7657048105762
548.0,819.42007860468,26638.69046896566,714.4051969494859
548.0,827.3747852001187,2976.042479696506,769.6855812792024
548.0,834.3659674312818,2767.9845719277773,738.550473322785
548.0,1398.6233776173376,480.669617055315,879.318906115008
548.0,364.8798178982024,294438.38917439006,633.5489656757283
548.0,591.5492112003662,54897.14863537192,687.5554648521869
548.0,775.7845703014452,1215.8812176718811,787.8371421956963
548.0,880.0107290093158,2605.074454011945,752.3505082356945
548.0,336.29460335257306,348182.87587084476,639.3369474056644
548.0,1137.7653323544182,484.76311868610577,841.9698628006613
548.0,753.4901007103498,49496.76160119481,707.7743367502353
548.0,727.8851979153171,54149.65744530895,728.2732879767669
548.0,1188.348934828932,2156.7206478187327,735.2812085842817
548.0,401.40471714884524,522695.01577272196,612.651726852325
548.0,851.8786719552094,519.7607477399583,769.5381718565028
548.0,403.6277274443902,366528.5838608768,604.5307584425756
548.0,466.76330798299693,348026.67030650366,610.9764641543819
548.0,668.1186607929146,6337.22238309861,739.3045059993398
548.0,2489.205097408333,17380.71413427085,704.7074621781162
548.0,781.9567443840372,533.0845105614344,773.2319568308252
549.0,1175.142702253627,4760.011320181204,727.5724380448261
549.0,384.6914834066536,293226.685498165,639.3444205114685
549.0,382.96818554805265,488927.89922803413,603.4055778122955
549.0,590.459228069059,120787.83288091636,719.1735761982658
549.0,953.5746552376106,1763.2937096502253,733.041858781323
549.0,876.8306450812146,528.4971373030885,781.4432308241143
549.0,629.9925421659741,26130.154308864556,760.8959924882259
549.0,374.5395970984711,246875.947839786,668.8839390902466
549.0,605.6517955959474,45555.473153269995,748.6978057802505
549.0,907.6303075546379,1709.2965116177827,737.4084874216833
549.0,651.8783960182105,29980.33884712992,717.3589707960507
549.0,792.0003944651726,1908.3603964213019,756.8875281470882
549.0,931.9596007299447,559.8135721358747,773.2139781264025
549.0,879.2835980908044,12926.322585166145,738.2305007442848
549.0,409.5111989999082,261883.20107076774,660.6707733473226
549.0,414.67326327917925,266827.4494887441,615.4567554257552
549.0,386.77107797973207,775400.7550281346,598.7553437970425
549.0,858.475406267166,8222.285310158813,743.0470163029776
549.0,366.9656972648386,636476.6510201454,668.6169825002279
549.0,626.8277860886502,93293.1679704059,726.7798760050767
550.0,1325.777498780686,482.1405341374432,684.5584339933323
550.0,707.9170170154666,30695.517242849197,739.8569235507476
550.0,412.17427490886377,432482.2579621046,668.1767342611483
550.0,785.4267428484263,16723.190778214812,729.0256874172035
550.0,917.9128221107895,431.3944887391514,807.3635177831786
550.0,769.263544996059,11825.415576508489,740.5840266331321
550.0,359.514812667631,634299.1969054441,646.593945824164
550.0,673.0687928659736,29243.53766289869,757.6989732513645
550.0,887.2638286504797,481.41877748619095,783.2926019511718
550.0,692.4190869225761,45139.74290866679,699.2115770920445
550.0,499.80819610746966,412412.5437210495,649.5214256336365
550.0,823.3991381003605,1363.3925234502267,734.8826829627072
550.0,750.1070384518018,2954.1384149725577,742.5370446542587
550.0,705.6111254943231,528.490315819063,748.8215457756577
550.0,588.9113865031771,372120.9800721483,599.10516096475
550.0,606.0337614013433,52012.18844028857,727.2088216122999
550.0,1199.870691263281,517.0622779715854,719.519805857407
550.0,696.1101727921202,27430.436694046854,783.7119684229457
550.0,480.7455206388694,565015.216895483,625.7711915730048
550.0,869.3415082974976,3669.9264232790015,714.1179215697587
550.0,380.8629474815892,595350.3078523313,578.0125184461535
551.0,386.0740915911383,984045.0239396432,597.033706016143
551.0,391.16187722373445,302591.8794518182,672.7719882797873
551.0,1263.6060461621203,530.6469630241156,862.0934206286535
551.0,861.6362320675496,550.3095330635799,707.8980500202322
551.0,543.569391814907,370937.082756345,628.6709988405796
551.0,667.9908774566585,672.1115680105947,740.8496925101474
551.0,353.84468502676805,428522.2116384929,608.6478138970884
551.0,856.5297013781461,85940.26886233079,714.9429432302537
551.0,2000.05684786224,804.0407468004666,672.6597720020451
551.0,467.92231028507774,193495.5403987705,669.0176591896408
551.0,710.2778620040272,25220.106061433104,736.7724686533436
551.0,435.5521355120545,236732.39704050237,659.7562604006781
551.0,1001.6295762551835,143109.07029491453,675.0517019818083
551.0,623.8254377378994,38719.377875190774,721.6028851125678
551.0,1980.6614277787999,532.9561728575508,685.0496401774974
552.0,954.2682743696919,2536.2324416367137,788.8740358124584
552.0,1030.6440254344298,473.0536894378706,808.7563218774633
552.0,963.3550872846512,19353.925067919008,717.0817609925938
552.0,671.6661352742245,22107.952213472447,753.792538837617
552.0,972.5271776606988,509.04812852949146,733.1264794928945
552.0,712.5538875741602,4005.5644580180815,765.2814824181605
552.0,344.9822729983091,419857.9289309293,662.0459876112726
552.0,359.62822573097475,348209.5141070426,642.5875091874819
552.0,471.0140909916248,346122.65675639,688.4904382113727
552.0,483.2281708977305,276963.88713440235,656.2709615178239
552.0,353.9414140181602,493437.4944216756,649.7328914897454
552.0,821.9339507539528,15855.505161435058,723.5967756884698
552.0,589.5114716466745,56586.45540801505,737.7647413644747
552.0,818.5555128187967,3622.3109822708657,748.2352549923162
552.0,1164.5862740578061,787.7109125775421,721.0058356377334
552.0,946.36651493617,12334.022169169632,732.1628196397755
552.0,644.6374760039469,34387.83296460022,735.5613812876375
552.0,581.4842325325509,70477.13781965466,747.210317236746
552.0,644.3492593782049,26251.033836358005,736.9989677398228
552.0,1184.6845530807702,705.0428641459615,727.2219542212664
552.0,1361.8634279305284,570.9167267094612,706.1083130245213
552.0,924.5587247606136,3241.5544691457217,800.457273465141
552.0,945.3820181641275,75261.26000786868,711.5468125345999
553.0,408.11685828412817,290714.03109976003,703.7990278080957
553.0,598.5825260431155,17863.131344132256,763.0023955540485
553.0,542.1829773639324,246205.58642181612,641.4062777567759
553.0,821.9944844612176,9443.36954184469,707.1595196067238
553.0,837.0294809898908,464.9330787783919,788.16694945128
553.0,783.8843496283757,39053.534424005746,738.1601776291336
553.0,979.5515397398428,512.5456212738267,776.4310939785528
553.0,664.8116662901791,52590.23184401288,688.2160352282939
553.0,662.5859703445027,39310.336074514584,740.4278810592682
553.0,682.574236545727,6810.210154625641,744.5811279586707
553.0,405.9642593642889,529809.1431827883,628.6822351415585
553.0,1398.2634488878412,500.7693852254619,707.9850882730669
553.0,892.7885656639685,11045.73976676518,689.5028452681236
553.0,386.663031693928,376175.17666647886,646.4126683552571
553.0,633.8278201231115,37492.27439321115,751.3953060908933
553.0,1149.9419643075792,5806.449871264453,711.4392501929641
553.0,1004.418786399175,494.86959898226087,765.0666058751765
553.0,786.8540780532949,36183.299883186555,697.9725548230451
553.0,810.957609569488,25731.373889394632,712.8768822626981
553.0,904.0205082078857,1236.5492541291646,738.843666097333
553.0,363.19550623791895,600608.9263241681,608.8776491877842
553.0,414.71781253993714,497493.43213336315,594.2686006034854
553.0,1519.7015661419707,1980.8524560044136,704.1822195824228
553.0,358.52547843387634,400604.44267615554,633.6235269193766
554.0,977.8750728329857,534.06648071633,784.5088351510077
554.0,572.9522442340514,20439.884586230764,747.80579700017
554.0,339.3358820029432,411865.5527989129,610.504380184485
554.0,445.80732761764716,760622.438612423,593.4233123899398
554.0,629.1480442708174,28617.484464834924,740.0606714846211
554.0,1093.004538742501,500.68153824417203,853.7127220388915
554.0,808.7272010492887,2531.809812669071,728.7234673580743
554.0,682.5258730355571,56339.98225372138,679.5119868728079
554.0,786.4844391101609,5977.8048949578,763.5103548671269
554.0,703.0105451206124,9712.474543143842,740.5548284028778
554.0,1232.6443302408895,492.8811732231086,836.8106363229407
554.0,647.6369041906822,29620.405330255395,717.7678521860615
554.0,840.2198764791053,693.0086271420637,718.82995375941
554.0,372.5799186104869,751109.7803706862,602.4249913122305
555.0,1122.5670064722406,3557.2702157854874,755.4806053106215
555.0,340.1307376951842,595276.883258588,642.4676212722663
555.0,833.2586746342221,5918.363311320723,708.3972353369105
555.0,433.3919070785586,491552.09509148303,629.9464300811312
555.0,389.10200122258976,641629.8661880015,608.20172135868
555.0,652.0977641456934,45921.05485455731,745.2306047909211
555.0,1322.6060230990104,439.3661289846107,815.6628773208156
555.0,922.2758336765938,543.8308538510021,791.7836467905959
555.0,380.8330693374964,520883.0179556042,659.9062758487299
555.0,638.9296650284762,88272.31910051093,723.4587457477423
555.0,502.6864295491319,382801.4425366924,698.4364249223785
555.0,1007.5703814484323,4780.821660773597,751.0706602108168
555.0,739.9429224809171,572.3942472489152,763.6302767688122
555.0,1189.7580328532426,460.23670470837186,814.9234913768732
555.0,1300.110782104801,743.7604157296828,724.5337944150989
555.0,1097.1689041332202,625.8519224020138,762.7118437812189
555.0,400.81843015841855,519564.17076640896,579.9859695153294
555.0,907.5040549352606,28653.170024905536,674.0551484744617
555.0,811.1745297765112,28945.147015394727,717.6856335003224
555.0,832.149555470789,547.4508848926195,789.0237292141225
555.0,793.2520324107136,29604.934178839863,704.2426692845416
555.0,793.9571903408577,82209.97342972281,688.6439293283955
555.0,634.5876382795157,73292.7603471046,731.9240180153727
556.0,513.209264304621,243454.7648657169,704.8054475414642
556.0,748.912456747507,11244.23466421313,739.7824677119648
556.0,362.48875890417827,293527.3733333607,658.5688906964104
556.0,698.8997066985916,99621.95999011664,738.1014629994512
556.0,650.7500241717195,27575.033133881298,752.7386642348266
556.0,1138.4462943703877,519.2753644291658,738.2917207928369
556.0,847.5948382236402,506.0206125972814,775.2066394734098
556.0,421.53750007590304,714117.0615422728,628.5141420023101
556.0,783.2653882736863,10305.13548423175,769.1425473034719
556.0,900.2400028840476,4057.9804556910635,747.5011495720067
556.0,351.8988745607926,447007.9551775018,633.0879183256196
556.0,715.7159167522309,22375.613162042177,741.8177129787995
556.0,1084.2110231884033,529.5151292498882,713.2989372618027
556.0,2151.8900419056276,18653.454849543323,710.6108374464665
556.0,900.8976838460592,1014.1564984090494,760.7769053456951
556.0,885.6495663203896,2003.3255024874907,754.3895920011144
557.0,390.1381489745052,259550.57266581632,648.7006972231162
557.0,697.4051552874311,16248.2109404492,717.8605399503107
557.0,872.2924239508926,5792.889465347665,751.2694848988198
557.0,412.4750295941862,509206.5393495777,607.4326376040011
557.0,1008.4718371730052,545.870557597588,736.4731077718861
557.0,818.003680345083,498.31790214012057,759.2082242229762
557.0,586.7298884682685,300224.5623163306,589.2200641404398
557.0,897.2165595256903,3112.8566319123797,727.4714760811645
557.0,764.871088300304,4060.019133697865,818.0210116209792
557.0,1037.8857747620925,2230.723657764111,733.8504216642154
557.0,1745.2702841275564,847.9300459189453,714.3652700721755
557.0,1166.3549944076228,8256.584926764277,714.8433577436474
557.0,351.41140271029604,707812.1162060595,611.2122114890719
557.0,680.4421301151464,36626.349092604454,706.3417896357332
557.0,840.705527776369,48463.999462889355,703.8296043007518
557.0,1674.1246066309802,2030.0716304424172,725.1418619753604
557.0,586.6579759711524,216806.87449171804,705.4892539356832
557.0,1767.2903765243452,497.035866494006,680.9375090746331
557.0,1904.2146437760143,445.8633757412637,696.5602751987662
557.0,388.4481256478639,314961.57421441685,614.8792245648194
558.0,858.3419005364658,25779.552983249312,723.0059883819504
558.0,1516.4093337576398,26095.688472316422,691.2375350029141
558.0,928.6778201445319,3449.2421387989207,729.0639560652392
558.0,374.7128465713051,424174.32184233237,635.3516252728533
558.0,640.0228614580168,40309.55146831502,729.8010954429102
558.0,677.3148277943652,25212.559079516053,740.2738581109872
558.0,540.195080738048,224714.87237786376,659.6198249236973
558.0,961.9338110292812,950.8962199899536,752.0064708755084
558.0,1694.739163286701,3286.7219560046688,691.6181069152575
558.0,681.2862038005727,133924.6372423469,724.0520219969079
558.0,802.421073138502,105941.9356018723,723.3138889472626
558.0,419.35169805561384,344318.1382721549,644.4828243787189
558.0,404.5189610083333,801894.9952046713,580.0374778413412
558.0,817.7464648722083,87713.826779815,729.1450260821858
558.0,1054.339131727404,583.4408798530338,709.6258454269796
558.0,1389.5477686586028,501.6113038242937,696.8304252624459
558.0,629.2832856767245,74287.24146695259,737.9862720658627
558.0,686.8233037419349,520.1499226603895,759.0597771072918
558.0,1809.834992068275,480.16562400274796,672.8423133151144
558.0,1562.0092638341694,1273.6868837127004,693.1216364995107
558.0,1078.2212451795065,565.5322421363858,751.6061538339582
559.0,792.2134884120848,72689.04179467403,714.982137241609
559.0,428.8236047455388,238114.22821915543,683.0038924560675
559.0,425.393965148598,441749.4969046027,654.0208822327489
559.0,381.9302365650803,335951.1660593672,696.7083587917591
559.0,1155.4987883756758,4517.304935970941,718.1239770161632
559.0,820.1109525274811,30993.946181812244,734.4395194142166
559.0,428.082664310623,283176.67711667094,645.6308086097533
559.0,983.6663229252863,1449.5982879009537,737.5288424430504
559.0,675.6850268405069,67649.03426992368,770.6755932485169
559.0,442.3169292068524,797706.6044749035,576.2890361819873
559.0,806.3140012232152,49116.61351525886,728.7197782596303
559.0,821.231812275095,15262.141616994411,734.335027635276
559.0,1344.7661200089547,582.7587012333476,707.6189345601191
559.0,939.3408307073565,1865.3490339880168,766.7150555850288
559.0,1841.6938100565944,523.1241718809013,708.0848304927307
559.0,896.287256578355,3230.3183384220856,734.3358151263476
559.0,483.59668836535127,442584.39226215077,618.0678378258408
559.0,1345.1165508461518,550.0248514459677,707.5243831901932
559.0,833.9225421055451,38767.384383346754,717.800440402349
559.0,1027.5676576858154,554.8111660390902,786.3065413794716
559.0,1209.8027980424438,541.1276142786259,723.9050693702319
559.0,456.12367199935005,376592.86393132404,644.6672673386516
559.0,779.4493240195079,71482.21585272692,746.9402272822252
559.0,527.5775947934625,422763.8292681901,639.8273288563718
