Epoch,Power,Latency,Cost
0.0,782.881044766386,697453.4122290337,987.0295174256812
0.0,768.0264600190354,759353.2774284311,1010.1446547705041
0.0,1560.2478582597962,191554.66456055417,1109.3133106650978
0.0,873.6705033432289,647339.5689913379,1091.908257529562
0.0,1214.056806070672,465152.1616978987,1034.0727199324228
0.0,961.2626068470855,847568.0858304856,953.7410133086548
0.0,898.2077702510431,1335731.4999019676,964.4370034673939
0.0,843.4063129240009,1106554.9279728245,975.0308009543537
0.0,779.0567150373417,1885222.7865647585,1003.759319414072
0.0,753.8651611986961,1593890.3749227743,1032.603744461324
0.0,1294.4812972769002,343659.80333646736,1044.024505701893
0.0,1896.2028061895141,866.7324791825968,1298.0313071491444
0.0,2123.9683736579636,861.9807570354644,1342.2406155651652
0.0,740.6563609908237,1439529.4425895317,1059.5083187813584
0.0,837.1560579938066,1142292.2581334894,986.8945586958799
1.0,1413.6271320179242,97850.32377065261,1158.6761832293712
1.0,947.909074413879,322610.223132824,1043.0047902362455
1.0,782.881044766386,697453.4122290337,987.0295174256812
1.0,768.0264600190354,759353.2774284311,1010.1446547705041
1.0,831.5547089363554,570246.7454925472,1013.7789610846578
1.0,2142.8757579557914,941.9547554799162,1274.441019690947
1.0,740.6563609908237,1439529.4425895317,1059.5083187813584
1.0,1214.056806070672,465152.1616978987,1034.0727199324228
1.0,1412.929360094951,100864.15379354071,1187.798867944458
1.0,961.2626068470855,847568.0858304856,953.7410133086548
1.0,898.2077702510431,1335731.4999019676,964.4370034673939
1.0,843.4063129240009,1106554.9279728245,975.0308009543537
1.0,779.0567150373417,1885222.7865647585,1003.759319414072
1.0,1724.669802570683,32637.377980875975,1228.1157475113475
1.0,1796.0639315200967,836.9067039199879,1281.9660247164138
1.0,849.3716647228757,568164.7106909512,1026.1854725235057
1.0,920.7862015206799,574488.7141208148,986.9053537336985
2.0,1413.6271320179242,97850.32377065261,1158.6761832293712
2.0,947.909074413879,322610.223132824,1043.0047902362455
2.0,786.7088021607768,985782.9739371921,1026.1116529562962
2.0,923.9922027127122,684634.5984374008,968.5272443647275
2.0,2069.4521736311444,691.8877111843603,1374.768455630042
2.0,1529.8311924047964,65027.9484508515,1214.3833594197458
2.0,775.2214508647091,1669917.3977411313,1033.10440314125
2.0,2164.589549831388,825.5129940570943,1352.3578001152941
2.0,1796.0639315200967,836.9067039199879,1281.9660247164138
2.0,833.6773438699698,586298.0367427821,1046.5411757320305
2.0,1214.056806070672,465152.1616978987,1034.0727199324228
2.0,1412.929360094951,100864.15379354071,1187.798867944458
2.0,961.2626068470855,847568.0858304856,953.7410133086548
2.0,898.2077702510431,1335731.4999019676,964.4370034673939
2.0,843.4063129240009,1106554.9279728245,975.0308009543537
2.0,789.1763970423383,1892086.3285823485,1008.3239214968006
2.0,1724.669802570683,32637.377980875975,1228.1157475113475
2.0,1212.0219969353261,279471.8197548149,1053.9682115931166
2.0,849.3716647228757,568164.7106909512,1026.1854725235057
2.0,806.7238499072253,899063.9720136236,1012.197900883722
2.0,997.7488307498734,246275.4814686034,1054.3130645610934
2.0,874.7167655347287,560028.0689858076,987.9732467326239
2.0,817.0944178704267,719264.6585838211,1038.762511772098
3.0,1413.6271320179242,97850.32377065261,1158.6761832293712
3.0,947.909074413879,322610.223132824,1043.0047902362455
3.0,786.7088021607768,985782.9739371921,1026.1116529562962
3.0,923.9922027127122,684634.5984374008,968.5272443647275
3.0,2069.4521736311444,691.8877111843603,1374.768455630042
3.0,1511.9353660389602,76309.92865049264,1217.8613669476397
3.0,1796.0639315200967,836.9067039199879,1281.9660247164138
3.0,2164.589549831388,825.5129940570943,1352.3578001152941
3.0,1451.6413816832255,171102.52134662698,1141.4237574570793
3.0,775.2214508647091,1669917.3977411313,1033.10440314125
3.0,1214.056806070672,465152.1616978987,1034.0727199324228
3.0,1412.929360094951,100864.15379354071,1187.798867944458
3.0,2312.027943474933,698.2729829371117,1370.4955509477277
3.0,898.2077702510431,1335731.4999019676,964.4370034673939
3.0,1048.8096262230774,446358.39235262614,1038.684535170641
3.0,1779.8321547639016,12977.318725292025,1223.6943501925416
3.0,833.6773438699698,586298.0367427821,1046.5411757320305
3.0,789.1763970423383,1892086.3285823485,1008.3239214968006
3.0,1691.0074638242704,20731.308472739474,1236.37976381079
3.0,1212.0219969353261,279471.8197548149,1053.9682115931166
3.0,849.3716647228757,568164.7106909512,1026.1854725235057
3.0,1238.2018101050046,213022.3438920232,1073.1880625371598
3.0,1353.4149540913766,105250.30687599625,1174.4414302872774
3.0,806.7238499072253,899063.9720136236,1012.197900883722
3.0,997.7488307498734,246275.4814686034,1054.3130645610934
3.0,871.1996955411119,1420862.0526418244,990.7002581288237
3.0,874.7167655347287,560028.0689858076,987.9732467326239
3.0,817.0944178704267,719264.6585838211,1038.762511772098
4.0,1413.6271320179242,97850.32377065261,1158.6761832293712
4.0,947.909074413879,322610.223132824,1043.0047902362455
4.0,761.1938826002199,944196.4329429555,1023.2587881015241
4.0,923.9922027127122,684634.5984374008,968.5272443647275
4.0,2069.4521736311444,691.8877111843603,1374.768455630042
4.0,829.2483322700934,1173397.458694775,1018.1350916520815
4.0,1796.0639315200967,836.9067039199879,1281.9660247164138
4.0,1451.6413816832255,171102.52134662698,1141.4237574570793
4.0,2091.4801399732055,661.9726302841347,1307.5966485883985
4.0,898.2077702510431,1335731.4999019676,964.4370034673939
4.0,1517.6695360026054,69490.5929067916,1152.6001445194024
4.0,1779.8321547639016,12977.318725292025,1223.6943501925416
4.0,833.6773438699698,586298.0367427821,1046.5411757320305
4.0,789.1763970423383,1892086.3285823485,1008.3239214968006
4.0,1449.1597894207912,84499.9269617318,1197.1174599672092
4.0,1212.0219969353261,279471.8197548149,1053.9682115931166
4.0,849.3716647228757,568164.7106909512,1026.1854725235057
4.0,1238.2018101050046,213022.3438920232,1073.1880625371598
4.0,1353.4149540913766,105250.30687599625,1174.4414302872774
4.0,1036.9891048039544,280198.8930398007,1039.91839355994
4.0,997.7488307498734,246275.4814686034,1054.3130645610934
4.0,871.1996955411119,1420862.0526418244,990.7002581288237
4.0,874.7167655347287,560028.0689858076,987.9732467326239
5.0,1413.6271320179242,97850.32377065261,1158.6761832293712
5.0,1934.9156859215325,616.8994569498574,1346.1846432245034
5.0,923.9922027127122,684634.5984374008,968.5272443647275
5.0,1218.6905621946062,310801.9268878269,1012.706241586688
5.0,851.4171955616436,1762135.0160759992,1002.2106897630168
5.0,2091.4801399732055,661.9726302841347,1307.5966485883985
5.0,1517.6695360026054,69490.5929067916,1152.6001445194024
5.0,871.1996955411119,1420862.0526418244,990.7002581288237
5.0,1634.2983017664108,38729.661934054435,1194.8094409207179
5.0,910.6692683049656,446040.9575871112,1002.1713630502869
5.0,1247.466691990989,155628.42666848272,1120.8884814850371
5.0,928.036626325952,259390.45539007057,1033.4639175598188
5.0,1796.0639315200967,836.9067039199879,1281.9660247164138
5.0,1314.57069495153,77946.23146584115,1174.1324573351524
5.0,997.7488307498734,246275.4814686034,1054.3130645610934
5.0,833.6773438699698,586298.0367427821,1046.5411757320305
5.0,1432.245315221024,184221.76055862888,1116.4053604707822
5.0,874.7167655347287,560028.0689858076,987.9732467326239
5.0,1046.403619013229,217934.10211316118,1056.810419988831
6.0,1413.6271320179242,97850.32377065261,1158.6761832293712
6.0,1934.9156859215325,616.8994569498574,1346.1846432245034
6.0,923.9922027127122,684634.5984374008,968.5272443647275
6.0,928.036626325952,259390.45539007057,1033.4639175598188
6.0,987.8073863657555,410426.14639054274,1031.4902356800574
6.0,832.1007362486057,1016646.0528706108,1064.0711782520414
6.0,1218.6905621946062,310801.9268878269,1012.706241586688
6.0,2091.4801399732055,661.9726302841347,1307.5966485883985
6.0,1517.6695360026054,69490.5929067916,1152.6001445194024
6.0,871.1996955411119,1420862.0526418244,990.7002581288237
6.0,833.6773438699698,586298.0367427821,1046.5411757320305
6.0,1379.0541276410206,7239.8900701562725,1209.1439897403955
6.0,2269.4626289068297,599.4889490969779,1375.708171251022
6.0,1386.8259636328385,61499.3231152338,1182.2155595619374
6.0,1634.2983017664108,38729.661934054435,1194.8094409207179
6.0,1796.0639315200967,836.9067039199879,1281.9660247164138
6.0,869.1579982060329,1297874.8786831615,1039.5438176328926
6.0,1247.466691990989,155628.42666848272,1120.8884814850371
6.0,1314.57069495153,77946.23146584115,1174.1324573351524
6.0,997.7488307498734,246275.4814686034,1054.3130645610934
6.0,874.7167655347287,560028.0689858076,987.9732467326239
6.0,1085.643749966178,171108.8489477418,1064.791468695853
6.0,1628.8747122332634,109685.93100019763,1152.2441493144265
7.0,1413.6271320179242,97850.32377065261,1158.6761832293712
7.0,1934.9156859215325,616.8994569498574,1346.1846432245034
7.0,923.9922027127122,684634.5984374008,968.5272443647275
7.0,893.0959517428543,167518.5145215158,1047.038621707666
7.0,987.8073863657555,410426.14639054274,1031.4902356800574
7.0,1634.2983017664108,38729.661934054435,1194.8094409207179
7.0,871.1996955411119,1420862.0526418244,990.7002581288237
7.0,1379.0541276410206,7239.8900701562725,1209.1439897403955
7.0,2091.4801399732055,661.9726302841347,1307.5966485883985
7.0,1314.57069495153,77946.23146584115,1174.1324573351524
7.0,1197.2607961209624,309740.51265810843,1035.3794085791508
7.0,1199.0174394658382,323221.9781646493,995.3299087066448
7.0,2269.4626289068297,599.4889490969779,1375.708171251022
7.0,1386.8259636328385,61499.3231152338,1182.2155595619374
7.0,1171.7995446804093,112955.42685528372,1049.1657418447394
7.0,1796.0639315200967,836.9067039199879,1281.9660247164138
7.0,1237.6587462316595,242656.5232160239,1009.782745637258
7.0,851.4670413265787,755560.3250555656,1006.9740908484686
7.0,831.4710597552638,480177.6554682522,1045.7905523167533
7.0,874.7167655347287,560028.0689858076,987.9732467326239
7.0,1628.8747122332634,109685.93100019763,1152.2441493144265
8.0,1413.6271320179242,97850.32377065261,1158.6761832293712
8.0,1199.0174394658382,323221.9781646493,995.3299087066448
8.0,893.0959517428543,167518.5145215158,1047.038621707666
8.0,923.9922027127122,684634.5984374008,968.5272443647275
8.0,2115.414790415768,638.57305397552,1356.1905561318945
8.0,987.8073863657555,410426.14639054274,1031.4902356800574
8.0,2218.980991183609,697.7652533223788,1318.246335285339
8.0,1379.0541276410206,7239.8900701562725,1209.1439897403955
8.0,831.4710597552638,480177.6554682522,1045.7905523167533
8.0,1988.302287167364,588.9993109074605,1386.0776591396273
8.0,1946.3948575906984,670.501559164212,1353.4636082619666
8.0,1314.57069495153,77946.23146584115,1174.1324573351524
8.0,2205.7114348641903,546.0245860580278,1353.116381333439
8.0,1345.8075597716806,69712.44565084222,1175.9858173312077
8.0,1171.7995446804093,112955.42685528372,1049.1657418447394
8.0,1771.2833774355543,828.4430797319287,1284.019579921022
8.0,1237.6587462316595,242656.5232160239,1009.782745637258
8.0,918.3866950422018,330551.28612860176,1035.9690008797438
8.0,851.4670413265787,755560.3250555656,1006.9740908484686
8.0,874.7167655347287,560028.0689858076,987.9732467326239
8.0,1605.513192225585,63238.816400133495,1201.7708991445309
9.0,1413.6271320179242,97850.32377065261,1158.6761832293712
9.0,774.0456244280591,1654693.8504032877,1004.6548892746889
9.0,2168.3120039948935,810.6284990169734,1311.2075588080656
9.0,923.9922027127122,684634.5984374008,968.5272443647275
9.0,1428.1506767512421,55890.70466004551,1198.312999871198
9.0,842.2128541790422,161578.22705926048,1041.6830981495652
9.0,950.1613399635947,513266.4647003562,993.8682783318108
9.0,1806.6153380454434,913.4342435705321,1285.5405002434106
9.0,2218.980991183609,697.7652533223788,1318.246335285339
9.0,2149.1298398050526,575.0955314159427,1376.2026401243327
9.0,1199.0174394658382,323221.9781646493,995.3299087066448
9.0,2170.250653295397,659.3175927412808,1370.4060458908764
9.0,2204.6390567469316,609.8554292328947,1368.3595769005701
9.0,2071.4335317110867,608.1609707182253,1373.9738205777487
9.0,2205.7114348641903,546.0245860580278,1353.116381333439
9.0,1345.8075597716806,69712.44565084222,1175.9858173312077
9.0,831.4710597552638,480177.6554682522,1045.7905523167533
9.0,1892.9093917901546,697.7681656775586,1336.8669636755476
9.0,1237.6587462316595,242656.5232160239,1009.782745637258
9.0,851.4670413265787,755560.3250555656,1006.9740908484686
9.0,918.3866950422018,330551.28612860176,1035.9690008797438
9.0,824.7082601111925,1477801.0432812846,1005.6505558361911
9.0,1386.9637054964094,4842.384309251657,1219.2997094027075
9.0,874.7167655347287,560028.0689858076,987.9732467326239
10.0,1413.6271320179242,97850.32377065261,1158.6761832293712
10.0,824.7082601111925,1477801.0432812846,1005.6505558361911
10.0,2017.9618085120505,762.4334587330668,1281.1500175112649
10.0,2012.8795339297958,623.7094647307212,1348.364701576176
10.0,1923.8002749224422,915.6266124284939,1334.2313594223715
10.0,2099.552116791012,619.9283323573094,1376.896697406216
10.0,1957.2836765794405,693.8741648184774,1315.5465067345206
10.0,2280.494651555173,634.327985928288,1324.3459715560728
10.0,2149.1298398050526,575.0955314159427,1376.2026401243327
10.0,2109.5191154992367,721.85052804012,1304.0770502969312
10.0,2109.9077098442385,611.7968638979241,1375.5637634730388
10.0,1428.1506767512421,55890.70466004551,1198.312999871198
10.0,1199.0174394658382,323221.9781646493,995.3299087066448
10.0,2205.7114348641903,546.0245860580278,1353.116381333439
10.0,1380.5861930658948,72507.58992947766,1177.3819860401181
10.0,1903.4761857234532,2315.0927802627384,1300.9327107166384
10.0,1913.297588982466,677.24875055326,1335.1794918673486
10.0,1754.1337274736713,28106.321040405004,1213.9404661077629
10.0,876.2151264256456,279447.9468621034,1046.783601972443
10.0,892.963207562636,243600.74703998162,1030.2713914466706
10.0,1138.6663724685056,202550.67419945006,1002.080377006209
10.0,831.4710597552638,480177.6554682522,1045.7905523167533
10.0,1348.8941040034592,165856.83476560347,1100.1782852050067
10.0,852.9556930455993,745893.9370209045,1008.2276594000084
10.0,1386.9637054964094,4842.384309251657,1219.2997094027075
10.0,874.7167655347287,560028.0689858076,987.9732467326239
10.0,1113.2350733082137,171746.09599025536,1064.0472100087109
11.0,892.963207562636,243600.74703998162,1030.2713914466706
11.0,792.2931482325039,606091.5824713935,1100.695400120454
11.0,2017.9618085120505,762.4334587330668,1281.1500175112649
11.0,1199.0174394658382,323221.9781646493,995.3299087066448
11.0,876.2151264256456,279447.9468621034,1046.783601972443
11.0,1754.1337274736713,28106.321040405004,1213.9404661077629
11.0,799.0142299984726,630244.5683533509,1087.9991204900114
11.0,1852.9280069872675,4045.804496425651,1294.293676352475
11.0,2023.8292070484392,769.2805190622116,1270.9331776480433
11.0,2117.66692941151,556.368966030268,1352.7183386613665
11.0,1428.1506767512421,55890.70466004551,1198.312999871198
11.0,1796.031988458486,604.1078405536803,1300.8141424338594
11.0,1297.0905170313483,78943.26165546413,1147.1528317917891
11.0,1121.2091559011944,210074.61338414557,1057.2582128035524
11.0,805.775880657078,650777.1126979956,1042.1773388999102
11.0,1348.8941040034592,165856.83476560347,1100.1782852050067
11.0,852.9556930455993,745893.9370209045,1008.2276594000084
11.0,892.5270049754233,1538964.994872991,1000.8380736669494
11.0,1386.9637054964094,4842.384309251657,1219.2997094027075
11.0,1103.9371540424788,218483.5528972562,1053.426938371641
11.0,925.5850373948521,508024.59232715715,1008.054928304687
11.0,1113.2350733082137,171746.09599025536,1064.0472100087109
12.0,892.963207562636,243600.74703998162,1030.2713914466706
12.0,792.2931482325039,606091.5824713935,1100.695400120454
12.0,1854.9520075619014,555.4740979169103,1076.2560568825409
12.0,1428.1506767512421,55890.70466004551,1198.312999871198
12.0,799.0142299984726,630244.5683533509,1087.9991204900114
12.0,802.4791971646198,503357.5941284301,1039.0429807543728
12.0,876.2151264256456,279447.9468621034,1046.783601972443
12.0,1796.031988458486,604.1078405536803,1300.8141424338594
12.0,1302.3153866724329,71705.72532981708,1149.0823800918058
12.0,1121.2091559011944,210074.61338414557,1057.2582128035524
12.0,1348.8941040034592,165856.83476560347,1100.1782852050067
12.0,852.9556930455993,745893.9370209045,1008.2276594000084
12.0,892.5270049754233,1538964.994872991,1000.8380736669494
12.0,1492.9208109330784,5399.515720514738,1220.2591121594044
12.0,1103.9371540424788,218483.5528972562,1053.426938371641
12.0,925.5850373948521,508024.59232715715,1008.054928304687
12.0,1093.6265314113461,281238.1830086697,1024.3763218653187
12.0,1032.9627140154323,175155.30814175695,1069.0425245694623
13.0,892.963207562636,243600.74703998162,1030.2713914466706
13.0,2134.4541758654423,552.1966731648109,1390.0580442294167
13.0,2017.9618085120505,762.4334587330668,1281.1500175112649
13.0,2078.84229942666,599.2398236916634,1353.2698718871748
13.0,1796.031988458486,604.1078405536803,1300.8141424338594
13.0,1973.0503448331071,724.4465242312525,1298.4443191588978
13.0,1772.6800568959045,19987.12705708218,1241.7178249611695
13.0,792.2931482325039,606091.5824713935,1100.695400120454
13.0,799.0142299984726,630244.5683533509,1087.9991204900114
13.0,1428.1506767512421,55890.70466004551,1198.312999871198
13.0,2089.366236501427,563.5497991020428,1345.4595958698044
13.0,1302.3153866724329,71705.72532981708,1149.0823800918058
13.0,1948.4832417627108,1816.553969038618,1106.1055695402122
13.0,1348.8941040034592,165856.83476560347,1100.1782852050067
13.0,852.9556930455993,745893.9370209045,1008.2276594000084
13.0,1837.1875488378919,792.3230095145502,1283.9254265242203
13.0,1433.228792353102,54936.86519936501,1192.3084010046175
13.0,802.4791971646198,503357.5941284301,1039.0429807543728
13.0,1200.939415441177,202539.84791583623,1047.2892808187837
13.0,925.5850373948521,508024.59232715715,1008.054928304687
13.0,1032.9627140154323,175155.30814175695,1069.0425245694623
14.0,892.963207562636,243600.74703998162,1030.2713914466706
14.0,1796.031988458486,604.1078405536803,1300.8141424338594
14.0,1904.2260382976813,466.444526715851,1261.1256320501677
14.0,1934.5972653280246,505.9293873421635,1167.5861325144258
14.0,1428.1506767512421,55890.70466004551,1198.312999871198
14.0,799.0142299984726,630244.5683533509,1087.9991204900114
14.0,1772.6800568959045,19987.12705708218,1241.7178249611695
14.0,1302.3153866724329,71705.72532981708,1149.0823800918058
14.0,1948.4832417627108,1816.553969038618,1106.1055695402122
14.0,852.9556930455993,745893.9370209045,1008.2276594000084
14.0,1837.1875488378919,792.3230095145502,1283.9254265242203
14.0,1508.808233371898,35240.54156012192,1221.7035774524263
14.0,846.0589566496886,1022190.7490890769,1050.615064693816
14.0,1200.939415441177,202539.84791583623,1047.2892808187837
14.0,1007.5214082319352,559294.1094511627,1015.2070391413018
14.0,1032.9627140154323,175155.30814175695,1069.0425245694623
15.0,1161.8476290321953,445549.21152796556,1040.8201976923162
15.0,1883.1660786758762,437.4958967787661,1223.759264860647
15.0,1808.4314282802109,509.1078945343402,1236.0877562813707
15.0,1867.4520283620134,502.54354939418033,1219.900859275128
15.0,1768.9334854441456,528.2632533653907,1232.130246099309
15.0,1934.5972653280246,505.9293873421635,1167.5861325144258
15.0,1839.6334318123722,435.57690915880823,1228.8761295551801
15.0,1879.8203093648144,444.0017447743194,1224.4192633789023
15.0,799.0142299984726,630244.5683533509,1087.9991204900114
15.0,1302.3153866724329,71705.72532981708,1149.0823800918058
15.0,852.9556930455993,745893.9370209045,1008.2276594000084
15.0,1948.4832417627108,1816.553969038618,1106.1055695402122
15.0,1076.596644798742,213658.42830521206,1082.1226843706975
15.0,1508.808233371898,35240.54156012192,1221.7035774524263
15.0,846.8647149286717,1047184.3586613523,1052.5697670501384
15.0,1463.2056416060902,178295.48700601992,1083.6550378313784
15.0,1007.5214082319352,559294.1094511627,1015.2070391413018
15.0,1204.0309304943894,275030.8309946646,1037.989095027658
15.0,1793.887376576279,547.6272731691042,1228.438516001098
15.0,1130.811056421289,197227.29425824058,1067.437527989358
15.0,1598.7288040572773,63081.51706154882,1198.8072358178333
16.0,1161.8476290321953,445549.21152796556,1040.8201976923162
16.0,1853.4096838491503,478.1184812400068,1256.6659056612662
16.0,1808.4314282802109,509.1078945343402,1236.0877562813707
16.0,2017.310842357599,694.3671683596382,1107.321071980832
16.0,1768.9334854441456,528.2632533653907,1232.130246099309
16.0,1934.5972653280246,505.9293873421635,1167.5861325144258
16.0,1883.1660786758762,437.4958967787661,1223.759264860647
16.0,1879.8203093648144,444.0017447743194,1224.4192633789023
16.0,799.0142299984726,630244.5683533509,1087.9991204900114
16.0,1738.6272701666721,654.2008289875738,1271.9149377245035
16.0,1302.3153866724329,71705.72532981708,1149.0823800918058
16.0,852.9556930455993,745893.9370209045,1008.2276594000084
16.0,1992.1044045173296,9513.336876042724,1108.0219383909853
16.0,1076.596644798742,213658.42830521206,1082.1226843706975
16.0,1508.808233371898,35240.54156012192,1221.7035774524263
16.0,835.3441474346439,1133760.9616982876,1045.0110019708486
16.0,801.3914108205806,619247.9801571205,1046.4395472402566
16.0,1427.9209743788058,104614.72993300924,1133.2635839791078
16.0,1204.0309304943894,275030.8309946646,1037.989095027658
16.0,1793.887376576279,547.6272731691042,1228.438516001098
16.0,1114.6534291555513,168476.65634474758,1075.1468388373437
16.0,1598.7288040572773,63081.51706154882,1198.8072358178333
17.0,1161.8476290321953,445549.21152796556,1040.8201976923162
17.0,1853.4096838491503,478.1184812400068,1256.6659056612662
17.0,1808.4314282802109,509.1078945343402,1236.0877562813707
17.0,1868.2961956821173,440.45274550609827,1334.787734046436
17.0,1768.9334854441456,528.2632533653907,1232.130246099309
17.0,1934.5972653280246,505.9293873421635,1167.5861325144258
17.0,2017.310842357599,694.3671683596382,1107.321071980832
17.0,1883.1660786758762,437.4958967787661,1223.759264860647
17.0,1879.8203093648144,444.0017447743194,1224.4192633789023
17.0,1738.6272701666721,654.2008289875738,1271.9149377245035
17.0,1302.3153866724329,71705.72532981708,1149.0823800918058
17.0,852.9556930455993,745893.9370209045,1008.2276594000084
17.0,1992.1044045173296,9513.336876042724,1108.0219383909853
17.0,1060.011097228197,616090.6631106755,1039.6898763361537
17.0,1057.3692566641369,271285.57638058986,1069.8997838950543
17.0,1508.808233371898,35240.54156012192,1221.7035774524263
17.0,835.3441474346439,1133760.9616982876,1045.0110019708486
17.0,801.3914108205806,619247.9801571205,1046.4395472402566
17.0,1427.9209743788058,104614.72993300924,1133.2635839791078
17.0,1204.0309304943894,275030.8309946646,1037.989095027658
17.0,968.4658878284896,379219.7198600326,1074.4606581896333
17.0,1598.7288040572773,63081.51706154882,1198.8072358178333
18.0,876.9991849443797,1387628.4844642694,1047.9519292303764
18.0,1853.4096838491503,478.1184812400068,1256.6659056612662
18.0,1808.4314282802109,509.1078945343402,1236.0877562813707
18.0,2014.1492122344252,471.35157320090303,1222.2570536715743
18.0,1771.1113372228704,543.1211220814159,1293.8240759227344
18.0,1883.1660786758762,437.4958967787661,1223.759264860647
18.0,1738.6272701666721,654.2008289875738,1271.9149377245035
18.0,1302.3153866724329,71705.72532981708,1149.0823800918058
18.0,1508.808233371898,35240.54156012192,1221.7035774524263
18.0,1992.1044045173296,9513.336876042724,1108.0219383909853
18.0,1057.3692566641369,271285.57638058986,1069.8997838950543
18.0,1730.143365438654,740.1011498350402,1177.362627911824
18.0,948.5527662333456,334375.2264435557,1033.131369390259
18.0,1427.9209743788058,104614.72993300924,1133.2635839791078
18.0,913.9493601555137,857125.201495273,1009.7669098802495
18.0,904.4163015885672,782916.2375472238,1049.3538316061977
18.0,1204.0309304943894,275030.8309946646,1037.989095027658
18.0,1791.1292565788644,543.0222315542014,1227.2865240072056
18.0,1598.7288040572773,63081.51706154882,1198.8072358178333
19.0,1304.8080284039,90770.13936377788,1165.584515468925
19.0,1853.4096838491503,478.1184812400068,1256.6659056612662
19.0,1771.1113372228704,543.1211220814159,1293.8240759227344
19.0,1883.1660786758762,437.4958967787661,1223.759264860647
19.0,1207.197376375256,492533.033872686,1028.8126079640404
19.0,876.9991849443797,1387628.4844642694,1047.9519292303764
19.0,1992.1044045173296,9513.336876042724,1108.0219383909853
19.0,1242.252795226819,330629.09076722723,1119.3065857895467
19.0,1508.808233371898,35240.54156012192,1221.7035774524263
19.0,1741.4732404867862,740.7789590792523,1177.9291532279688
19.0,948.5527662333456,334375.2264435557,1033.131369390259
19.0,1427.9209743788058,104614.72993300924,1133.2635839791078
19.0,812.2524696617918,1396035.2301688192,1001.6666221407446
19.0,905.403604548621,484033.09704934177,1040.0973498787498
19.0,1247.00744896787,236448.8134941643,1074.677565099444
19.0,1832.692222818439,545.5963600237533,1241.8941915634798
19.0,1632.2890831439722,63520.83832557275,1217.0727538755216
20.0,1304.8080284039,90770.13936377788,1165.584515468925
20.0,1802.6182502915585,549.7223880876646,1287.0086345308118
20.0,1247.00744896787,236448.8134941643,1074.677565099444
20.0,1883.1660786758762,437.4958967787661,1223.759264860647
20.0,2204.338326351018,416.04214267759676,1232.2984793401629
20.0,1741.4732404867862,740.7789590792523,1177.9291532279688
20.0,1992.1044045173296,9513.336876042724,1108.0219383909853
20.0,911.6556954145411,889747.0632176019,1040.1356035438248
20.0,922.6472742616869,322236.8590410315,1048.7414725225353
20.0,1365.2258882258775,61380.84452079785,1178.9742817094111
20.0,948.5527662333456,334375.2264435557,1033.131369390259
20.0,1427.9209743788058,104614.72993300924,1133.2635839791078
20.0,793.7191520112654,1277829.560588056,978.1696337093323
20.0,974.9687074813526,315223.8169439458,1012.8150600694105
20.0,1832.692222818439,545.5963600237533,1241.8941915634798
21.0,1304.8080284039,90770.13936377788,1165.584515468925
21.0,1802.6182502915585,549.7223880876646,1287.0086345308118
21.0,1947.1985156542744,462.7915245949766,1232.2997805309958
21.0,1801.742003650238,540.6689190198304,1294.2355722911577
21.0,1862.9167089630894,444.8699274551304,1244.5594327017309
21.0,1891.8826948763924,493.8285931505237,1232.1364737451645
21.0,2200.5711125068815,427.8530656966552,1275.3330587150238
21.0,2204.338326351018,416.04214267759676,1232.2984793401629
21.0,1741.4732404867862,740.7789590792523,1177.9291532279688
21.0,1992.1044045173296,9513.336876042724,1108.0219383909853
21.0,793.7191520112654,1277829.560588056,978.1696337093323
21.0,922.6472742616869,322236.8590410315,1048.7414725225353
21.0,1365.2258882258775,61380.84452079785,1178.9742817094111
21.0,1931.8008297708118,479.20807312213117,1243.2524302652275
21.0,1427.9209743788058,104614.72993300924,1133.2635839791078
21.0,784.9423131558538,784453.6497426234,1079.420443977735
21.0,974.9687074813526,315223.8169439458,1012.8150600694105
21.0,1247.00744896787,236448.8134941643,1074.677565099444
21.0,1832.692222818439,545.5963600237533,1241.8941915634798
22.0,1304.8080284039,90770.13936377788,1165.584515468925
22.0,1801.742003650238,540.6689190198304,1294.2355722911577
22.0,1808.5473240440224,548.9742540069396,1291.225962391474
22.0,1947.1985156542744,462.7915245949766,1232.2997805309958
22.0,1862.9167089630894,444.8699274551304,1244.5594327017309
22.0,2200.5711125068815,427.8530656966552,1275.3330587150238
22.0,1741.4732404867862,740.7789590792523,1177.9291532279688
22.0,1992.1044045173296,9513.336876042724,1108.0219383909853
22.0,793.7191520112654,1277829.560588056,978.1696337093323
22.0,922.6472742616869,322236.8590410315,1048.7414725225353
22.0,1404.6193375754212,60880.16127041056,1178.9976343894375
22.0,1931.8008297708118,479.20807312213117,1243.2524302652275
22.0,1642.8348063282656,20354.888711527034,1205.6876454924281
22.0,844.6850124779539,1231551.8051548135,1059.8240346597008
22.0,974.9687074813526,315223.8169439458,1012.8150600694105
22.0,1247.00744896787,236448.8134941643,1074.677565099444
22.0,1816.6545066689016,542.5992860676206,1235.8079847174865
23.0,1304.8080284039,90770.13936377788,1165.584515468925
23.0,2217.0012550955807,442.8235095434403,1274.0941132064283
23.0,1808.5473240440224,548.9742540069396,1291.225962391474
23.0,1947.1985156542744,462.7915245949766,1232.2997805309958
23.0,1247.00744896787,236448.8134941643,1074.677565099444
23.0,1862.9167089630894,444.8699274551304,1244.5594327017309
23.0,1939.905272218079,480.30796152076505,1238.2141823469424
23.0,2200.5711125068815,427.8530656966552,1275.3330587150238
23.0,2123.1814059257217,431.43205874711487,1345.822241473332
23.0,974.5489207535953,640500.4077927542,1047.025228000592
23.0,1402.5804780816718,82285.01059851181,1190.101976029517
23.0,900.0414520445129,987154.9992075133,1028.7620828010224
23.0,1741.4732404867862,740.7789590792523,1177.9291532279688
23.0,922.6472742616869,322236.8590410315,1048.7414725225353
23.0,1404.6193375754212,60880.16127041056,1178.9976343894375
23.0,1931.8008297708118,479.20807312213117,1243.2524302652275
23.0,1603.5745608576951,20608.124154593963,1217.1016320472236
23.0,844.6850124779539,1231551.8051548135,1059.8240346597008
23.0,793.7191520112654,1277829.560588056,978.1696337093323
23.0,974.9687074813526,315223.8169439458,1012.8150600694105
23.0,1816.6545066689016,542.5992860676206,1235.8079847174865
24.0,1304.8080284039,90770.13936377788,1165.584515468925
24.0,2217.0012550955807,442.8235095434403,1274.0941132064283
24.0,1947.1985156542744,462.7915245949766,1232.2997805309958
24.0,1247.00744896787,236448.8134941643,1074.677565099444
24.0,1862.9167089630894,444.8699274551304,1244.5594327017309
24.0,1939.905272218079,480.30796152076505,1238.2141823469424
24.0,2200.5711125068815,427.8530656966552,1275.3330587150238
24.0,2123.1814059257217,431.43205874711487,1345.822241473332
24.0,974.5489207535953,640500.4077927542,1047.025228000592
24.0,1403.7910352313938,83243.40488575112,1181.4076887067297
24.0,793.7191520112654,1277829.560588056,978.1696337093323
24.0,1741.4732404867862,740.7789590792523,1177.9291532279688
24.0,922.6472742616869,322236.8590410315,1048.7414725225353
24.0,1404.6193375754212,60880.16127041056,1178.9976343894375
24.0,1931.8008297708118,479.20807312213117,1243.2524302652275
24.0,1607.9833528522372,62101.43531758092,1165.3323643516198
24.0,844.6850124779539,1231551.8051548135,1059.8240346597008
24.0,974.9687074813526,315223.8169439458,1012.8150600694105
24.0,1816.6545066689016,542.5992860676206,1235.8079847174865
24.0,885.698869253141,998626.157530115,1116.9825637897522
25.0,1304.8080284039,90770.13936377788,1165.584515468925
25.0,2217.0012550955807,442.8235095434403,1274.0941132064283
25.0,1853.3772649769166,562.0166575874563,1264.569203821976
25.0,1947.1985156542744,462.7915245949766,1232.2997805309958
25.0,1862.9167089630894,444.8699274551304,1244.5594327017309
25.0,1939.905272218079,480.30796152076505,1238.2141823469424
25.0,2200.5711125068815,427.8530656966552,1275.3330587150238
25.0,2123.1814059257217,431.43205874711487,1345.822241473332
25.0,1403.7910352313938,83243.40488575112,1181.4076887067297
25.0,793.7191520112654,1277829.560588056,978.1696337093323
25.0,1788.3562610514236,739.0243315475713,1185.925962343846
25.0,922.6472742616869,322236.8590410315,1048.7414725225353
25.0,1404.6193375754212,60880.16127041056,1178.9976343894375
25.0,1931.8008297708118,479.20807312213117,1243.2524302652275
25.0,1456.432786536552,74825.00443898649,1162.373876571394
25.0,842.6334858413675,1079253.194237111,1050.3822664344502
25.0,974.9687074813526,315223.8169439458,1012.8150600694105
25.0,1247.00744896787,236448.8134941643,1074.677565099444
25.0,1854.2883992205718,544.7417112005,1242.4158251587678
26.0,1304.8080284039,90770.13936377788,1165.584515468925
26.0,2217.0012550955807,442.8235095434403,1274.0941132064283
26.0,1247.00744896787,236448.8134941643,1074.677565099444
26.0,1947.1985156542744,462.7915245949766,1232.2997805309958
26.0,1862.9167089630894,444.8699274551304,1244.5594327017309
26.0,1403.7910352313938,83243.40488575112,1181.4076887067297
26.0,793.7191520112654,1277829.560588056,978.1696337093323
26.0,1788.3562610514236,739.0243315475713,1185.925962343846
26.0,922.6472742616869,322236.8590410315,1048.7414725225353
26.0,1404.6193375754212,60880.16127041056,1178.9976343894375
26.0,951.1672171904437,685253.760140581,1036.7290009783458
26.0,1931.8008297708118,479.20807312213117,1243.2524302652275
26.0,1456.432786536552,74825.00443898649,1162.373876571394
26.0,842.6334858413675,1079253.194237111,1050.3822664344502
26.0,1008.5581159803298,251688.5109561838,1013.8532623996751
26.0,1830.2354163456641,543.8540864590462,1239.9512250856064
27.0,1304.8080284039,90770.13936377788,1165.584515468925
27.0,2087.045857323761,443.1428471504987,1261.4136768686872
27.0,1920.7421724235546,469.6562779955849,1306.7169841984594
27.0,1008.5581159803298,251688.5109561838,1013.8532623996751
27.0,1947.1985156542744,462.7915245949766,1232.2997805309958
27.0,2078.524451323775,448.38804366288036,1252.0580475624586
27.0,793.7191520112654,1277829.560588056,978.1696337093323
27.0,2037.2838249629822,452.4577618389805,1307.3426468985383
27.0,2040.8090346379254,441.5919443719226,1386.9519779210343
27.0,1403.7910352313938,83243.40488575112,1181.4076887067297
27.0,1012.9195933800474,247631.32825675266,1021.4741704947004
27.0,922.6472742616869,322236.8590410315,1048.7414725225353
27.0,1404.6193375754212,60880.16127041056,1178.9976343894375
27.0,951.1672171904437,685253.760140581,1036.7290009783458
27.0,1931.8008297708118,479.20807312213117,1243.2524302652275
27.0,1453.987876746003,123580.27219532871,1133.2484020960062
27.0,842.6334858413675,1079253.194237111,1050.3822664344502
27.0,1830.2354163456641,543.8540864590462,1239.9512250856064
28.0,1304.8080284039,90770.13936377788,1165.584515468925
28.0,2040.8090346379254,441.5919443719226,1386.9519779210343
28.0,1947.1985156542744,462.7915245949766,1232.2997805309958
28.0,2037.2838249629822,452.4577618389805,1307.3426468985383
28.0,1797.7247970050723,538.834548678719,1256.5971464003678
28.0,2149.8836754217623,446.2328798223328,1284.777139815674
28.0,922.6472742616869,322236.8590410315,1048.7414725225353
28.0,1012.9195933800474,247631.32825675266,1021.4741704947004
28.0,1366.819970990834,59972.379322731445,1177.8490855943098
28.0,951.1672171904437,685253.760140581,1036.7290009783458
28.0,1453.987876746003,123580.27219532871,1133.2484020960062
28.0,793.7191520112654,1277829.560588056,978.1696337093323
28.0,1008.5581159803298,251688.5109561838,1013.8532623996751
28.0,1619.989586466414,51483.59662958214,1165.4988715800653
29.0,1304.8080284039,90770.13936377788,1165.584515468925
29.0,2040.8090346379254,441.5919443719226,1386.9519779210343
29.0,1947.1985156542744,462.7915245949766,1232.2997805309958
29.0,1937.6394831115804,466.40641980452614,1260.038407726456
29.0,1797.7247970050723,538.834548678719,1256.5971464003678
29.0,2307.9645331941565,436.5953673607335,1302.305596237547
29.0,2149.8836754217623,446.2328798223328,1284.777139815674
29.0,922.6472742616869,322236.8590410315,1048.7414725225353
29.0,1369.306230151082,59137.28525521376,1173.4029696328798
29.0,951.1672171904437,685253.760140581,1036.7290009783458
29.0,1656.348681100212,8582.547824331108,1248.0719688561476
29.0,1359.9455071248658,155425.57776674017,1089.4813398280112
29.0,958.2630408995354,756910.5936588317,1000.1553635311576
29.0,849.7040334360112,1256572.7918375665,1013.8284091400099
29.0,1129.3555672462082,270190.88507588,1049.8090256913401
29.0,1721.7102578344475,547.5611255000208,1301.0851998071207
29.0,1619.989586466414,51483.59662958214,1165.4988715800653
30.0,1304.8080284039,90770.13936377788,1165.584515468925
30.0,2040.8090346379254,441.5919443719226,1386.9519779210343
30.0,1947.1985156542744,462.7915245949766,1232.2997805309958
30.0,1929.0939352831238,471.63673401714004,1246.323703258184
30.0,2307.9645331941565,436.5953673607335,1302.305596237547
30.0,1797.7247970050723,538.834548678719,1256.5971464003678
30.0,2149.8836754217623,446.2328798223328,1284.777139815674
30.0,922.6472742616869,322236.8590410315,1048.7414725225353
30.0,1984.2279556946337,459.48672005578146,1268.9463675850054
30.0,1732.873431427149,4781.748017312328,1245.3172191714914
30.0,1369.306230151082,59137.28525521376,1173.4029696328798
30.0,1182.7133985935307,262935.3493242566,1067.9878565742713
30.0,1688.3221397817942,8940.56998924977,1233.0618695420112
30.0,1415.901691955582,139464.1488817108,1088.351050960444
30.0,958.2630408995354,756910.5936588317,1000.1553635311576
30.0,849.7040334360112,1256572.7918375665,1013.8284091400099
30.0,1129.3555672462082,270190.88507588,1049.8090256913401
30.0,1721.7102578344475,547.5611255000208,1301.0851998071207
30.0,1619.989586466414,51483.59662958214,1165.4988715800653
31.0,1304.8080284039,90770.13936377788,1165.584515468925
31.0,2040.8090346379254,441.5919443719226,1386.9519779210343
31.0,2350.313561215166,469.0522522084971,1273.6421139197241
31.0,2000.4371264364606,470.5795819498698,1295.4918182528515
31.0,1757.1570418925292,43424.47919463281,1201.7562370688415
31.0,1929.0939352831238,471.63673401714004,1246.323703258184
31.0,1923.4251450259633,477.47415685550624,1305.5371111479453
31.0,1797.7247970050723,538.834548678719,1256.5971464003678
31.0,2149.8836754217623,446.2328798223328,1284.777139815674
31.0,922.6472742616869,322236.8590410315,1048.7414725225353
31.0,1732.873431427149,4781.748017312328,1245.3172191714914
31.0,1366.309202374834,57979.11131434757,1172.5260457187462
31.0,1113.8049857954823,283386.03508736595,1058.353377753926
31.0,1959.1691622344938,481.14068374712997,1243.7991354114297
31.0,1415.901691955582,139464.1488817108,1088.351050960444
31.0,896.4948980079391,771942.2139981799,1061.830809410177
31.0,1069.3586029106914,712409.1619034222,997.032558074118
31.0,849.7040334360112,1256572.7918375665,1013.8284091400099
31.0,1129.3555672462082,270190.88507588,1049.8090256913401
31.0,1846.036605765027,537.6548625892107,1303.4066123314562
31.0,1619.989586466414,51483.59662958214,1165.4988715800653
32.0,1304.8080284039,90770.13936377788,1165.584515468925
32.0,2181.449700881636,450.419007495687,1297.5701384799597
32.0,2188.0432445563424,452.5056068716787,1281.393764402713
32.0,2168.7538409449244,459.58417731421514,1307.3749028574011
32.0,1496.0230184671577,23242.584275011304,1171.3354706654834
32.0,1929.0939352831238,471.63673401714004,1246.323703258184
32.0,2350.313561215166,469.0522522084971,1273.6421139197241
32.0,2149.9928013624185,466.8783630393118,1318.92139025288
32.0,1872.8426302844719,585.4116473620597,1286.5468957572975
32.0,2040.8090346379254,441.5919443719226,1386.9519779210343
32.0,1878.1745326040905,467.69672358463464,1286.874346714814
32.0,1771.4606248590096,686.2099326354273,1289.9638710224108
32.0,1127.6868988800497,685861.6926303145,985.0065499647104
32.0,1732.873431427149,4781.748017312328,1245.3172191714914
32.0,1366.309202374834,57979.11131434757,1172.5260457187462
32.0,1067.7877943714489,354398.0449438891,1040.8295539416613
32.0,1959.1691622344938,481.14068374712997,1243.7991354114297
32.0,1415.901691955582,139464.1488817108,1088.351050960444
32.0,706.9660689526747,1513481.5137377335,1075.6552149616834
32.0,949.5630652467597,384263.83447098866,1021.4634034246707
32.0,1129.3555672462082,270190.88507588,1049.8090256913401
32.0,1841.5755222754099,537.5656255654964,1303.1837243994157
32.0,1619.989586466414,51483.59662958214,1165.4988715800653
33.0,1304.8080284039,90770.13936377788,1165.584515468925
33.0,2185.559817875462,458.34859456948294,1319.30134277701
33.0,2188.0432445563424,452.5056068716787,1281.393764402713
33.0,2168.7538409449244,459.58417731421514,1307.3749028574011
33.0,2164.64676153424,510.031933816849,1244.050652974903
33.0,1929.0939352831238,471.63673401714004,1246.323703258184
33.0,1877.095970250279,679.9446550697608,1289.416905898357
33.0,2040.8090346379254,441.5919443719226,1386.9519779210343
33.0,1878.1745326040905,467.69672358463464,1286.874346714814
33.0,1771.4606248590096,686.2099326354273,1289.9638710224108
33.0,1127.6868988800497,685861.6926303145,985.0065499647104
33.0,1811.17478534924,3130.9938580720473,1259.2509744430731
33.0,1404.3455096764903,60123.97398678595,1173.3283049475895
33.0,1067.7877943714489,354398.0449438891,1040.8295539416613
33.0,1496.0230184671577,23242.584275011304,1171.3354706654834
33.0,1944.8992593188273,478.4622907498099,1244.1983757076753
33.0,1415.901691955582,139464.1488817108,1088.351050960444
33.0,706.9660689526747,1513481.5137377335,1075.6552149616834
33.0,949.5630652467597,384263.83447098866,1021.4634034246707
33.0,1129.3555672462082,270190.88507588,1049.8090256913401
33.0,1852.3931346693244,528.5202432208129,1301.688357338666
33.0,1619.989586466414,51483.59662958214,1165.4988715800653
34.0,1304.8080284039,90770.13936377788,1165.584515468925
34.0,2164.64676153424,510.031933816849,1244.050652974903
34.0,1953.8843312381332,444.6654180116681,1289.0038562229834
34.0,1929.0939352831238,471.63673401714004,1246.323703258184
34.0,1877.095970250279,679.9446550697608,1289.416905898357
34.0,1878.1745326040905,467.69672358463464,1286.874346714814
34.0,1854.8243306293211,783.0841259572691,1283.2950639852245
34.0,1902.3290725812694,488.51622894224977,1285.6103033448167
34.0,859.7998582345592,635458.3419595015,1006.9037079783203
34.0,1811.17478534924,3130.9938580720473,1259.2509744430731
34.0,1404.3455096764903,60123.97398678595,1173.3283049475895
34.0,1415.901691955582,139464.1488817108,1088.351050960444
34.0,1496.0230184671577,23242.584275011304,1171.3354706654834
34.0,1904.1179837422997,474.89154466200387,1252.0440955904903
34.0,947.0061147210556,225329.5223162812,1054.1763772208394
34.0,1042.6435806949282,351604.84696944087,999.9196238001365
34.0,929.6568854399007,323272.2975988254,1025.8939562512849
34.0,1129.3555672462082,270190.88507588,1049.8090256913401
34.0,1844.3111683008133,502.77808086409067,1294.6836755101695
34.0,1619.989586466414,51483.59662958214,1165.4988715800653
35.0,1304.8080284039,90770.13936377788,1165.584515468925
35.0,1496.0230184671577,23242.584275011304,1171.3354706654834
35.0,1404.3455096764903,60123.97398678595,1173.3283049475895
35.0,1648.0408405875683,11087.175161530973,1247.5668364036349
35.0,859.7998582345592,635458.3419595015,1006.9037079783203
35.0,1878.1745326040905,467.69672358463464,1286.874346714814
35.0,1953.8843312381332,444.6654180116681,1289.0038562229834
35.0,1882.5002000949703,474.27202503194525,1250.3029487433487
35.0,1415.901691955582,139464.1488817108,1088.351050960444
35.0,947.0061147210556,225329.5223162812,1054.1763772208394
35.0,1042.6435806949282,351604.84696944087,999.9196238001365
35.0,1046.112488319287,261171.3302643812,1009.3918639225574
35.0,1601.052271231278,66710.71168155009,1168.5100766826115
35.0,1838.4460946399636,495.7261528785614,1288.83612116783
35.0,1619.989586466414,51483.59662958214,1165.4988715800653
36.0,1304.8080284039,90770.13936377788,1165.584515468925
36.0,1496.0230184671577,23242.584275011304,1171.3354706654834
36.0,1406.641035519836,81435.93837398218,1163.9133680660102
36.0,1648.0408405875683,11087.175161530973,1247.5668364036349
36.0,859.7998582345592,635458.3419595015,1006.9037079783203
36.0,1953.8843312381332,444.6654180116681,1289.0038562229834
36.0,1882.5002000949703,474.27202503194525,1250.3029487433487
36.0,1415.901691955582,139464.1488817108,1088.351050960444
36.0,1113.6672991466069,229058.40621409306,1053.5188721409145
36.0,1042.6435806949282,351604.84696944087,999.9196238001365
36.0,1046.112488319287,261171.3302643812,1009.3918639225574
36.0,1601.052271231278,66710.71168155009,1168.5100766826115
36.0,1897.9541914023025,3617.8165608683003,1216.5256989022937
36.0,1643.7552251140357,50599.547175804866,1165.075952614312
37.0,1304.8080284039,90770.13936377788,1165.584515468925
37.0,1648.0408405875683,11087.175161530973,1247.5668364036349
37.0,2090.396222151652,450.9937208891628,1278.6873494375636
37.0,859.7998582345592,635458.3419595015,1006.9037079783203
37.0,2053.3017248676747,617.4842149476351,1232.7147526647211
37.0,1855.9016249588424,492.6427225767443,1286.1256776643206
37.0,1953.8843312381332,444.6654180116681,1289.0038562229834
37.0,2048.4086687864196,444.46507439344794,1289.7166449257013
37.0,1882.5002000949703,474.27202503194525,1250.3029487433487
37.0,1415.901691955582,139464.1488817108,1088.351050960444
37.0,1113.6672991466069,229058.40621409306,1053.5188721409145
37.0,1042.6435806949282,351604.84696944087,999.9196238001365
37.0,981.2895162537042,334979.54522439855,1018.2742501268106
37.0,1559.7283120259374,57030.32937719969,1158.9866532289802
37.0,1897.9541914023025,3617.8165608683003,1216.5256989022937
37.0,1643.7552251140357,50599.547175804866,1165.075952614312
38.0,1304.8080284039,90770.13936377788,1165.584515468925
38.0,859.7998582345592,635458.3419595015,1006.9037079783203
38.0,2037.2886423578964,447.0798474841076,1287.1011987571653
38.0,2090.396222151652,450.9937208891628,1278.6873494375636
38.0,1855.9016249588424,492.6427225767443,1286.1256776643206
38.0,2048.4086687864196,444.46507439344794,1289.7166449257013
38.0,1953.8843312381332,444.6654180116681,1289.0038562229834
38.0,1882.5002000949703,474.27202503194525,1250.3029487433487
38.0,1774.0946541845183,800.1750063879576,1278.7681030739316
38.0,997.5570238571895,219432.11870185853,1040.8795766808148
38.0,1042.6435806949282,351604.84696944087,999.9196238001365
38.0,981.2895162537042,334979.54522439855,1018.2742501268106
38.0,1844.2339627901285,4215.302005832047,1229.3640147896824
38.0,1821.7788841063618,510.3980427509572,1296.593651241525
38.0,1643.7552251140357,50599.547175804866,1165.075952614312
39.0,1304.8080284039,90770.13936377788,1165.584515468925
39.0,2037.2886423578964,447.0798474841076,1287.1011987571653
39.0,2090.396222151652,450.9937208891628,1278.6873494375636
39.0,1823.2109936986885,470.2970130495074,1274.8753948283047
39.0,1913.5343480946085,469.1357711429818,1295.916837542508
39.0,1953.8843312381332,444.6654180116681,1289.0038562229834
39.0,1882.5002000949703,474.27202503194525,1250.3029487433487
39.0,1774.0946541845183,800.1750063879576,1278.7681030739316
39.0,997.5570238571895,219432.11870185853,1040.8795766808148
39.0,1133.6934536138494,228119.9195480617,1027.7706445791496
39.0,981.2895162537042,334979.54522439855,1018.2742501268106
39.0,1758.7984976041803,5956.156948072834,1223.8078221895419
39.0,1643.7552251140357,50599.547175804866,1165.075952614312
40.0,1304.8080284039,90770.13936377788,1165.584515468925
40.0,1791.9617161812155,478.20305398311575,1294.580737509505
40.0,2154.411182272957,466.8677201260147,1282.3797718773833
40.0,1823.2109936986885,470.2970130495074,1274.8753948283047
40.0,1953.8843312381332,444.6654180116681,1289.0038562229834
40.0,1882.5002000949703,474.27202503194525,1250.3029487433487
40.0,1774.0946541845183,800.1750063879576,1278.7681030739316
40.0,990.9585558203069,234192.86933773168,1057.7601059083017
40.0,957.8459654459269,403424.7730488456,988.6881806169962
40.0,1758.7984976041803,5956.156948072834,1223.8078221895419
40.0,1643.7552251140357,50599.547175804866,1165.075952614312
41.0,1304.8080284039,90770.13936377788,1165.584515468925
41.0,1791.9617161812155,478.20305398311575,1294.580737509505
41.0,2021.1759476375953,468.6718345739957,1295.3112931382507
41.0,1758.7984976041803,5956.156948072834,1223.8078221895419
41.0,2066.470342527354,467.25256809923087,1304.2074518746153
41.0,1958.6707508639197,454.1040029801085,1309.9248968159338
41.0,1865.9558785533811,604.7033431723579,1285.4932003128797
41.0,957.8459654459269,403424.7730488456,988.6881806169962
41.0,2141.006664116637,450.2620409652814,1319.39409391336
41.0,1882.5002000949703,474.27202503194525,1250.3029487433487
41.0,990.9585558203069,234192.86933773168,1057.7601059083017
41.0,2080.236703873214,463.2304989247228,1292.096142232566
41.0,1651.3781506068399,50074.35607866307,1167.3177072313024
42.0,1304.8080284039,90770.13936377788,1165.584515468925
42.0,1791.9617161812155,478.20305398311575,1294.580737509505
42.0,1753.1176127932135,487.0173836623279,1289.3875565451663
42.0,1758.7984976041803,5956.156948072834,1223.8078221895419
42.0,1958.6707508639197,454.1040029801085,1309.9248968159338
42.0,1865.9558785533811,604.7033431723579,1285.4932003128797
42.0,1927.7407013919524,466.4518965433144,1307.466139327389
42.0,956.0521037040754,389857.10820315743,994.5270048963911
42.0,2288.5255828058844,443.54040473156607,1367.5028117061715
42.0,2066.470342527354,467.25256809923087,1304.2074518746153
42.0,955.5483188440625,223502.80930108097,1044.474471656542
42.0,1912.245463065923,564.0735697208995,1248.796780662567
42.0,1882.5002000949703,474.27202503194525,1250.3029487433487
42.0,2080.236703873214,463.2304989247228,1292.096142232566
42.0,1651.3781506068399,50074.35607866307,1167.3177072313024
43.0,1304.8080284039,90770.13936377788,1165.584515468925
43.0,1941.9208937761603,513.498318012486,1271.1743548890943
43.0,1753.1176127932135,487.0173836623279,1289.3875565451663
43.0,1896.5376795051898,497.10585422095295,1287.8869653810953
43.0,1958.6707508639197,454.1040029801085,1309.9248968159338
43.0,2185.6128083782996,479.3306872553277,1279.8223324532837
43.0,1746.3379389072488,5023.569523366293,1221.382487436684
43.0,1791.9617161812155,478.20305398311575,1294.580737509505
43.0,1971.4794847790524,521.7202560472565,1265.853813323368
43.0,1710.8046783311845,33240.209761572594,1274.6187509929396
43.0,956.0521037040754,389857.10820315743,994.5270048963911
43.0,2288.5255828058844,443.54040473156607,1367.5028117061715
43.0,1838.664074624412,558.8667325925991,1195.751044817671
43.0,955.5483188440625,223502.80930108097,1044.474471656542
43.0,2080.236703873214,463.2304989247228,1292.096142232566
43.0,1651.3781506068399,50074.35607866307,1167.3177072313024
44.0,1304.8080284039,90770.13936377788,1165.584515468925
44.0,1990.116771806018,479.9069140296361,1289.7613761363345
44.0,1753.1176127932135,487.0173836623279,1289.3875565451663
44.0,1896.5376795051898,497.10585422095295,1287.8869653810953
44.0,1958.6707508639197,454.1040029801085,1309.9248968159338
44.0,2185.6128083782996,479.3306872553277,1279.8223324532837
44.0,2093.714687407103,463.1490295352424,1301.006136132786
44.0,1934.1786990625885,551.0177044241894,1253.7124883138056
44.0,2205.4244862366527,464.5989780680304,1299.5116737747621
44.0,2288.5255828058844,443.54040473156607,1367.5028117061715
44.0,1746.3379389072488,5023.569523366293,1221.382487436684
44.0,1930.7759843494457,505.8835345440963,1267.9919024835556
44.0,1791.9617161812155,478.20305398311575,1294.580737509505
44.0,1839.483512816632,564.2185679548173,1195.3358337356733
44.0,1991.3869767702838,467.71411323709617,1288.559193355403
44.0,955.5483188440625,223502.80930108097,1044.474471656542
44.0,936.7045977192525,469319.271403595,989.4455467888905
44.0,1632.9570994099122,58891.23205423101,1244.898261391318
44.0,1651.3781506068399,50074.35607866307,1167.3177072313024
45.0,1304.8080284039,90770.13936377788,1165.584515468925
45.0,2186.1408651481956,454.44135687163424,1327.4713500314324
45.0,1753.1176127932135,487.0173836623279,1289.3875565451663
45.0,1833.4501471527124,529.175667195671,1284.8895996045837
45.0,1716.4204857998054,592.1955660861347,1274.7664089657258
45.0,1888.12418628674,473.88935954809943,1311.1500050716909
45.0,2185.6128083782996,479.3306872553277,1279.8223324532837
45.0,2093.714687407103,463.1490295352424,1301.006136132786
45.0,1934.1786990625885,551.0177044241894,1253.7124883138056
45.0,1930.7759843494457,505.8835345440963,1267.9919024835556
45.0,2219.8878982843366,462.40592575481986,1298.121486643006
45.0,2288.5255828058844,443.54040473156607,1367.5028117061715
45.0,1746.3379389072488,5023.569523366293,1221.382487436684
45.0,1791.9617161812155,478.20305398311575,1294.580737509505
45.0,1839.483512816632,564.2185679548173,1195.3358337356733
45.0,1990.060906656193,463.53084806293754,1288.1762129382623
45.0,968.0098073667577,232726.5657196748,1050.196672808869
45.0,936.7045977192525,469319.271403595,989.4455467888905
45.0,1632.9570994099122,58891.23205423101,1244.898261391318
45.0,1651.3781506068399,50074.35607866307,1167.3177072313024
46.0,1304.8080284039,90770.13936377788,1165.584515468925
46.0,2186.1408651481956,454.44135687163424,1327.4713500314324
46.0,1806.4609165906832,535.9298669477882,1293.6529917984158
46.0,1793.506684765841,561.7296689377504,1281.0961742144584
46.0,1865.436083323095,552.5181505033553,1286.9087924276332
46.0,1716.4204857998054,592.1955660861347,1274.7664089657258
46.0,1888.12418628674,473.88935954809943,1311.1500050716909
46.0,1884.9917595431957,562.4845486202304,1280.322401803131
46.0,1964.8173613973481,465.1688394703846,1307.424076910349
46.0,2093.714687407103,463.1490295352424,1301.006136132786
46.0,1934.1786990625885,551.0177044241894,1253.7124883138056
46.0,1894.9174161040373,528.6014493384822,1292.6237013430261
46.0,1828.9353153970867,5899.548313656573,1226.730317365051
46.0,2219.8878982843366,462.40592575481986,1298.121486643006
46.0,2178.9708904682784,432.0741713444181,1341.2346964228093
46.0,1791.9617161812155,478.20305398311575,1294.580737509505
46.0,1940.574063730959,510.5177478165115,1262.656257976226
46.0,1839.483512816632,564.2185679548173,1195.3358337356733
46.0,1990.060906656193,463.53084806293754,1288.1762129382623
46.0,965.841007327163,229064.40921465214,1050.1158959944419
46.0,936.7045977192525,469319.271403595,989.4455467888905
46.0,1617.339686559144,49680.397252129056,1164.1322199624599
47.0,1304.8080284039,90770.13936377788,1165.584515468925
47.0,1940.574063730959,510.5177478165115,1262.656257976226
47.0,1806.4609165906832,535.9298669477882,1293.6529917984158
47.0,1793.506684765841,561.7296689377504,1281.0961742144584
47.0,2179.501965709955,466.38219266742897,1296.8735362850734
47.0,1884.9917595431957,562.4845486202304,1280.322401803131
47.0,1964.8173613973481,465.1688394703846,1307.424076910349
47.0,1934.1786990625885,551.0177044241894,1253.7124883138056
47.0,1894.9174161040373,528.6014493384822,1292.6237013430261
47.0,1828.9353153970867,5899.548313656573,1226.730317365051
47.0,2076.94514416736,423.6421054828808,1320.080793873812
47.0,1865.436083323095,552.5181505033553,1286.9087924276332
47.0,1830.1695272914276,471.44547018662973,1303.8049072401823
47.0,1979.7430933973633,506.8678953555467,1296.9698409034306
47.0,1839.483512816632,564.2185679548173,1195.3358337356733
47.0,965.841007327163,229064.40921465214,1050.1158959944419
47.0,976.2521763125629,482788.8184766969,983.241918869231
47.0,1618.8580148093117,87287.4090874792,1220.6066560594793
47.0,2008.296498435701,468.6405968173024,1295.6169431049377
47.0,1648.5348446044027,47650.35935219369,1164.9796532897656
48.0,1304.8080284039,90770.13936377788,1165.584515468925
48.0,2002.6265098043057,514.2837180863058,1279.406240093238
48.0,1806.4609165906832,535.9298669477882,1293.6529917984158
48.0,1793.506684765841,561.7296689377504,1281.0961742144584
48.0,1865.436083323095,552.5181505033553,1286.9087924276332
48.0,1939.9508994747691,462.2379396760596,1306.9321108721879
48.0,1934.1786990625885,551.0177044241894,1253.7124883138056
48.0,2076.94514416736,423.6421054828808,1320.080793873812
48.0,1830.1695272914276,471.44547018662973,1303.8049072401823
48.0,1990.8164616863673,502.67536084945823,1300.1500297956693
48.0,2028.123770203079,546.6129826835894,1268.2465481118072
48.0,1839.483512816632,564.2185679548173,1195.3358337356733
48.0,965.841007327163,229064.40921465214,1050.1158959944419
48.0,1108.268700547407,269770.83825179806,1011.9461867100035
48.0,1672.3052452381464,31107.08734798958,1265.6247288207999
48.0,1828.9353153970867,5899.548313656573,1226.730317365051
48.0,2008.296498435701,468.6405968173024,1295.6169431049377
48.0,1654.8713518253148,49124.80390269127,1167.6750502464608
49.0,1304.8080284039,90770.13936377788,1165.584515468925
49.0,2002.6265098043057,514.2837180863058,1279.406240093238
49.0,1793.506684765841,561.7296689377504,1281.0961742144584
49.0,1926.3850957015866,494.04616530379207,1306.746960691103
49.0,1903.263446836822,535.9563725917285,1302.9398960441117
49.0,2028.123770203079,546.6129826835894,1268.2465481118072
49.0,1939.9508994747691,462.2379396760596,1306.9321108721879
49.0,1771.0456103165577,841.5570909794862,1285.4349779342172
49.0,1865.436083323095,552.5181505033553,1286.9087924276332
49.0,2188.062746137486,465.3176354589473,1304.5368070990235
49.0,1867.1435079578532,546.0665661482611,1303.5123937660603
49.0,1990.8164616863673,502.67536084945823,1300.1500297956693
49.0,1839.483512816632,564.2185679548173,1195.3358337356733
49.0,965.841007327163,229064.40921465214,1050.1158959944419
49.0,995.290944735372,1015934.2680890905,976.6015079267714
49.0,1672.3052452381464,31107.08734798958,1265.6247288207999
49.0,2008.296498435701,468.6405968173024,1295.6169431049377
49.0,1657.1778308301036,49859.77656614327,1165.8543684769393
50.0,1304.8080284039,90770.13936377788,1165.584515468925
50.0,1981.4633156082225,489.53741970965785,1269.9802038345322
50.0,2001.4117510645185,541.5390457864371,1245.308343846853
50.0,1793.506684765841,561.7296689377504,1281.0961742144584
50.0,1926.3850957015866,494.04616530379207,1306.746960691103
50.0,1903.263446836822,535.9563725917285,1302.9398960441117
50.0,1758.374355728712,572.474462586529,1304.7879294655133
50.0,1964.8173613973481,465.1688394703846,1307.424076910349
50.0,1691.591787884968,4960.514178368174,1223.1664065537348
50.0,1839.483512816632,564.2185679548173,1195.3358337356733
50.0,965.841007327163,229064.40921465214,1050.1158959944419
50.0,962.158372403854,1018354.6230322255,978.9561053023391
50.0,1672.3052452381464,31107.08734798958,1265.6247288207999
50.0,2008.296498435701,468.6405968173024,1295.6169431049377
50.0,1663.5249989369142,42507.32758073392,1173.1944949293143
51.0,1304.8080284039,90770.13936377788,1165.584515468925
51.0,1840.062456001005,630.592730189509,1259.7437592532951
51.0,1791.1871130539878,630.5796976302255,1288.774659271459
51.0,1793.506684765841,561.7296689377504,1281.0961742144584
51.0,1964.8173613973481,465.1688394703846,1307.424076910349
51.0,1803.9292971272705,470.8881138426846,1280.5496692477013
51.0,1940.2666379684126,591.2394730013451,1252.7121009738025
51.0,2001.4117510645185,541.5390457864371,1245.308343846853
51.0,1981.4633156082225,489.53741970965785,1269.9802038345322
51.0,1814.224473859196,480.6882771245515,1278.1541966590046
51.0,1821.3863959594694,674.1683751642661,1198.3958359739602
51.0,965.841007327163,229064.40921465214,1050.1158959944419
51.0,1119.073732138336,357499.7746066167,992.8327433273513
51.0,1691.591787884968,4960.514178368174,1223.1664065537348
51.0,2008.296498435701,468.6405968173024,1295.6169431049377
51.0,1663.5249989369142,42507.32758073392,1173.1944949293143
52.0,1304.8080284039,90770.13936377788,1165.584515468925
52.0,2123.976700545663,474.7223451189415,1286.1571731583724
52.0,1793.506684765841,561.7296689377504,1281.0961742144584
52.0,1989.7428273566804,488.10408650189527,1264.1582974869689
52.0,2116.776776933484,588.5573436023129,1262.4894183613796
52.0,1940.2666379684126,591.2394730013451,1252.7121009738025
52.0,1964.8173613973481,465.1688394703846,1307.424076910349
52.0,1791.1871130539878,630.5796976302255,1288.774659271459
52.0,1814.224473859196,480.6882771245515,1278.1541966590046
52.0,1821.3863959594694,674.1683751642661,1198.3958359739602
52.0,965.841007327163,229064.40921465214,1050.1158959944419
52.0,1119.073732138336,357499.7746066167,992.8327433273513
52.0,1691.591787884968,4960.514178368174,1223.1664065537348
52.0,2008.296498435701,468.6405968173024,1295.6169431049377
52.0,1629.478358901754,44908.044532789085,1171.5219089403997
53.0,1304.8080284039,90770.13936377788,1165.584515468925
53.0,2002.4643095174324,546.9873144870785,1270.3165552884036
53.0,1940.2666379684126,591.2394730013451,1252.7121009738025
53.0,1857.0518159933754,464.06492778948586,1287.4670373139236
53.0,1773.05267264147,573.303374774601,1277.1797513224521
53.0,2116.776776933484,588.5573436023129,1262.4894183613796
53.0,1814.224473859196,480.6882771245515,1278.1541966590046
53.0,1821.3863959594694,674.1683751642661,1198.3958359739602
53.0,965.841007327163,229064.40921465214,1050.1158959944419
53.0,1119.073732138336,357499.7746066167,992.8327433273513
53.0,1691.591787884968,4960.514178368174,1223.1664065537348
53.0,1625.0144015643573,50549.91287475632,1162.8379749021926
54.0,1304.8080284039,90770.13936377788,1165.584515468925
54.0,1829.6657979929319,528.2378804306277,1275.4391618190987
54.0,1727.2264367633516,3608.145345635258,1232.4451297987184
54.0,1940.2666379684126,591.2394730013451,1252.7121009738025
54.0,1962.8622527739403,570.068272944217,1265.8476327342282
54.0,1964.8173613973481,465.1688394703846,1307.424076910349
54.0,1773.05267264147,573.303374774601,1277.1797513224521
54.0,1942.6660064556775,475.50054670150496,1282.8609693941225
54.0,2002.4643095174324,546.9873144870785,1270.3165552884036
54.0,1809.4301688893338,543.2488471499562,1289.5144213027254
54.0,1821.3863959594694,674.1683751642661,1198.3958359739602
54.0,965.841007327163,229064.40921465214,1050.1158959944419
54.0,1119.073732138336,357499.7746066167,992.8327433273513
54.0,1705.410968415154,32153.357814765357,1270.029542415719
54.0,1965.2550423304954,464.1761475385569,1281.3786893864317
54.0,1625.0144015643573,50549.91287475632,1162.8379749021926
55.0,1304.8080284039,90770.13936377788,1165.584515468925
55.0,1732.0119803856699,3724.2474354518035,1234.484902375093
55.0,1119.073732138336,357499.7746066167,992.8327433273513
55.0,1940.2666379684126,591.2394730013451,1252.7121009738025
55.0,1962.8622527739403,570.068272944217,1265.8476327342282
55.0,1514.1816405097622,179894.2383056362,1141.6100172580352
55.0,1793.4150043370428,757.1920201491017,1172.350374952983
55.0,2002.4643095174324,546.9873144870785,1270.3165552884036
55.0,1762.6294202376675,603.0088330912743,1279.435109056904
55.0,1953.7135469626803,506.44973198551634,1356.6070979406902
55.0,1773.05267264147,573.303374774601,1277.1797513224521
55.0,1844.6783190892763,529.0149017692702,1276.4293785426598
55.0,1964.780364174698,460.7294449758056,1276.9382202847185
55.0,1563.1065547423882,54322.74883522792,1166.7904190118497
56.0,1304.8080284039,90770.13936377788,1165.584515468925
56.0,1936.9519993709978,568.7993622022545,1286.248876332027
56.0,1973.1670066004353,613.6011791618024,1273.607883525901
56.0,1844.360951294168,622.9330097939092,1273.203839781303
56.0,1732.0119803856699,3724.2474354518035,1234.484902375093
56.0,1842.0684829884347,571.837713338305,1299.3456116347681
56.0,1773.05267264147,573.303374774601,1277.1797513224521
56.0,1762.6294202376675,603.0088330912743,1279.435109056904
56.0,1119.073732138336,357499.7746066167,992.8327433273513
56.0,2104.567052315613,597.2069983316273,1269.340722283561
56.0,2009.7790924615097,605.3884978155281,1249.014645420944
56.0,1856.453583113288,540.7191247419725,1290.7968716213936
56.0,1793.4150043370428,757.1920201491017,1172.350374952983
56.0,1194.804247344521,220715.76701699686,1100.1096082159224
56.0,1964.780364174698,460.7294449758056,1276.9382202847185
56.0,1563.1065547423882,54322.74883522792,1166.7904190118497
57.0,1304.8080284039,90770.13936377788,1165.584515468925
57.0,1947.1495842269885,595.8437036351405,1257.8022024779189
57.0,1752.5029612136611,501.01035983785243,1292.2073529413894
57.0,1915.0284218577153,589.5308168174627,1288.9771566912075
57.0,1732.0119803856699,3724.2474354518035,1234.484902375093
57.0,1762.6294202376675,603.0088330912743,1279.435109056904
57.0,1119.073732138336,357499.7746066167,992.8327433273513
57.0,1918.6554416266436,598.3565299037678,1275.9290233271122
57.0,1844.360951294168,622.9330097939092,1273.203839781303
57.0,1900.4673126461496,600.020765625844,1280.4454504091743
57.0,1933.8227164111145,603.5247049479632,1241.1081143224872
57.0,1856.453583113288,540.7191247419725,1290.7968716213936
57.0,1759.3796408292108,2529.1903077346815,1167.581889545571
57.0,983.1000117796054,205818.60828398002,1048.9863849994529
57.0,1947.9649245250364,465.5378280642882,1281.3563939350254
57.0,1563.1065547423882,54322.74883522792,1166.7904190118497
58.0,1304.8080284039,90770.13936377788,1165.584515468925
58.0,1900.4673126461496,600.020765625844,1280.4454504091743
58.0,1947.1495842269885,595.8437036351405,1257.8022024779189
58.0,1746.4615477283496,638.4217462811762,1292.8899634396769
58.0,1732.0119803856699,3724.2474354518035,1234.484902375093
58.0,1919.7849466506511,597.5351676842545,1245.651599991439
58.0,1915.0284218577153,589.5308168174627,1288.9771566912075
58.0,1762.6294202376675,603.0088330912743,1279.435109056904
58.0,1119.073732138336,357499.7746066167,992.8327433273513
58.0,1918.6554416266436,598.3565299037678,1275.9290233271122
58.0,1757.429481780052,631.3470153254794,1312.042727920079
58.0,1856.453583113288,540.7191247419725,1290.7968716213936
58.0,1844.3358083536914,643.2210273816565,1198.9921078489772
58.0,1947.9649245250364,465.5378280642882,1281.3563939350254
58.0,1563.1065547423882,54322.74883522792,1166.7904190118497
59.0,1304.8080284039,90770.13936377788,1165.584515468925
59.0,1900.4673126461496,600.020765625844,1280.4454504091743
59.0,1880.0837597984728,532.1682889677697,1289.2111147989083
59.0,1746.4615477283496,638.4217462811762,1292.8899634396769
59.0,1713.4626964303293,7408.475786672092,1219.0799193925902
59.0,1947.1495842269885,595.8437036351405,1257.8022024779189
59.0,1915.0284218577153,589.5308168174627,1288.9771566912075
59.0,1762.6294202376675,603.0088330912743,1279.435109056904
59.0,1119.073732138336,357499.7746066167,992.8327433273513
59.0,1918.6554416266436,598.3565299037678,1275.9290233271122
59.0,1859.5947573722249,578.7861044872056,1297.0441748695348
59.0,1757.429481780052,631.3470153254794,1312.042727920079
59.0,2010.8473064714567,639.1341847023502,1257.2253715687852
59.0,1844.3358083536914,643.2210273816565,1198.9921078489772
59.0,1947.9649245250364,465.5378280642882,1281.3563939350254
59.0,1563.1065547423882,54322.74883522792,1166.7904190118497
60.0,1304.8080284039,90770.13936377788,1165.584515468925
60.0,2137.428612331976,625.4386060004812,1256.2917180485485
60.0,2007.000664064424,467.7590962967703,1291.9436758826655
60.0,1746.4615477283496,638.4217462811762,1292.8899634396769
60.0,1762.6294202376675,603.0088330912743,1279.435109056904
60.0,2320.090529540757,446.6447018464626,1342.7388954858739
60.0,1947.1495842269885,595.8437036351405,1257.8022024779189
60.0,1809.3766727765824,580.5881489010195,1261.7683669895655
60.0,1989.1430393207343,502.87470354968616,1323.0947370476965
60.0,1757.429481780052,631.3470153254794,1312.042727920079
60.0,2010.8473064714567,639.1341847023502,1257.2253715687852
60.0,1842.0284376225188,573.6495135434958,1296.0231122882712
60.0,1866.3035901351884,538.7780093834182,1290.799415887343
60.0,1940.2214822532296,550.8504996409292,1274.233364301411
60.0,1500.7848932568356,67173.65746206084,1174.8558266161485
60.0,1119.073732138336,357499.7746066167,992.8327433273513
60.0,1659.5660399600486,17336.842959341775,1215.6455272307262
60.0,2006.6833185823223,470.7144911592495,1289.4355447199853
60.0,1563.1065547423882,54322.74883522792,1166.7904190118497
61.0,1304.8080284039,90770.13936377788,1165.584515468925
61.0,2137.428612331976,625.4386060004812,1256.2917180485485
61.0,1908.0664186825552,740.9827268251469,1271.8620863333938
61.0,1746.4615477283496,638.4217462811762,1292.8899634396769
61.0,1762.6294202376675,603.0088330912743,1279.435109056904
61.0,1918.6554416266436,598.3565299037678,1275.9290233271122
61.0,2320.090529540757,446.6447018464626,1342.7388954858739
61.0,1947.1495842269885,595.8437036351405,1257.8022024779189
61.0,2007.000664064424,467.7590962967703,1291.9436758826655
61.0,1922.5902567218786,501.1859667475033,1325.4682716534667
61.0,1842.0284376225188,573.6495135434958,1296.0231122882712
61.0,1854.3732056862998,541.5448374723409,1291.6496383025687
61.0,1940.2214822532296,550.8504996409292,1274.233364301411
61.0,1604.5513569007853,151644.51431527646,1157.9617017207986
61.0,1119.073732138336,357499.7746066167,992.8327433273513
61.0,1659.5660399600486,17336.842959341775,1215.6455272307262
61.0,1974.1738714996015,471.73675292172294,1295.1971658440111
61.0,1563.1065547423882,54322.74883522792,1166.7904190118497
62.0,1304.8080284039,90770.13936377788,1165.584515468925
62.0,1947.1495842269885,595.8437036351405,1257.8022024779189
62.0,1932.9178041413115,709.2402427588032,1262.1990342608526
62.0,1746.4615477283496,638.4217462811762,1292.8899634396769
62.0,1939.4960744549892,467.07715621411637,1282.443652759265
62.0,1119.073732138336,357499.7746066167,992.8327433273513
62.0,1739.3598994289148,891.9338608590888,1330.831621463044
62.0,2222.1149171234774,600.8132919961992,1253.0086138410677
62.0,1762.6294202376675,603.0088330912743,1279.435109056904
62.0,1787.0987064690116,611.7895319836313,1273.8076004266286
62.0,1927.3181931792342,645.5023672361805,1265.7221827872415
62.0,1547.0815096102024,139521.48926032166,1164.5239546228042
62.0,1856.6119794190752,536.6216868502618,1285.085711741101
62.0,1940.2214822532296,550.8504996409292,1274.233364301411
62.0,1563.1065547423882,54322.74883522792,1166.7904190118497
63.0,1304.8080284039,90770.13936377788,1165.584515468925
63.0,1947.1495842269885,595.8437036351405,1257.8022024779189
63.0,1871.7466119964506,684.8548584020213,1236.3032389420666
63.0,1746.4615477283496,638.4217462811762,1292.8899634396769
63.0,1927.3181931792342,645.5023672361805,1265.7221827872415
63.0,1835.9864388510903,549.7706539719981,1306.9418615687935
63.0,1739.3598994289148,891.9338608590888,1330.831621463044
63.0,1762.6294202376675,603.0088330912743,1279.435109056904
63.0,1939.4960744549892,467.07715621411637,1282.443652759265
63.0,1880.0861955699133,489.62019247722856,1316.1753065324665
63.0,1955.3076137669323,637.440431318756,1257.177168323183
63.0,1856.6119794190752,536.6216868502618,1285.085711741101
63.0,1119.073732138336,357499.7746066167,992.8327433273513
63.0,1309.4559797928216,92993.57889983535,1153.460597354773
63.0,1604.4029114146947,52821.34742214933,1161.7953910131675
64.0,1304.8080284039,90770.13936377788,1165.584515468925
64.0,1854.2928727086958,703.3412040594997,1260.8325099345886
64.0,1910.860208549635,589.6976090473212,1281.1277798567924
64.0,1746.4615477283496,638.4217462811762,1292.8899634396769
64.0,1927.3181931792342,645.5023672361805,1265.7221827872415
64.0,1947.1495842269885,595.8437036351405,1257.8022024779189
64.0,1810.102576375,637.5754059571851,1276.7322276709224
64.0,1930.469988424333,609.2464933125311,1273.4997891005469
64.0,1571.2255260935674,67478.64627464773,1162.7290309862651
64.0,1880.0861955699133,489.62019247722856,1316.1753065324665
64.0,1785.0833990879676,627.3412899780465,1315.9241065963806
64.0,1856.6119794190752,536.6216868502618,1285.085711741101
64.0,1773.8673482970928,17204.473047377905,1281.4447422426006
64.0,1309.4559797928216,92993.57889983535,1153.460597354773
64.0,1119.073732138336,357499.7746066167,992.8327433273513
64.0,1913.8250147625783,465.7570882260054,1278.987617205241
64.0,1604.4029114146947,52821.34742214933,1161.7953910131675
65.0,1304.8080284039,90770.13936377788,1165.584515468925
65.0,1789.6089542153961,656.2607149204948,1281.6443519005668
65.0,1746.4615477283496,638.4217462811762,1292.8899634396769
65.0,1773.8673482970928,17204.473047377905,1281.4447422426006
65.0,1910.860208549635,589.6976090473212,1281.1277798567924
65.0,1927.3181931792342,645.5023672361805,1265.7221827872415
65.0,1947.1495842269885,595.8437036351405,1257.8022024779189
65.0,1854.2928727086958,703.3412040594997,1260.8325099345886
65.0,1810.102576375,637.5754059571851,1276.7322276709224
65.0,1930.469988424333,609.2464933125311,1273.4997891005469
65.0,1119.073732138336,357499.7746066167,992.8327433273513
65.0,1818.5471901180842,594.9609316720469,1327.8157226255846
65.0,1995.8280848805487,626.146800011151,1256.9623801229302
65.0,1856.6119794190752,536.6216868502618,1285.085711741101
65.0,1934.2947850287285,555.8223833153233,1270.8488408455732
65.0,1309.4559797928216,92993.57889983535,1153.460597354773
65.0,1834.7119140347663,478.5315750192452,1287.4019383899652
65.0,1604.4029114146947,52821.34742214933,1161.7953910131675
66.0,1304.8080284039,90770.13936377788,1165.584515468925
66.0,1540.117022798249,95883.37208966355,1161.9418253768315
66.0,1746.4615477283496,638.4217462811762,1292.8899634396769
66.0,1930.469988424333,609.2464933125311,1273.4997891005469
66.0,1119.073732138336,357499.7746066167,992.8327433273513
66.0,1810.102576375,637.5754059571851,1276.7322276709224
66.0,1267.812883292605,107412.30457311441,1151.823968281718
66.0,1947.1495842269885,595.8437036351405,1257.8022024779189
66.0,1854.2928727086958,703.3412040594997,1260.8325099345886
66.0,1934.2947850287285,555.8223833153233,1270.8488408455732
66.0,1995.8280848805487,626.146800011151,1256.9623801229302
66.0,1767.5067651370123,476.751223784672,1279.4392753094453
66.0,1573.41797944526,52908.38321104481,1164.0071724775828
67.0,1304.8080284039,90770.13936377788,1165.584515468925
67.0,1868.9961098235735,878.5478900456656,1248.8793955650333
67.0,1810.102576375,637.5754059571851,1276.7322276709224
67.0,1746.4615477283496,638.4217462811762,1292.8899634396769
67.0,2088.76552346753,820.3969948195248,1256.2334413208184
67.0,2186.0500591024547,594.7570671172134,1262.9718484731807
67.0,1947.1495842269885,595.8437036351405,1257.8022024779189
67.0,1854.2928727086958,703.3412040594997,1260.8325099345886
67.0,1540.117022798249,95883.37208966355,1161.9418253768315
67.0,1799.7918956140888,508.9156817227101,1298.006288705772
67.0,1995.8280848805487,626.146800011151,1256.9623801229302
67.0,1119.073732138336,357499.7746066167,992.8327433273513
67.0,1934.2947850287285,555.8223833153233,1270.8488408455732
67.0,1829.8904675777587,51621.25171442599,1194.7615756662565
67.0,1820.0430475655292,479.6586235830314,1280.2896063770067
67.0,1573.41797944526,52908.38321104481,1164.0071724775828
68.0,1304.8080284039,90770.13936377788,1165.584515468925
68.0,1746.4615477283496,638.4217462811762,1292.8899634396769
68.0,1979.1724753946353,734.7873208519395,1266.973151584037
68.0,2042.7223795370953,608.2589671804998,1257.8469904886856
68.0,2186.0500591024547,594.7570671172134,1262.9718484731807
68.0,2088.76552346753,820.3969948195248,1256.2334413208184
68.0,1916.7395387427375,722.5846249097823,1267.2406032172028
68.0,1865.8410071073563,587.7952808023564,1272.5319225279575
68.0,1799.7918956140888,508.9156817227101,1298.006288705772
68.0,1973.016160749553,645.4773172165485,1267.5939289629594
68.0,1995.8280848805487,626.146800011151,1256.9623801229302
68.0,1727.4321301993493,50140.370531024484,1164.8771363575188
68.0,2013.6548532545887,551.8275847289876,1278.3517547922654
68.0,1119.073732138336,357499.7746066167,992.8327433273513
68.0,1820.0430475655292,479.6586235830314,1280.2896063770067
68.0,1598.403451733828,55707.781875922396,1170.7806510236362
69.0,1304.8080284039,90770.13936377788,1165.584515468925
69.0,2049.319022751646,634.5207412908126,1258.5876148360505
69.0,2200.8803383357626,594.8600878248344,1266.6521618542977
69.0,2038.5725092212951,659.0241217916561,1264.7855256545265
69.0,1727.4321301993493,50140.370531024484,1164.8771363575188
69.0,2051.203654739242,683.4678702464541,1257.0896706855367
69.0,1865.8410071073563,587.7952808023564,1272.5319225279575
69.0,1799.7918956140888,508.9156817227101,1298.006288705772
69.0,1924.8887857053548,659.9184978788962,1258.9017401151693
69.0,2049.1259950805147,652.8152981286986,1269.0471165518954
69.0,1786.7357419018135,17248.960599651877,1286.9175645593468
69.0,1908.0975492213106,14157.019104427687,1245.0448517652846
69.0,1138.629289214024,587239.9017159449,999.0106823071526
69.0,1838.98437958844,483.78822618566846,1282.3052837815605
69.0,1598.403451733828,55707.781875922396,1170.7806510236362
70.0,1304.8080284039,90770.13936377788,1165.584515468925
70.0,1995.7889777349396,719.9693646044888,1269.2346833421957
70.0,1979.1724753946353,734.7873208519395,1266.973151584037
70.0,2038.5725092212951,659.0241217916561,1264.7855256545265
70.0,1926.0064338268753,507.9121964501826,1368.494791824848
70.0,1865.8410071073563,587.7952808023564,1272.5319225279575
70.0,2051.203654739242,683.4678702464541,1257.0896706855367
70.0,2071.4459692558326,674.2698230852053,1263.2486037117649
70.0,1929.1519729897107,486.3818556534515,1302.3395845839177
70.0,1799.7918956140888,508.9156817227101,1298.006288705772
70.0,2036.5267508486475,750.9929163804429,1261.495184080823
70.0,1999.0937989927747,674.6262981241877,1265.6062962456112
70.0,2200.8803383357626,594.8600878248344,1266.6521618542977
70.0,2049.1259950805147,652.8152981286986,1269.0471165518954
70.0,2094.6691893151656,548.1850406104459,1290.3884719664322
70.0,1906.5561309689845,13333.51929579254,1239.0521269010978
70.0,1138.629289214024,587239.9017159449,999.0106823071526
70.0,1660.7224022642404,14732.75863792905,1200.2226767258992
70.0,1597.1366572736486,54149.73150486575,1168.8807297888186
71.0,1304.8080284039,90770.13936377788,1165.584515468925
71.0,1979.1724753946353,734.7873208519395,1266.973151584037
71.0,1995.7889777349396,719.9693646044888,1269.2346833421957
71.0,2071.4459692558326,674.2698230852053,1263.2486037117649
71.0,2051.203654739242,683.4678702464541,1257.0896706855367
71.0,1865.8410071073563,587.7952808023564,1272.5319225279575
71.0,1887.1413408364044,490.29619555641636,1295.7458814094657
71.0,1799.7918956140888,508.9156817227101,1298.006288705772
71.0,2017.6124466665342,744.7648325384146,1263.2314953782477
71.0,2073.905096991801,663.4884018860922,1263.41089782132
71.0,2200.8803383357626,594.8600878248344,1266.6521618542977
71.0,1766.140454361148,657.1629329730182,1276.864977098381
71.0,2087.3144097249888,657.6380691239067,1268.1212266414257
71.0,2049.1259950805147,652.8152981286986,1269.0471165518954
71.0,2094.6691893151656,548.1850406104459,1290.3884719664322
71.0,1960.4253502462645,14518.553110636503,1241.8417278898967
71.0,1138.629289214024,587239.9017159449,999.0106823071526
71.0,1660.7224022642404,14732.75863792905,1200.2226767258992
71.0,1597.1366572736486,54149.73150486575,1168.8807297888186
72.0,1304.8080284039,90770.13936377788,1165.584515468925
72.0,1923.6647308056372,470.0015396935962,1276.8908526466348
72.0,1865.8410071073563,587.7952808023564,1272.5319225279575
72.0,2143.073202073709,597.2317739444022,1264.274766613322
72.0,2051.203654739242,683.4678702464541,1257.0896706855367
72.0,1887.1413408364044,490.29619555641636,1295.7458814094657
72.0,2017.6124466665342,744.7648325384146,1263.2314953782477
72.0,2030.3662907634914,669.1334798788891,1268.8076330427673
72.0,1766.140454361148,657.1629329730182,1276.864977098381
72.0,1801.0568278796543,510.49132162779284,1340.4857798352703
72.0,1893.0275302398654,579.6283716386555,1280.4770061509575
72.0,2049.1259950805147,652.8152981286986,1269.0471165518954
72.0,1796.9220509697318,608.0658852998655,1303.5915451234414
72.0,1067.5194296081586,797490.9543725911,994.5939184005372
72.0,1657.433817131398,7780.22752612851,1213.82564541904
72.0,1572.2579872309261,54411.853383151174,1168.159295378871
73.0,1304.8080284039,90770.13936377788,1165.584515468925
73.0,2049.1259950805147,652.8152981286986,1269.0471165518954
73.0,2123.8176641150467,487.27267270658746,1386.0857205511095
73.0,1835.7038645247076,505.05342754770584,1356.2197030414
73.0,1865.8410071073563,587.7952808023564,1272.5319225279575
73.0,2143.073202073709,597.2317739444022,1264.274766613322
73.0,1887.1413408364044,490.29619555641636,1295.7458814094657
73.0,2058.938657205792,713.5929815613036,1259.6669362925916
73.0,2017.6124466665342,744.7648325384146,1263.2314953782477
73.0,2030.3662907634914,669.1334798788891,1268.8076330427673
73.0,1766.140454361148,657.1629329730182,1276.864977098381
73.0,1758.7178685115928,511.34687044924965,1343.3436080859462
73.0,1949.102747244304,575.4603411189063,1269.1531326950633
73.0,1893.0275302398654,579.6283716386555,1280.4770061509575
73.0,1796.9220509697318,608.0658852998655,1303.5915451234414
73.0,2091.3758687145487,545.7415655812285,1292.2551605823303
73.0,1067.5194296081586,797490.9543725911,994.5939184005372
73.0,1657.433817131398,7780.22752612851,1213.82564541904
73.0,1572.2579872309261,54411.853383151174,1168.159295378871
74.0,1304.8080284039,90770.13936377788,1165.584515468925
74.0,1835.7038645247076,505.05342754770584,1356.2197030414
74.0,1686.9825306360337,12069.187303234525,1204.734117425562
74.0,1865.8410071073563,587.7952808023564,1272.5319225279575
74.0,2143.073202073709,597.2317739444022,1264.274766613322
74.0,1788.7092017594969,517.4795362950213,1343.8253423513313
74.0,2030.3662907634914,669.1334798788891,1268.8076330427673
74.0,1766.140454361148,657.1629329730182,1276.864977098381
74.0,1949.102747244304,575.4603411189063,1269.1531326950633
74.0,1893.0275302398654,579.6283716386555,1280.4770061509575
74.0,1793.9526005004295,602.7319937769266,1302.3486584497869
74.0,2091.3758687145487,545.7415655812285,1292.2551605823303
74.0,1930.2531859058615,545.7643367816212,1333.7438583408039
74.0,1863.6569428638459,892.2450704853813,1233.2225955752006
74.0,877.5744364398558,962245.1883883984,1023.4208706120169
74.0,1978.006425330151,487.21342558389745,1332.4045447257897
75.0,1304.8080284039,90770.13936377788,1165.584515468925
75.0,1835.7038645247076,505.05342754770584,1356.2197030414
75.0,2098.701743325299,485.78415111809636,1387.1015011753439
75.0,1865.8410071073563,587.7952808023564,1272.5319225279575
75.0,2143.073202073709,597.2317739444022,1264.274766613322
75.0,1788.7092017594969,517.4795362950213,1343.8253423513313
75.0,1766.140454361148,657.1629329730182,1276.864977098381
75.0,1949.102747244304,575.4603411189063,1269.1531326950633
75.0,1893.0275302398654,579.6283716386555,1280.4770061509575
75.0,1793.9526005004295,602.7319937769266,1302.3486584497869
75.0,2091.3758687145487,545.7415655812285,1292.2551605823303
75.0,1694.9648300809783,5791.8736174262785,1239.582060292388
75.0,1886.817496681827,906.4566877097927,1229.0849171839764
75.0,877.5744364398558,962245.1883883984,1023.4208706120169
75.0,1978.006425330151,487.21342558389745,1332.4045447257897
75.0,1732.1646058512713,32813.12143899899,1215.700693425082
76.0,1304.8080284039,90770.13936377788,1165.584515468925
76.0,1922.424793469214,577.0983175654615,1303.418757158124
76.0,1835.7038645247076,505.05342754770584,1356.2197030414
76.0,2098.701743325299,485.78415111809636,1387.1015011753439
76.0,1865.8410071073563,587.7952808023564,1272.5319225279575
76.0,1858.4584929605915,612.2004653752739,1289.061616835075
76.0,2011.063995711738,706.4085105025504,1254.5519497112023
76.0,1766.140454361148,657.1629329730182,1276.864977098381
76.0,1788.7092017594969,517.4795362950213,1343.8253423513313
76.0,1949.102747244304,575.4603411189063,1269.1531326950633
76.0,1893.0275302398654,579.6283716386555,1280.4770061509575
76.0,1793.9526005004295,602.7319937769266,1302.3486584497869
76.0,2046.8300478353735,554.4622079576594,1288.1809230006043
76.0,1694.9648300809783,5791.8736174262785,1239.582060292388
76.0,1886.817496681827,906.4566877097927,1229.0849171839764
76.0,877.5744364398558,962245.1883883984,1023.4208706120169
76.0,1978.006425330151,487.21342558389745,1332.4045447257897
76.0,1732.1646058512713,32813.12143899899,1215.700693425082
77.0,1304.8080284039,90770.13936377788,1165.584515468925
77.0,1861.3204499229412,690.0417833047673,1292.5942822095724
77.0,1788.7092017594969,517.4795362950213,1343.8253423513313
77.0,1949.102747244304,575.4603411189063,1269.1531326950633
77.0,1755.0351918892814,4211.443378153748,1249.507487303502
77.0,1863.8714124067003,660.6229518706439,1277.3742680047892
77.0,1835.7038645247076,505.05342754770584,1356.2197030414
77.0,1922.424793469214,577.0983175654615,1303.418757158124
77.0,1868.9922752922255,630.9643762772631,1284.9327181557344
77.0,1891.214777842835,656.0785126002291,1272.6613095508771
77.0,1893.0275302398654,579.6283716386555,1280.4770061509575
77.0,1793.9526005004295,602.7319937769266,1302.3486584497869
77.0,2107.3891860571034,486.8002974621493,1307.9524559308431
77.0,1015.0708153063839,625291.2813612593,999.5398789273719
77.0,1886.817496681827,906.4566877097927,1229.0849171839764
77.0,1897.814309074654,480.86552930580774,1325.7772936312103
77.0,1739.1272522575787,33122.45223447709,1220.9235648535212
78.0,1304.8080284039,90770.13936377788,1165.584515468925
78.0,1788.7092017594969,517.4795362950213,1343.8253423513313
78.0,1835.7038645247076,505.05342754770584,1356.2197030414
78.0,1755.0351918892814,4211.443378153748,1249.507487303502
78.0,1916.495078654455,713.6654231423283,1267.014870938522
78.0,1946.9254017898136,671.4287867314713,1274.5841333745943
78.0,1863.8714124067003,660.6229518706439,1277.3742680047892
78.0,1841.2576639589543,603.2634672720218,1281.4769380731266
78.0,1949.102747244304,575.4603411189063,1269.1531326950633
78.0,1877.4626510819876,580.1075693453143,1280.7624570694418
78.0,1793.9526005004295,602.7319937769266,1302.3486584497869
78.0,2107.3891860571034,486.8002974621493,1307.9524559308431
78.0,1015.0708153063839,625291.2813612593,999.5398789273719
78.0,1884.5354177288234,897.7977817362697,1228.243596709705
78.0,1897.814309074654,480.86552930580774,1325.7772936312103
78.0,1729.9345449716734,49707.41781541631,1200.178827925154
79.0,1304.8080284039,90770.13936377788,1165.584515468925
79.0,2125.3247304771767,649.3920441905948,1271.913477775635
79.0,1955.632647866159,722.6921014864528,1273.6052442334956
79.0,1755.0351918892814,4211.443378153748,1249.507487303502
79.0,1949.901042380934,670.6352584298886,1279.563351177254
79.0,1835.7038645247076,505.05342754770584,1356.2197030414
79.0,1946.9254017898136,671.4287867314713,1274.5841333745943
79.0,1929.65498679868,646.083979879898,1280.362260551456
79.0,1788.7092017594969,517.4795362950213,1343.8253423513313
79.0,1841.2576639589543,603.2634672720218,1281.4769380731266
79.0,2064.2808027103547,578.3066959794469,1304.6117999806784
79.0,1930.6999000212622,665.7686387598978,1279.8825240508932
79.0,1914.6978450448128,674.2969333509691,1274.1954944132947
79.0,1877.4626510819876,580.1075693453143,1280.7624570694418
79.0,2012.7349611983075,663.9044965697314,1263.8740971233158
79.0,1793.9526005004295,602.7319937769266,1302.3486584497869
79.0,2107.3891860571034,486.8002974621493,1307.9524559308431
79.0,1998.3039900320896,894.3789862256082,1271.2649252458207
79.0,1774.616591355063,2555.357062891092,1224.50899442642
79.0,1015.0708153063839,625291.2813612593,999.5398789273719
79.0,1897.814309074654,480.86552930580774,1325.7772936312103
79.0,1729.9345449716734,49707.41781541631,1200.178827925154
80.0,1304.8080284039,90770.13936377788,1165.584515468925
80.0,2064.2808027103547,578.3066959794469,1304.6117999806784
80.0,1927.5474426704775,673.4816063273842,1271.219012333519
80.0,2047.6002614894753,710.8751904399334,1263.685208732919
80.0,2097.464110544511,485.753237802227,1385.7722278960036
80.0,1835.7038645247076,505.05342754770584,1356.2197030414
80.0,1946.9254017898136,671.4287867314713,1274.5841333745943
80.0,1930.6999000212622,665.7686387598978,1279.8825240508932
80.0,1933.9370474360414,4545.085054836134,1217.4522798694989
80.0,1819.4017499213676,518.2274819065287,1348.6824342323575
80.0,1853.8334878751089,634.8675449368909,1286.458471692322
80.0,1949.901042380934,670.6352584298886,1279.563351177254
80.0,1929.65498679868,646.083979879898,1280.362260551456
80.0,1877.4626510819876,580.1075693453143,1280.7624570694418
80.0,2012.7349611983075,663.9044965697314,1263.8740971233158
80.0,1793.9526005004295,602.7319937769266,1302.3486584497869
80.0,2093.3246799863723,517.8797582054439,1293.6622079844153
80.0,1943.0370721387214,572.9050046502804,1334.0636491626951
80.0,1774.616591355063,2555.357062891092,1224.50899442642
80.0,1015.0708153063839,625291.2813612593,999.5398789273719
80.0,2001.261802933714,887.4881973034725,1267.5241739772034
80.0,1755.0351918892814,4211.443378153748,1249.507487303502
80.0,2001.911499971884,488.90506908081414,1343.621775602201
80.0,1729.9345449716734,49707.41781541631,1200.178827925154
81.0,1304.8080284039,90770.13936377788,1165.584515468925
81.0,1929.65498679868,646.083979879898,1280.362260551456
81.0,1765.4147758985011,515.452566871276,1345.4352508902834
81.0,2064.2808027103547,578.3066959794469,1304.6117999806784
81.0,2097.464110544511,485.753237802227,1385.7722278960036
81.0,1835.7038645247076,505.05342754770584,1356.2197030414
81.0,2093.3246799863723,517.8797582054439,1293.6622079844153
81.0,1875.4526912343758,732.1921051600484,1286.6281115624647
81.0,1920.698378906275,652.5766461133162,1262.9844290083502
81.0,1933.9370474360414,4545.085054836134,1217.4522798694989
81.0,1864.616820598917,692.9935504350707,1292.856751244269
81.0,1877.4626510819876,580.1075693453143,1280.7624570694418
81.0,1839.0985186999471,590.649362610902,1306.4298725331928
81.0,1943.0370721387214,572.9050046502804,1334.0636491626951
81.0,1774.616591355063,2555.357062891092,1224.50899442642
81.0,1015.0708153063839,625291.2813612593,999.5398789273719
81.0,1755.0351918892814,4211.443378153748,1249.507487303502
81.0,1956.4096184008074,486.20294136861554,1331.163631647164
81.0,1729.9345449716734,49707.41781541631,1200.178827925154
82.0,1304.8080284039,90770.13936377788,1165.584515468925
82.0,1923.1470961605178,556.426839155318,1328.309219971982
82.0,2047.6002614894753,710.8751904399334,1263.685208732919
82.0,2097.464110544511,485.753237802227,1385.7722278960036
82.0,1927.5474426704775,673.4816063273842,1271.219012333519
82.0,1970.4964266061193,652.8352620863983,1279.473899913225
82.0,2064.2808027103547,578.3066959794469,1304.6117999806784
82.0,1765.4147758985011,515.452566871276,1345.4352508902834
82.0,1943.402078600435,656.4263048390262,1269.4795192298955
82.0,1875.4526912343758,732.1921051600484,1286.6281115624647
82.0,1974.4712345905846,654.6138694520566,1275.800674256299
82.0,1877.4626510819876,580.1075693453143,1280.7624570694418
82.0,2012.7349611983075,663.9044965697314,1263.8740971233158
82.0,1839.0985186999471,590.649362610902,1306.4298725331928
82.0,2093.3246799863723,517.8797582054439,1293.6622079844153
82.0,1774.616591355063,2555.357062891092,1224.50899442642
82.0,1015.0708153063839,625291.2813612593,999.5398789273719
82.0,1838.9562954654305,1083.7955070964565,1275.1116647308854
82.0,1956.4096184008074,486.20294136861554,1331.163631647164
82.0,1780.1709736808264,45522.63894740049,1190.058673565384
83.0,1304.8080284039,90770.13936377788,1165.584515468925
83.0,1923.1470961605178,556.426839155318,1328.309219971982
83.0,1953.0377728128108,655.67956964944,1287.1647589330544
83.0,1927.6704494478602,670.823393954187,1272.7882096051867
83.0,1721.8266953545851,513.2839735578082,1345.3612841520162
83.0,1936.2133906411514,666.0007079117823,1271.2153190775261
83.0,2022.8554060503463,655.7005222342158,1274.7354328416368
83.0,1956.9160735569558,650.6011871306596,1283.4405114043295
83.0,1875.4526912343758,732.1921051600484,1286.6281115624647
83.0,1974.4712345905846,654.6138694520566,1275.800674256299
83.0,2064.2808027103547,578.3066959794469,1304.6117999806784
83.0,1970.4964266061193,652.8352620863983,1279.473899913225
83.0,1845.4135837328774,578.8641405058528,1291.9927090040883
83.0,2012.7349611983075,663.9044965697314,1263.8740971233158
83.0,1833.1738935065327,580.7080421844288,1305.520424728864
83.0,2093.3246799863723,517.8797582054439,1293.6622079844153
83.0,1774.616591355063,2555.357062891092,1224.50899442642
83.0,865.4120508812308,1018491.7430360239,1037.1569733436515
83.0,1838.9562954654305,1083.7955070964565,1275.1116647308854
83.0,1956.4096184008074,486.20294136861554,1331.163631647164
83.0,1780.1709736808264,45522.63894740049,1190.058673565384
84.0,1304.8080284039,90770.13936377788,1165.584515468925
84.0,1919.8329096035504,670.6226986930895,1273.3671354478604
84.0,1721.8266953545851,513.2839735578082,1345.3612841520162
84.0,2022.8554060503463,655.7005222342158,1274.7354328416368
84.0,1936.2133906411514,666.0007079117823,1271.2153190775261
84.0,1970.4964266061193,652.8352620863983,1279.473899913225
84.0,1827.0418420836836,574.1337925441004,1282.6627294615992
84.0,2012.7349611983075,663.9044965697314,1263.8740971233158
84.0,2123.3755488214115,521.3002960274955,1288.4378936962025
84.0,1774.616591355063,2555.357062891092,1224.50899442642
84.0,865.4120508812308,1018491.7430360239,1037.1569733436515
84.0,1838.9562954654305,1083.7955070964565,1275.1116647308854
84.0,1956.4096184008074,486.20294136861554,1331.163631647164
84.0,1780.1709736808264,45522.63894740049,1190.058673565384
85.0,1304.8080284039,90770.13936377788,1165.584515468925
85.0,1953.0377728128108,655.67956964944,1287.1647589330544
85.0,1721.8266953545851,513.2839735578082,1345.3612841520162
85.0,2038.0686441611208,675.7669104445869,1258.640337491015
85.0,1936.2133906411514,666.0007079117823,1271.2153190775261
85.0,1917.221825825752,703.8132948286689,1284.7401277017505
85.0,1919.8329096035504,670.6226986930895,1273.3671354478604
85.0,1956.9160735569558,650.6011871306596,1283.4405114043295
85.0,1875.4526912343758,732.1921051600484,1286.6281115624647
85.0,1920.5128553458753,728.0372845657404,1273.3186919765208
85.0,1970.4964266061193,652.8352620863983,1279.473899913225
85.0,1907.0868381590997,684.9002576168837,1285.3916257846747
85.0,2022.8554060503463,655.7005222342158,1274.7354328416368
85.0,1958.7102645716059,622.6052731089508,1300.2216362684444
85.0,1833.1738935065327,580.7080421844288,1305.520424728864
85.0,2358.921801602539,430.3976086468615,1342.2215533866413
85.0,1799.7492043599239,1530.673990415871,1232.615813244578
85.0,836.387842194758,1015536.7870369465,1018.8542125481159
85.0,1860.8871532733256,916.2485859875223,1285.6486668884154
85.0,1956.4096184008074,486.20294136861554,1331.163631647164
85.0,1780.1709736808264,45522.63894740049,1190.058673565384
86.0,1304.8080284039,90770.13936377788,1165.584515468925
86.0,1721.8266953545851,513.2839735578082,1345.3612841520162
86.0,1958.7102645716059,622.6052731089508,1300.2216362684444
86.0,1919.6519152804105,592.1900386360711,1307.832313256937
86.0,1895.5375406928956,662.7664375725268,1269.8078754372889
86.0,1953.0377728128108,655.67956964944,1287.1647589330544
86.0,1890.9311379896797,777.1947279396563,1271.161863823468
86.0,2022.8554060503463,655.7005222342158,1274.7354328416368
86.0,1970.4964266061193,652.8352620863983,1279.473899913225
86.0,2060.435317044129,584.4745804908839,1315.6549058137746
86.0,1875.4526912343758,732.1921051600484,1286.6281115624647
86.0,1956.9160735569558,650.6011871306596,1283.4405114043295
86.0,2012.062459219302,681.7670130170856,1258.594111037961
86.0,1810.1859855361772,654.0727266888675,1291.8021642660242
86.0,2338.636147746656,465.7123893206839,1321.8332528158398
86.0,1799.7492043599239,1530.673990415871,1232.615813244578
86.0,836.387842194758,1015536.7870369465,1018.8542125481159
86.0,1956.4096184008074,486.20294136861554,1331.163631647164
86.0,1780.1709736808264,45522.63894740049,1190.058673565384
87.0,1304.8080284039,90770.13936377788,1165.584515468925
87.0,1883.476948325841,672.815473441624,1292.2701144956027
87.0,1810.1852016534272,518.4675917189248,1339.2046696735074
87.0,1904.6042514607232,747.4560080339304,1277.5593773672256
87.0,2020.2311190141936,715.764804458001,1267.3631382502458
87.0,1958.7102645716059,622.6052731089508,1300.2216362684444
87.0,1907.0868381590997,684.9002576168837,1285.3916257846747
87.0,1953.0377728128108,655.67956964944,1287.1647589330544
87.0,1890.9311379896797,777.1947279396563,1271.161863823468
87.0,2022.8554060503463,655.7005222342158,1274.7354328416368
87.0,2338.636147746656,465.7123893206839,1321.8332528158398
87.0,1971.7371202241238,727.7836957027681,1254.820918236707
87.0,1956.9160735569558,650.6011871306596,1283.4405114043295
87.0,1875.4526912343758,732.1921051600484,1286.6281115624647
87.0,1910.5301952506136,664.2015142743235,1268.1673207264425
87.0,2093.7993295455244,670.6089270453663,1253.741623709956
87.0,1868.8963288439195,626.2870431464695,1302.7563180122645
87.0,1868.1375353041203,535.2167933274271,1306.7682749553685
87.0,1799.7492043599239,1530.673990415871,1232.615813244578
87.0,1271.2224332317664,221019.74601244097,996.5885214597956
87.0,1946.2691492546094,486.28570309054044,1336.107568703817
87.0,1726.9769856093253,52350.29212649826,1190.4941017615154
88.0,1304.8080284039,90770.13936377788,1165.584515468925
88.0,1976.3566520788747,626.2091432873713,1282.4588454421482
88.0,1751.5574399399125,522.9323196895234,1346.4445762881649
88.0,1890.9311379896797,777.1947279396563,1271.161863823468
88.0,1883.476948325841,672.815473441624,1292.2701144956027
88.0,1953.0377728128108,655.67956964944,1287.1647589330544
88.0,1958.7102645716059,622.6052731089508,1300.2216362684444
88.0,2022.8554060503463,655.7005222342158,1274.7354328416368
88.0,2308.317202923682,462.7822036882189,1304.2189595433215
88.0,1971.7371202241238,727.7836957027681,1254.820918236707
88.0,1956.9160735569558,650.6011871306596,1283.4405114043295
88.0,1910.5301952506136,664.2015142743235,1268.1673207264425
88.0,2046.6005030675205,671.6291377419935,1253.6139268850202
88.0,1949.3358099335835,648.152003455136,1305.3861373318882
88.0,1868.1375353041203,535.2167933274271,1306.7682749553685
88.0,1838.997312216238,7519.290218407492,1247.2119813252268
88.0,1271.2224332317664,221019.74601244097,996.5885214597956
88.0,1839.2292489685592,4432.942330863068,1277.9840430002419
88.0,1946.2691492546094,486.28570309054044,1336.107568703817
88.0,1475.0355745601746,48805.90618087377,1179.7133596258038
89.0,1304.8080284039,90770.13936377788,1165.584515468925
89.0,1976.3566520788747,626.2091432873713,1282.4588454421482
89.0,1923.4326082501368,525.8119539536157,1339.9741280307383
89.0,1890.9311379896797,777.1947279396563,1271.161863823468
89.0,1883.476948325841,672.815473441624,1292.2701144956027
89.0,1953.0377728128108,655.67956964944,1287.1647589330544
89.0,2022.8554060503463,655.7005222342158,1274.7354328416368
89.0,1949.0182049999678,677.4682942249416,1265.9729297046542
89.0,1920.7347843944126,576.6061245318278,1302.574265331488
89.0,1958.7102645716059,622.6052731089508,1300.2216362684444
89.0,1978.5882753409244,662.6337708084816,1276.1974469573352
89.0,1971.7371202241238,727.7836957027681,1254.820918236707
89.0,1910.5301952506136,664.2015142743235,1268.1673207264425
89.0,2046.6005030675205,671.6291377419935,1253.6139268850202
89.0,2308.317202923682,462.7822036882189,1304.2189595433215
89.0,1868.1375353041203,535.2167933274271,1306.7682749553685
89.0,1814.4632126778436,12688.09117464001,1267.308175312675
89.0,1146.3757951848222,182110.02171630386,1039.5080593637335
89.0,1946.2691492546094,486.28570309054044,1336.107568703817
89.0,1475.0355745601746,48805.90618087377,1179.7133596258038
90.0,1304.8080284039,90770.13936377788,1165.584515468925
90.0,1976.3566520788747,626.2091432873713,1282.4588454421482
90.0,1987.4880846574686,655.0352532385884,1278.5032781515272
90.0,1953.0377728128108,655.67956964944,1287.1647589330544
90.0,1949.0182049999678,677.4682942249416,1265.9729297046542
90.0,2022.8554060503463,655.7005222342158,1274.7354328416368
90.0,2308.317202923682,462.7822036882189,1304.2189595433215
90.0,1920.6760874562376,711.2251904717832,1278.4166276564213
90.0,1806.3996920910188,606.8122985130487,1288.897521730445
90.0,1971.7371202241238,727.7836957027681,1254.820918236707
90.0,1899.801071932599,665.976631056828,1281.4879267299725
90.0,1923.4326082501368,525.8119539536157,1339.9741280307383
90.0,1925.4740380076828,667.5433253196221,1269.0726349517786
90.0,1920.5128553458753,728.0372845657404,1273.3186919765208
90.0,2046.6005030675205,671.6291377419935,1253.6139268850202
90.0,1868.1375353041203,535.2167933274271,1306.7682749553685
90.0,1793.649200418976,15046.393077027944,1257.484386407603
90.0,1158.7923537523002,204241.20699874545,1016.7548274280288
90.0,1908.2249050607093,896.4897593180935,1268.73129979668
90.0,1946.2691492546094,486.28570309054044,1336.107568703817
90.0,1475.0355745601746,48805.90618087377,1179.7133596258038
91.0,1304.8080284039,90770.13936377788,1165.584515468925
91.0,1976.3566520788747,626.2091432873713,1282.4588454421482
91.0,1920.5128553458753,728.0372845657404,1273.3186919765208
91.0,1949.0182049999678,677.4682942249416,1265.9729297046542
91.0,2308.317202923682,462.7822036882189,1304.2189595433215
91.0,1949.3358099335835,648.152003455136,1305.3861373318882
91.0,1920.6760874562376,711.2251904717832,1278.4166276564213
91.0,1923.4326082501368,525.8119539536157,1339.9741280307383
91.0,1970.9229330473393,622.7246218811805,1291.1039877940868
91.0,1971.7371202241238,727.7836957027681,1254.820918236707
91.0,1886.0956703221814,666.6995373345642,1283.2982240785143
91.0,2022.8554060503463,655.7005222342158,1274.7354328416368
91.0,1925.4740380076828,667.5433253196221,1269.0726349517786
91.0,2039.5955265278992,676.2330392173665,1257.5962391697558
91.0,1868.1375353041203,535.2167933274271,1306.7682749553685
91.0,1793.649200418976,15046.393077027944,1257.484386407603
91.0,1063.6579090138341,579405.8377533857,997.3069569312484
91.0,1841.2473561995148,2246.3460980755817,1268.0361224809458
91.0,1995.1093491884724,488.8649584623537,1344.8734074501876
91.0,1475.0355745601746,48805.90618087377,1179.7133596258038
92.0,1304.8080284039,90770.13936377788,1165.584515468925
92.0,1976.3566520788747,626.2091432873713,1282.4588454421482
92.0,1898.5172551110695,676.329324947534,1299.2355424802415
92.0,1949.0182049999678,677.4682942249416,1265.9729297046542
92.0,1986.7775603340215,540.4139267107056,1338.3478574824967
92.0,2308.317202923682,462.7822036882189,1304.2189595433215
92.0,1943.0527823417697,642.5387013256793,1304.0984192711976
92.0,1906.037768562691,728.7843975639432,1291.222422031465
92.0,2022.8554060503463,655.7005222342158,1274.7354328416368
92.0,1971.7371202241238,727.7836957027681,1254.820918236707
92.0,1920.3245643429145,666.6168927065837,1268.9503830029075
92.0,2022.5950676121065,673.1031931498695,1254.136298128437
92.0,1970.9229330473393,622.7246218811805,1291.1039877940868
92.0,1849.5174202142991,542.0897949617562,1308.066910510724
92.0,1793.649200418976,15046.393077027944,1257.484386407603
92.0,1063.6579090138341,579405.8377533857,997.3069569312484
92.0,1841.2473561995148,2246.3460980755817,1268.0361224809458
92.0,1962.391853723286,487.24264988154897,1340.0067536121364
92.0,1527.4646987612412,49310.3378022763,1174.3403618840425
93.0,1304.8080284039,90770.13936377788,1165.584515468925
93.0,1949.0182049999678,677.4682942249416,1265.9729297046542
93.0,2003.4578709119555,663.2558763939896,1281.0778446525082
93.0,1986.7775603340215,540.4139267107056,1338.3478574824967
93.0,2308.317202923682,462.7822036882189,1304.2189595433215
93.0,1932.5481520207857,647.1535460757295,1304.5809786348455
93.0,1906.037768562691,728.7843975639432,1291.222422031465
93.0,2022.8554060503463,655.7005222342158,1274.7354328416368
93.0,1971.7371202241238,727.7836957027681,1254.820918236707
93.0,1920.3245643429145,666.6168927065837,1268.9503830029075
93.0,2022.5950676121065,673.1031931498695,1254.136298128437
93.0,1970.9229330473393,622.7246218811805,1291.1039877940868
93.0,1849.5174202142991,542.0897949617562,1308.066910510724
93.0,1793.649200418976,15046.393077027944,1257.484386407603
93.0,1063.6579090138341,579405.8377533857,997.3069569312484
93.0,1841.2473561995148,2246.3460980755817,1268.0361224809458
93.0,1962.391853723286,487.24264988154897,1340.0067536121364
93.0,1541.1864644278785,43141.155368474814,1161.7462560273189
94.0,1304.8080284039,90770.13936377788,1165.584515468925
94.0,2003.4578709119555,663.2558763939896,1281.0778446525082
94.0,1949.0182049999678,677.4682942249416,1265.9729297046542
94.0,1841.2473561995148,2246.3460980755817,1268.0361224809458
94.0,2067.2485365460834,461.6976830844311,1295.9648619552252
94.0,2002.6416899161002,698.9834912938483,1265.4623557143414
94.0,1929.6890551573993,646.9018004357682,1303.5597388590904
94.0,2022.8554060503463,655.7005222342158,1274.7354328416368
94.0,2022.5950676121065,673.1031931498695,1254.136298128437
94.0,1970.9229330473393,622.7246218811805,1291.1039877940868
94.0,1920.3245643429145,666.6168927065837,1268.9503830029075
94.0,1849.5174202142991,542.0897949617562,1308.066910510724
94.0,1793.649200418976,15046.393077027944,1257.484386407603
94.0,918.709998950952,1053319.8843738453,1018.7407164767163
94.0,1979.9634618436812,480.29058176948905,1334.9785467554268
94.0,1541.1864644278785,43141.155368474814,1161.7462560273189
95.0,1304.8080284039,90770.13936377788,1165.584515468925
95.0,2003.4578709119555,663.2558763939896,1281.0778446525082
95.0,1968.9830470824097,779.7043479290728,1268.4493620080702
95.0,2002.6416899161002,698.9834912938483,1265.4623557143414
95.0,2067.2485365460834,461.6976830844311,1295.9648619552252
95.0,1986.7775603340215,540.4139267107056,1338.3478574824967
95.0,1911.585853849915,645.9848735399622,1302.6742694946608
95.0,2022.8554060503463,655.7005222342158,1274.7354328416368
95.0,1920.3245643429145,666.6168927065837,1268.9503830029075
95.0,1969.9203269751213,726.2233856317126,1268.5672249853185
95.0,1849.5174202142991,542.0897949617562,1308.066910510724
95.0,1793.649200418976,15046.393077027944,1257.484386407603
95.0,918.709998950952,1053319.8843738453,1018.7407164767163
95.0,1869.3555184398756,756.5436900244994,1305.497755165874
95.0,1841.2473561995148,2246.3460980755817,1268.0361224809458
95.0,2046.6338056427126,484.1286805419436,1338.10807443424
95.0,1541.1864644278785,43141.155368474814,1161.7462560273189
96.0,1304.8080284039,90770.13936377788,1165.584515468925
96.0,2003.4578709119555,663.2558763939896,1281.0778446525082
96.0,1986.7775603340215,540.4139267107056,1338.3478574824967
96.0,2067.2485365460834,461.6976830844311,1295.9648619552252
96.0,1943.9183276405126,670.1772204390843,1261.6554501383825
96.0,1908.8074656337815,642.9637477272834,1302.4064171503703
96.0,1920.3245643429145,666.6168927065837,1268.9503830029075
96.0,2022.8554060503463,655.7005222342158,1274.7354328416368
96.0,1849.5174202142991,542.0897949617562,1308.066910510724
96.0,1762.3212339393795,956.4295121224432,1222.355676805517
96.0,918.709998950952,1053319.8843738453,1018.7407164767163
96.0,1869.3555184398756,756.5436900244994,1305.497755165874
96.0,1716.7365284700825,6919.527835858835,1228.6073663720238
96.0,2010.5123097309468,482.6416120288033,1331.650303552356
96.0,1541.1864644278785,43141.155368474814,1161.7462560273189
97.0,1304.8080284039,90770.13936377788,1165.584515468925
97.0,2003.4578709119555,663.2558763939896,1281.0778446525082
97.0,2067.2485365460834,461.6976830844311,1295.9648619552252
97.0,1942.9282018938798,745.0386288269269,1268.7810799160443
97.0,1716.7365284700825,6919.527835858835,1228.6073663720238
97.0,1943.9183276405126,670.1772204390843,1261.6554501383825
97.0,1923.1214852284568,740.2271279031291,1277.0712244475092
97.0,2065.0562969814855,720.4498133697844,1258.5532717249314
97.0,1908.8074656337815,642.9637477272834,1302.4064171503703
97.0,2022.8554060503463,655.7005222342158,1274.7354328416368
97.0,1849.5174202142991,542.0897949617562,1308.066910510724
97.0,1762.3212339393795,956.4295121224432,1222.355676805517
97.0,918.709998950952,1053319.8843738453,1018.7407164767163
97.0,1869.3555184398756,756.5436900244994,1305.497755165874
97.0,1886.2352007247093,514.4191220602274,1314.6632773389306
97.0,1541.1864644278785,43141.155368474814,1161.7462560273189
98.0,1304.8080284039,90770.13936377788,1165.584515468925
98.0,2067.2485365460834,461.6976830844311,1295.9648619552252
98.0,1986.4143720281947,776.6452272456771,1268.734336214421
98.0,2113.705736073466,770.7871617058,1250.6927002051038
98.0,2031.4565653662837,826.6566925548466,1265.59267366723
98.0,2004.68516007342,688.6874484667454,1267.4617863619847
98.0,1983.9629724826593,874.5972956231504,1266.4345429703524
98.0,2058.240545665145,801.5806530627672,1264.896089541232
98.0,2074.075461204193,719.7709736549637,1264.9536694454582
98.0,1923.1214852284568,740.2271279031291,1277.0712244475092
98.0,2065.0562969814855,720.4498133697844,1258.5532717249314
98.0,2022.8554060503463,655.7005222342158,1274.7354328416368
98.0,1936.443435216431,673.4854587861474,1268.9435461999867
98.0,1849.5174202142991,542.0897949617562,1308.066910510724
98.0,1762.3212339393795,956.4295121224432,1222.355676805517
98.0,918.709998950952,1053319.8843738453,1018.7407164767163
98.0,1869.3555184398756,756.5436900244994,1305.497755165874
98.0,1716.7365284700825,6919.527835858835,1228.6073663720238
98.0,1886.2352007247093,514.4191220602274,1314.6632773389306
98.0,1653.8789151846127,54459.56871300615,1154.779654480089
99.0,1304.8080284039,90770.13936377788,1165.584515468925
99.0,2095.241350076075,835.747170887474,1247.3613523004421
99.0,2065.0562969814855,720.4498133697844,1258.5532717249314
99.0,2067.2485365460834,461.6976830844311,1295.9648619552252
99.0,2031.4565653662837,826.6566925548466,1265.59267366723
99.0,1923.1214852284568,740.2271279031291,1277.0712244475092
99.0,1716.7365284700825,6919.527835858835,1228.6073663720238
99.0,2030.088566458932,822.4172895749125,1266.2736864103529
99.0,1985.5723814854553,739.3192381397951,1268.5460376225988
99.0,2022.8554060503463,655.7005222342158,1274.7354328416368
99.0,1936.443435216431,673.4854587861474,1268.9435461999867
99.0,1895.6221609949353,542.3011720506371,1307.1747997348239
99.0,1762.3212339393795,956.4295121224432,1222.355676805517
99.0,918.709998950952,1053319.8843738453,1018.7407164767163
99.0,1869.3555184398756,756.5436900244994,1305.497755165874
99.0,1886.2352007247093,514.4191220602274,1314.6632773389306
99.0,1653.8789151846127,54459.56871300615,1154.779654480089
100.0,1304.8080284039,90770.13936377788,1165.584515468925
100.0,2055.457954041279,677.12933871554,1270.3012886520526
100.0,1975.7442321603066,776.118324988427,1262.2070483448376
100.0,2026.4521917134011,581.3881076948301,1295.7411626094013
100.0,1944.7944532371657,877.1453090980476,1265.5033558230566
100.0,2037.4381412373302,762.5434601362754,1272.8962835680888
100.0,1923.1214852284568,740.2271279031291,1277.0712244475092
100.0,1716.7365284700825,6919.527835858835,1228.6073663720238
100.0,2065.0562969814855,720.4498133697844,1258.5532717249314
100.0,2064.743877021613,458.9525348259328,1295.1684154540494
100.0,2022.8554060503463,655.7005222342158,1274.7354328416368
100.0,2044.7009047087245,720.3000775573958,1274.2899543726876
100.0,1990.4514889448558,693.5030998995193,1278.0572009865052
100.0,2092.1224978870273,862.0803320169935,1256.7744770895438
100.0,1979.537343382066,723.2401974784973,1301.320289821777
100.0,1762.3212339393795,956.4295121224432,1222.355676805517
100.0,918.709998950952,1053319.8843738453,1018.7407164767163
100.0,1885.19948801402,502.5649334423651,1303.1896246296951
100.0,1653.8789151846127,54459.56871300615,1154.779654480089
101.0,1304.8080284039,90770.13936377788,1165.584515468925
101.0,2055.457954041279,677.12933871554,1270.3012886520526
101.0,1982.0230754817408,847.6958982339522,1263.2763651172054
101.0,2022.8554060503463,655.7005222342158,1274.7354328416368
101.0,1944.7944532371657,877.1453090980476,1265.5033558230566
101.0,1980.0307155212083,686.022355164882,1271.0815576007758
101.0,1716.7365284700825,6919.527835858835,1228.6073663720238
101.0,2064.743877021613,458.9525348259328,1295.1684154540494
101.0,2139.6550758652165,822.428485948375,1253.9059146490051
101.0,1923.1214852284568,740.2271279031291,1277.0712244475092
101.0,2065.0562969814855,720.4498133697844,1258.5532717249314
101.0,2030.088566458932,822.4172895749125,1266.2736864103529
101.0,2092.1224978870273,862.0803320169935,1256.7744770895438
101.0,1920.8023308184934,544.2642233640076,1300.7936424534569
101.0,1762.3212339393795,956.4295121224432,1222.355676805517
101.0,918.709998950952,1053319.8843738453,1018.7407164767163
101.0,1885.19948801402,502.5649334423651,1303.1896246296951
101.0,1677.1612192135624,28661.57141781172,1169.9151412639108
102.0,1304.8080284039,90770.13936377788,1165.584515468925
102.0,1944.7944532371657,877.1453090980476,1265.5033558230566
102.0,2042.9074144304643,679.3569442359997,1283.3709215107053
102.0,2294.812961692959,460.68838143240566,1312.468015976193
102.0,2049.9707235562482,763.9172981433077,1270.26665712347
102.0,1980.0307155212083,686.022355164882,1271.0815576007758
102.0,2030.088566458932,822.4172895749125,1266.2736864103529
102.0,2065.0562969814855,720.4498133697844,1258.5532717249314
102.0,1923.1214852284568,740.2271279031291,1277.0712244475092
102.0,2054.9532155254433,825.6617408895903,1265.492854335625
102.0,1920.8023308184934,544.2642233640076,1300.7936424534569
102.0,1762.3212339393795,956.4295121224432,1222.355676805517
102.0,918.709998950952,1053319.8843738453,1018.7407164767163
102.0,1860.6377749368978,782.2686577933133,1307.4003357454853
102.0,1928.1889630326116,886.3173217305136,1263.6720891779303
102.0,1929.8908635435553,503.36397984847764,1306.0151695527013
102.0,1481.7024493589915,42400.22937909106,1169.317287704183
103.0,1304.8080284039,90770.13936377788,1165.584515468925
103.0,1976.2711993734931,879.1910383495051,1263.9515897975152
103.0,2294.812961692959,460.68838143240566,1312.468015976193
103.0,2030.088566458932,822.4172895749125,1266.2736864103529
103.0,1884.0204277805199,790.435158805906,1279.5110504938564
103.0,2116.582504336244,897.1841287733703,1251.1138422472775
103.0,1928.1889630326116,886.3173217305136,1263.6720891779303
103.0,1910.1313150874676,637.0979231410424,1267.3018857762822
103.0,1944.7944532371657,877.1453090980476,1265.5033558230566
103.0,2065.0562969814855,720.4498133697844,1258.5532717249314
103.0,1920.8023308184934,544.2642233640076,1300.7936424534569
103.0,1818.1108848543054,902.4160054658078,1219.4313518665099
103.0,1049.2552128438588,384354.9423858591,971.3803085909918
103.0,1803.5086123400683,6022.869621829071,1235.982069055358
103.0,1890.7100936660997,494.7167376366537,1319.6549136543701
103.0,1481.7024493589915,42400.22937909106,1169.317287704183
104.0,1304.8080284039,90770.13936377788,1165.584515468925
104.0,1944.7944532371657,877.1453090980476,1265.5033558230566
104.0,2294.812961692959,460.68838143240566,1312.468015976193
104.0,1910.1313150874676,637.0979231410424,1267.3018857762822
104.0,1884.0204277805199,790.435158805906,1279.5110504938564
104.0,2116.582504336244,897.1841287733703,1251.1138422472775
104.0,1928.1889630326116,886.3173217305136,1263.6720891779303
104.0,2030.088566458932,822.4172895749125,1266.2736864103529
104.0,891.9847107084257,707706.4387229235,1019.5783639138334
104.0,2052.767323267625,857.9360207274104,1261.822077804852
104.0,2140.823668979202,826.4000568404408,1264.9928297856106
104.0,1920.8023308184934,544.2642233640076,1300.7936424534569
104.0,1818.1108848543054,902.4160054658078,1219.4313518665099
104.0,1887.8326281285727,485.100834492495,1312.2807611660162
104.0,1591.9505220731478,31980.459113122324,1165.0760834106436
105.0,1304.8080284039,90770.13936377788,1165.584515468925
105.0,2140.823668979202,826.4000568404408,1264.9928297856106
105.0,2294.812961692959,460.68838143240566,1312.468015976193
105.0,1920.8023308184934,544.2642233640076,1300.7936424534569
105.0,891.9847107084257,707706.4387229235,1019.5783639138334
105.0,2030.088566458932,822.4172895749125,1266.2736864103529
105.0,1971.380688349602,518.7702539523331,1325.1795739284314
105.0,1884.0204277805199,790.435158805906,1279.5110504938564
105.0,1910.1313150874676,637.0979231410424,1267.3018857762822
105.0,2052.767323267625,857.9360207274104,1261.822077804852
105.0,1814.9326491080662,871.9961615515899,1219.311539333895
105.0,1849.7778017308149,561.4829675510797,1307.5208432941836
105.0,1591.9505220731478,31980.459113122324,1165.0760834106436
106.0,1304.8080284039,90770.13936377788,1165.584515468925
106.0,891.9847107084257,707706.4387229235,1019.5783639138334
106.0,1814.9326491080662,871.9961615515899,1219.311539333895
106.0,2030.088566458932,822.4172895749125,1266.2736864103529
106.0,1910.696660760566,759.2877854554591,1280.5856269932176
106.0,1930.1927154880364,614.1693550832276,1267.8533247537748
106.0,1920.8023308184934,544.2642233640076,1300.7936424534569
106.0,1971.380688349602,518.7702539523331,1325.1795739284314
106.0,1884.0204277805199,790.435158805906,1279.5110504938564
106.0,2052.767323267625,857.9360207274104,1261.822077804852
106.0,1849.7778017308149,561.4829675510797,1307.5208432941836
106.0,1569.3638723002912,13950.800459087024,1157.1575165120285
107.0,1304.8080284039,90770.13936377788,1165.584515468925
107.0,891.9847107084257,707706.4387229235,1019.5783639138334
107.0,1814.9326491080662,871.9961615515899,1219.311539333895
107.0,2052.767323267625,857.9360207274104,1261.822077804852
107.0,1919.1376159302247,847.5847457052522,1275.09596780263
107.0,1930.1927154880364,614.1693550832276,1267.8533247537748
107.0,1920.8023308184934,544.2642233640076,1300.7936424534569
107.0,1971.380688349602,518.7702539523331,1325.1795739284314
107.0,2030.088566458932,822.4172895749125,1266.2736864103529
107.0,1910.696660760566,759.2877854554591,1280.5856269932176
107.0,1849.0716247150147,561.4313129116157,1303.4942925574037
107.0,1569.3638723002912,13950.800459087024,1157.1575165120285
108.0,1304.8080284039,90770.13936377788,1165.584515468925
108.0,1999.7572388502938,757.1605061519014,1262.8135336260818
108.0,891.9847107084257,707706.4387229235,1019.5783639138334
108.0,1865.941877447943,796.6654817851386,1268.828903650965
108.0,1920.8023308184934,544.2642233640076,1300.7936424534569
108.0,1928.029278271402,882.201821635796,1260.053053195946
108.0,1921.7131803933087,951.1208453752139,1258.4129709362094
108.0,1971.380688349602,518.7702539523331,1325.1795739284314
108.0,1910.696660760566,759.2877854554591,1280.5856269932176
108.0,1930.1927154880364,614.1693550832276,1267.8533247537748
108.0,1849.0716247150147,561.4313129116157,1303.4942925574037
108.0,1569.3638723002912,13950.800459087024,1157.1575165120285
109.0,1304.8080284039,90770.13936377788,1165.584515468925
109.0,1913.771890204389,612.3328782654762,1277.5767148698212
109.0,891.9847107084257,707706.4387229235,1019.5783639138334
109.0,2026.2748438981532,729.7400393288767,1276.6942508334712
109.0,2008.6541231367733,774.1512399785274,1263.9266578323716
109.0,1865.941877447943,796.6654817851386,1268.828903650965
109.0,1977.9350388624662,770.328254392512,1268.5646914367203
109.0,1971.380688349602,518.7702539523331,1325.1795739284314
109.0,1928.029278271402,882.201821635796,1260.053053195946
109.0,1943.78822299031,747.8877144909563,1270.4795419486768
109.0,1910.696660760566,759.2877854554591,1280.5856269932176
109.0,1988.7923878918568,871.9196191239492,1263.3215556489104
109.0,1985.188899660557,747.5012826353754,1272.8016463676286
109.0,1860.19571125756,561.1877349108913,1309.6486982405295
109.0,1569.3638723002912,13950.800459087024,1157.1575165120285
110.0,1304.8080284039,90770.13936377788,1165.584515468925
110.0,1844.9685435818794,849.2638132750144,1277.8901029129786
110.0,2016.015340252109,866.9282075972023,1253.602129511545
110.0,2026.2748438981532,729.7400393288767,1276.6942508334712
110.0,1010.3334638570384,418383.5990686308,970.6717041748097
110.0,2008.6541231367733,774.1512399785274,1263.9266578323716
110.0,1913.771890204389,612.3328782654762,1277.5767148698212
110.0,1928.029278271402,882.201821635796,1260.053053195946
110.0,2004.1830072550465,733.2637382899665,1269.6142238248715
110.0,1977.9350388624662,770.328254392512,1268.5646914367203
110.0,1969.8605952209516,552.3506720909348,1326.8203057138526
110.0,1903.6047822387266,832.618773907443,1261.8133015395208
110.0,1860.19571125756,561.1877349108913,1309.6486982405295
110.0,1813.7949368774634,6451.355569751788,1228.0289931972086
111.0,1304.8080284039,90770.13936377788,1165.584515468925
111.0,1844.9685435818794,849.2638132750144,1277.8901029129786
111.0,2016.015340252109,866.9282075972023,1253.602129511545
111.0,1051.246693918177,384696.5635196403,983.3702718310029
111.0,2008.6541231367733,774.1512399785274,1263.9266578323716
111.0,1911.2919409095507,543.0432215374293,1304.4683555019944
111.0,1913.771890204389,612.3328782654762,1277.5767148698212
111.0,2004.1830072550465,733.2637382899665,1269.6142238248715
111.0,1947.8939155751102,1699.4944300524357,1249.2418389367538
111.0,1903.6047822387266,832.618773907443,1261.8133015395208
111.0,2025.0653696023824,815.4076849353949,1261.2382391615442
111.0,1860.19571125756,561.1877349108913,1309.6486982405295
111.0,1813.7949368774634,6451.355569751788,1228.0289931972086
112.0,1304.8080284039,90770.13936377788,1165.584515468925
112.0,2014.8871526233638,742.906410333311,1268.1995559976754
112.0,1891.3783432977111,877.8818832404501,1268.5601739976742
112.0,1051.246693918177,384696.5635196403,983.3702718310029
112.0,2020.0683283919882,792.927641033644,1265.1164673938001
112.0,2091.8200340300896,898.0398898901501,1261.07312804351
112.0,2149.3800194159858,792.9768072523786,1264.4729671918933
112.0,1913.771890204389,612.3328782654762,1277.5767148698212
112.0,1947.8939155751102,1699.4944300524357,1249.2418389367538
112.0,1983.0514330512103,864.8376485458969,1261.791070236736
112.0,2025.0653696023824,815.4076849353949,1261.2382391615442
112.0,1903.6047822387266,832.618773907443,1261.8133015395208
112.0,1967.021738547807,1024.9691529193374,1259.7108833617883
112.0,1964.4041860276434,831.1064796434584,1264.7469509993707
112.0,2004.1830072550465,733.2637382899665,1269.6142238248715
112.0,1860.19571125756,561.1877349108913,1309.6486982405295
112.0,1813.7949368774634,6451.355569751788,1228.0289931972086
113.0,1304.8080284039,90770.13936377788,1165.584515468925
113.0,2149.3800194159858,792.9768072523786,1264.4729671918933
113.0,1891.3783432977111,877.8818832404501,1268.5601739976742
113.0,1926.679701135257,713.1667513753205,1284.551386329283
113.0,1987.6639417359738,699.3800935759223,1266.2760149848707
113.0,2091.8200340300896,898.0398898901501,1261.07312804351
113.0,2079.890806557595,603.5237577552238,1264.6549885429768
113.0,1966.9456216535407,826.346953181684,1272.817867353058
113.0,1903.6047822387266,832.618773907443,1261.8133015395208
113.0,1941.0462119496035,941.4239256767795,1248.9283553958553
113.0,1965.4858374535727,691.5874787739218,1289.5300042070462
113.0,1983.0514330512103,864.8376485458969,1261.791070236736
113.0,1049.6956176351125,385189.6355421245,987.0930301458933
113.0,1860.19571125756,561.1877349108913,1309.6486982405295
113.0,1813.7949368774634,6451.355569751788,1228.0289931972086
114.0,1304.8080284039,90770.13936377788,1165.584515468925
114.0,1986.1466796858977,918.8787387420089,1256.9034862526303
114.0,1891.3783432977111,877.8818832404501,1268.5601739976742
114.0,1926.679701135257,713.1667513753205,1284.551386329283
114.0,1980.4304124508756,880.4075344747669,1257.993917183505
114.0,2149.3800194159858,792.9768072523786,1264.4729671918933
114.0,1974.040288884634,719.5605398117289,1267.0867544035061
114.0,1903.6047822387266,832.618773907443,1261.8133015395208
114.0,1947.8939155751102,1699.4944300524357,1249.2418389367538
114.0,1966.9456216535407,826.346953181684,1272.817867353058
114.0,1932.8146532519845,670.2033320130204,1280.2710548818263
114.0,2079.890806557595,603.5237577552238,1264.6549885429768
114.0,1959.5829188103746,744.0278792884626,1279.1234633876384
114.0,1991.4060445481296,1052.814202407348,1248.3525932282773
114.0,1971.3259951742227,873.0016881233978,1260.7910489971475
114.0,1491.7640596066462,134241.68306398354,1098.6501435699188
114.0,1860.19571125756,561.1877349108913,1309.6486982405295
114.0,1826.039848501974,6549.3535133497235,1234.3583475555886
115.0,1304.8080284039,90770.13936377788,1165.584515468925
115.0,1986.1466796858977,918.8787387420089,1256.9034862526303
115.0,1971.3259951742227,873.0016881233978,1260.7910489971475
115.0,1980.4304124508756,880.4075344747669,1257.993917183505
115.0,2149.3800194159858,792.9768072523786,1264.4729671918933
115.0,1974.040288884634,719.5605398117289,1267.0867544035061
115.0,1966.9456216535407,826.346953181684,1272.817867353058
115.0,1932.8146532519845,670.2033320130204,1280.2710548818263
115.0,1959.5829188103746,744.0278792884626,1279.1234633876384
115.0,1903.6047822387266,832.618773907443,1261.8133015395208
115.0,1916.1626459172162,576.451296771816,1326.176563316357
115.0,1937.5077648846402,926.5871331536638,1247.1656598116806
115.0,1911.1095752066224,688.6583436730508,1281.7657265592773
115.0,1974.8039965027385,792.0021428260432,1265.4890727196814
115.0,1491.7640596066462,134241.68306398354,1098.6501435699188
115.0,2106.7187068128173,603.222562198592,1273.6804548330022
115.0,1878.7998405990531,578.1008421282221,1319.4098476973118
115.0,1692.3562074118674,22470.012779724897,1225.7174919215424
116.0,1304.8080284039,90770.13936377788,1165.584515468925
116.0,1951.908772856694,904.4750187651854,1259.7050200326516
116.0,1980.4304124508756,880.4075344747669,1257.993917183505
116.0,1879.8475015227793,727.643273577414,1288.2896353715869
116.0,2082.883728853573,913.6551374644596,1257.5303031973858
116.0,1919.8644164730583,745.3010226230687,1261.4624882513547
116.0,1947.8939155751102,1699.4944300524357,1249.2418389367538
116.0,1932.8146532519845,670.2033320130204,1280.2710548818263
116.0,1926.8570690309566,924.2581359818962,1258.5581997664026
116.0,1959.5829188103746,744.0278792884626,1279.1234633876384
116.0,1911.1095752066224,688.6583436730508,1281.7657265592773
116.0,1971.3259951742227,873.0016881233978,1260.7910489971475
116.0,1491.7640596066462,134241.68306398354,1098.6501435699188
116.0,2114.634811376767,602.8913383129137,1273.2103882517906
116.0,1900.564866285095,557.0033197891509,1311.0608577110922
116.0,1692.3562074118674,22470.012779724897,1225.7174919215424
117.0,1304.8080284039,90770.13936377788,1165.584515468925
117.0,2024.7637067336543,872.2412811594091,1262.740790349709
117.0,2082.101751960103,808.8053214906649,1267.7140117537906
117.0,1879.8475015227793,727.643273577414,1288.2896353715869
117.0,2006.6539223404739,882.897056911986,1254.7779437429904
117.0,1948.574639498106,864.2995062279267,1274.975763282502
117.0,1980.4304124508756,880.4075344747669,1257.993917183505
117.0,1927.302876310063,865.9151740372533,1263.8498072486886
117.0,2051.9215281789443,857.3871911993346,1266.2490444078194
117.0,2092.8432330587552,763.8122533766781,1274.409126613366
117.0,1894.4120109296484,2763.7975646878563,1260.980068843809
117.0,1928.0827447920776,804.480093300428,1285.5961949565055
117.0,1987.500603643051,755.6481226612788,1276.40709616332
117.0,2149.3800194159858,792.9768072523786,1264.4729671918933
117.0,1976.420092497049,722.1141206791191,1280.7627147263422
117.0,1951.908772856694,904.4750187651854,1259.7050200326516
117.0,2114.634811376767,602.8913383129137,1273.2103882517906
117.0,1954.3093621340552,843.4430991500326,1280.2664547604716
117.0,1992.8135989373882,844.2343396322271,1270.544682458064
117.0,1959.5829188103746,744.0278792884626,1279.1234633876384
117.0,1932.7865507785443,691.765927034916,1281.7466123127895
117.0,2019.1315043972586,783.78840033303,1267.8981959281896
117.0,1491.7640596066462,134241.68306398354,1098.6501435699188
117.0,2041.1695493403752,688.1485833089366,1307.3758016921486
117.0,1902.5118871896602,560.1917576393827,1310.995481989156
117.0,1692.3562074118674,22470.012779724897,1225.7174919215424
118.0,1304.8080284039,90770.13936377788,1165.584515468925
118.0,2024.7637067336543,872.2412811594091,1262.740790349709
118.0,2082.101751960103,808.8053214906649,1267.7140117537906
118.0,1879.8475015227793,727.643273577414,1288.2896353715869
118.0,2020.765019037394,996.5032651116661,1251.4972025150191
118.0,1989.649257278178,864.4764442729235,1273.2573825972145
118.0,1980.4304124508756,880.4075344747669,1257.993917183505
118.0,1927.302876310063,865.9151740372533,1263.8498072486886
118.0,2009.0115217581729,659.6063868927101,1297.553367664125
118.0,1920.5038851558727,2589.0632511093445,1269.9525442028935
118.0,1899.2614126369103,2988.375221222579,1266.3796295137051
118.0,1922.8952334272858,803.973246610916,1283.550382526905
118.0,1987.500603643051,755.6481226612788,1276.40709616332
118.0,2033.24675045773,870.7534866966661,1256.9897506213117
118.0,2149.3800194159858,792.9768072523786,1264.4729671918933
118.0,1974.4681347353678,722.4365679842524,1280.4918454276014
118.0,1951.908772856694,904.4750187651854,1259.7050200326516
118.0,2032.0744576821776,856.973878263578,1263.5345345348505
118.0,1992.8135989373882,844.2343396322271,1270.544682458064
118.0,1992.3304876425032,709.0789495787365,1278.520480047941
118.0,1935.8847543606985,894.4288511256229,1260.3040727013406
118.0,1954.3093621340552,843.4430991500326,1280.2664547604716
118.0,1981.4396788498811,682.9452524964894,1286.9432897602796
118.0,2008.8958861926649,783.4478000507163,1268.1541244586554
118.0,1491.7640596066462,134241.68306398354,1098.6501435699188
118.0,2114.634811376767,602.8913383129137,1273.2103882517906
118.0,1902.5118871896602,560.1917576393827,1310.995481989156
118.0,1692.3562074118674,22470.012779724897,1225.7174919215424
119.0,1304.8080284039,90770.13936377788,1165.584515468925
119.0,2024.7637067336543,872.2412811594091,1262.740790349709
119.0,1973.9638637331702,2262.7381164689004,1251.228364085907
119.0,1879.8475015227793,727.643273577414,1288.2896353715869
119.0,2017.1595940019783,898.9624168759897,1248.67672692144
119.0,2100.853342220567,833.0532804132323,1268.0542309093512
119.0,1980.4304124508756,880.4075344747669,1257.993917183505
119.0,1927.302876310063,865.9151740372533,1263.8498072486886
119.0,1491.7640596066462,134241.68306398354,1098.6501435699188
119.0,1920.5038851558727,2589.0632511093445,1269.9525442028935
119.0,1956.199464099914,938.0615743399612,1259.8490583374637
119.0,1935.8847543606985,894.4288511256229,1260.3040727013406
119.0,2036.2147353874304,778.7153835980224,1270.115237867409
119.0,1994.168161315074,856.0096549025466,1270.023350327912
119.0,2033.24675045773,870.7534866966661,1256.9897506213117
119.0,2111.679832925721,799.2386243574374,1266.6001551526629
119.0,2032.0744576821776,856.973878263578,1263.5345345348505
119.0,1899.2614126369103,2988.375221222579,1266.3796295137051
119.0,1959.771786423717,703.6934817639752,1278.254123174679
119.0,2029.790529790952,821.6361305473497,1272.2198235570481
119.0,1989.649257278178,864.4764442729235,1273.2573825972145
119.0,1884.6359048548888,604.3245344818864,1279.99403417195
119.0,1902.5118871896602,560.1917576393827,1310.995481989156
119.0,1692.3562074118674,22470.012779724897,1225.7174919215424
120.0,1304.8080284039,90770.13936377788,1165.584515468925
120.0,2024.7637067336543,872.2412811594091,1262.740790349709
120.0,1884.6646602334158,4853.849577607349,1234.2901245236606
120.0,1879.8475015227793,727.643273577414,1288.2896353715869
120.0,2017.1595940019783,898.9624168759897,1248.67672692144
120.0,2032.0744576821776,856.973878263578,1263.5345345348505
120.0,1863.43367611648,1149.4141567469883,1245.5347999207775
120.0,1881.4791401356035,2051.412326430255,1236.7604122927162
120.0,1491.7640596066462,134241.68306398354,1098.6501435699188
120.0,1994.168161315074,856.0096549025466,1270.023350327912
120.0,1883.057867467678,912.084495060881,1258.2108870455068
120.0,1884.6359048548888,604.3245344818864,1279.99403417195
120.0,2075.943519734531,836.5343367533668,1269.464077317915
120.0,2036.2147353874304,778.7153835980224,1270.115237867409
120.0,2008.1225348316475,773.5127748951525,1277.8689137270517
120.0,2033.24675045773,870.7534866966661,1256.9897506213117
120.0,1979.937399706753,881.8466178080903,1276.003502104165
120.0,2119.0405238833155,789.2646608509502,1265.0046059370288
120.0,1989.649257278178,864.4764442729235,1273.2573825972145
120.0,2016.3755799167832,884.3205489591865,1262.8703524505759
120.0,1935.8847543606985,894.4288511256229,1260.3040727013406
120.0,2029.790529790952,821.6361305473497,1272.2198235570481
120.0,1902.5118871896602,560.1917576393827,1310.995481989156
120.0,1692.3562074118674,22470.012779724897,1225.7174919215424
121.0,1304.8080284039,90770.13936377788,1165.584515468925
121.0,2024.7637067336543,872.2412811594091,1262.740790349709
121.0,1973.9638637331702,2262.7381164689004,1251.228364085907
121.0,1879.8475015227793,727.643273577414,1288.2896353715869
121.0,2017.1595940019783,898.9624168759897,1248.67672692144
121.0,2032.0744576821776,856.973878263578,1263.5345345348505
121.0,1884.6646602334158,4853.849577607349,1234.2901245236606
121.0,1975.8218481974004,2376.231474180272,1243.463289202689
121.0,2012.7738705581085,653.772777080692,1289.3173919052322
121.0,1981.4396788498811,682.9452524964894,1286.9432897602796
121.0,2070.53945380768,740.9293343025389,1282.3299166145132
121.0,1921.9840642022295,804.0375150034581,1286.4385855435437
121.0,1917.9397199907953,616.4879323308113,1292.4305507182653
121.0,1930.3713523657648,703.8274614238428,1292.3471717924729
121.0,2008.1225348316475,773.5127748951525,1277.8689137270517
121.0,2033.24675045773,870.7534866966661,1256.9897506213117
121.0,2013.300963788514,750.5524195093681,1281.4066185502481
121.0,2119.0405238833155,789.2646608509502,1265.0046059370288
121.0,1994.168161315074,856.0096549025466,1270.023350327912
121.0,2016.3755799167832,884.3205489591865,1262.8703524505759
121.0,1883.057867467678,912.084495060881,1258.2108870455068
121.0,1935.8847543606985,894.4288511256229,1260.3040727013406
121.0,2015.3628958315687,814.9231983867462,1267.9897528790818
121.0,2002.9712477264745,830.352310191707,1275.5703462676315
121.0,1932.8919733572716,838.8138138712243,1282.879440518204
121.0,1983.844308296317,861.7982076734409,1267.3687204254036
121.0,2036.2147353874304,778.7153835980224,1270.115237867409
121.0,1491.7640596066462,134241.68306398354,1098.6501435699188
121.0,1902.5118871896602,560.1917576393827,1310.995481989156
121.0,1673.0602828055166,35064.73173290224,1219.41572233317
122.0,1304.8080284039,90770.13936377788,1165.584515468925
122.0,2012.736110321536,2611.5264077963607,1240.2740476384035
122.0,1973.9638637331702,2262.7381164689004,1251.228364085907
122.0,2017.1595940019783,898.9624168759897,1248.67672692144
122.0,1983.844308296317,861.7982076734409,1267.3687204254036
122.0,1884.6646602334158,4853.849577607349,1234.2901245236606
122.0,1851.4032819039737,2843.2079830860853,1281.1488548331693
122.0,2036.2147353874304,778.7153835980224,1270.115237867409
122.0,2016.3755799167832,884.3205489591865,1262.8703524505759
122.0,1986.1647053598783,937.0497265693134,1255.4471900615847
122.0,1935.8847543606985,894.4288511256229,1260.3040727013406
122.0,1889.5667265948255,606.9964854560927,1281.2844505394714
122.0,2002.9712477264745,830.352310191707,1275.5703462676315
122.0,2015.3628958315687,814.9231983867462,1267.9897528790818
122.0,1883.057867467678,912.084495060881,1258.2108870455068
122.0,2033.24675045773,870.7534866966661,1256.9897506213117
122.0,2032.0744576821776,856.973878263578,1263.5345345348505
122.0,2125.8339813585812,789.5435303307596,1265.2391953989888
122.0,1994.168161315074,856.0096549025466,1270.023350327912
122.0,1860.7091997832488,2475.281147210541,1256.163186811885
122.0,1902.5118871896602,560.1917576393827,1310.995481989156
122.0,1575.3920523475804,45144.951219594135,1197.3850054150075
123.0,1304.8080284039,90770.13936377788,1165.584515468925
123.0,1926.7687436755089,8608.996356563905,1240.1820054492146
123.0,1973.9638637331702,2262.7381164689004,1251.228364085907
123.0,2187.8682687840856,5377.550462732648,1246.8746799663386
123.0,2017.1595940019783,898.9624168759897,1248.67672692144
123.0,1899.2614126369103,2988.375221222579,1266.3796295137051
123.0,1947.2211024724454,6787.721123799508,1219.5161918709462
123.0,1929.2898414532492,2946.274510839027,1260.5078440298998
123.0,1851.4032819039737,2843.2079830860853,1281.1488548331693
123.0,2036.2147353874304,778.7153835980224,1270.115237867409
123.0,1986.1647053598783,937.0497265693134,1255.4471900615847
123.0,2002.9712477264745,830.352310191707,1275.5703462676315
123.0,1935.8847543606985,894.4288511256229,1260.3040727013406
123.0,2015.3628958315687,814.9231983867462,1267.9897528790818
123.0,1877.4732076355297,6638.571509730057,1252.0656705455074
123.0,2065.7095088319497,875.4137654750887,1257.9256965668164
123.0,1969.3839977633013,549.1381421284985,1331.6938526131084
123.0,2008.0177359603942,839.9541846280567,1264.9225606784214
123.0,1994.168161315074,856.0096549025466,1270.023350327912
123.0,1941.5364294531619,884.3980759926897,1266.6641233229523
123.0,1889.5667265948255,606.9964854560927,1281.2844505394714
123.0,2032.0744576821776,856.973878263578,1263.5345345348505
123.0,1902.5118871896602,560.1917576393827,1310.995481989156
123.0,1575.3920523475804,45144.951219594135,1197.3850054150075
124.0,1304.8080284039,90770.13936377788,1165.584515468925
124.0,2048.288021211408,813.8839582622693,1268.861955401831
124.0,2008.0177359603942,839.9541846280567,1264.9225606784214
124.0,2004.7436218031257,578.5001407845349,1316.6647782441844
124.0,1707.021437449674,862.3644765297388,1223.5734291342353
124.0,1997.1528487563933,781.2664616789095,1269.208350704991
124.0,1947.2211024724454,6787.721123799508,1219.5161918709462
124.0,1994.168161315074,856.0096549025466,1270.023350327912
124.0,1889.5667265948255,606.9964854560927,1281.2844505394714
124.0,2032.0744576821776,856.973878263578,1263.5345345348505
124.0,1914.809461513571,583.9716962998316,1318.6817535585108
124.0,1575.3920523475804,45144.951219594135,1197.3850054150075
125.0,1304.8080284039,90770.13936377788,1165.584515468925
125.0,2048.288021211408,813.8839582622693,1268.861955401831
125.0,1947.2211024724454,6787.721123799508,1219.5161918709462
125.0,2004.7436218031257,578.5001407845349,1316.6647782441844
125.0,1707.021437449674,862.3644765297388,1223.5734291342353
125.0,2008.0177359603942,839.9541846280567,1264.9225606784214
125.0,2002.7294606561652,773.5035976467921,1279.4258956690421
125.0,2087.7804654387314,811.2501653805393,1277.5191703487233
125.0,1889.5667265948255,606.9964854560927,1281.2844505394714
125.0,2008.5736191946878,856.7376487885672,1258.0036007909187
125.0,1914.809461513571,583.9716962998316,1318.6817535585108
125.0,1575.3920523475804,45144.951219594135,1197.3850054150075
126.0,1304.8080284039,90770.13936377788,1165.584515468925
126.0,1734.872555550303,10394.753653217645,1237.408884308992
126.0,1985.9884379920074,891.7935689541322,1269.2359977086153
126.0,1948.3000999580534,895.1060775155998,1263.00578384066
126.0,2017.1595940019783,898.9624168759897,1248.67672692144
126.0,1891.280023842417,2138.083563614745,1250.242916974026
126.0,1905.063449009314,6309.865932423649,1237.500838039664
126.0,1838.5955348956425,921.6433906556841,1273.9655064119536
126.0,1882.475051203284,10233.058011204197,1235.5997729821713
126.0,2003.7411989814548,930.2944645328973,1242.963641681946
126.0,1834.8920753853404,6109.277995631073,1250.6196019281715
126.0,1957.4896959142964,1809.6616221029692,1261.6135525237628
126.0,2002.7294606561652,773.5035976467921,1279.4258956690421
126.0,1889.5667265948255,606.9964854560927,1281.2844505394714
126.0,2008.7717083869497,793.0429073744605,1278.4933230809706
126.0,1942.3543340326905,877.9669858165597,1269.310985700851
126.0,2004.7436218031257,578.5001407845349,1316.6647782441844
126.0,2087.7804654387314,811.2501653805393,1277.5191703487233
126.0,1912.3814929809762,695.5603326448419,1281.0924417679296
126.0,2008.0177359603942,839.9541846280567,1264.9225606784214
126.0,2008.5736191946878,856.7376487885672,1258.0036007909187
126.0,1909.6191698305274,584.7746291769066,1317.960331454626
126.0,1575.3920523475804,45144.951219594135,1197.3850054150075
127.0,1304.8080284039,90770.13936377788,1165.584515468925
127.0,1734.872555550303,10394.753653217645,1237.408884308992
127.0,1843.3391606464359,982.7161003376715,1276.4240465234584
127.0,2072.0744354158023,860.9710743078392,1263.9336223455762
127.0,1891.280023842417,2138.083563614745,1250.242916974026
127.0,1905.063449009314,6309.865932423649,1237.500838039664
127.0,1946.2782541034,884.3615495777631,1227.3860327479374
127.0,1882.475051203284,10233.058011204197,1235.5997729821713
127.0,2008.0177359603942,839.9541846280567,1264.9225606784214
127.0,1834.8920753853404,6109.277995631073,1250.6196019281715
127.0,2073.647755397571,868.074998060844,1261.256817938269
127.0,2002.7294606561652,773.5035976467921,1279.4258956690421
127.0,1912.3814929809762,695.5603326448419,1281.0924417679296
127.0,1945.5008886451994,893.436784835621,1262.4660339172444
127.0,2008.7717083869497,793.0429073744605,1278.4933230809706
127.0,1942.3543340326905,877.9669858165597,1269.310985700851
127.0,2018.8526955836808,827.720735843547,1276.2668490640015
127.0,1889.5667265948255,606.9964854560927,1281.2844505394714
127.0,1909.6191698305274,584.7746291769066,1317.960331454626
127.0,1575.3920523475804,45144.951219594135,1197.3850054150075
128.0,1304.8080284039,90770.13936377788,1165.584515468925
128.0,1734.872555550303,10394.753653217645,1237.408884308992
128.0,2018.8526955836808,827.720735843547,1276.2668490640015
128.0,1889.5667265948255,606.9964854560927,1281.2844505394714
128.0,1842.765824526255,968.7320774024829,1277.0881451750045
128.0,1946.2782541034,884.3615495777631,1227.3860327479374
128.0,1901.7090091765956,5633.3917755656175,1260.778862684811
128.0,1853.6859015039736,10708.713367207632,1231.7504748655538
128.0,1905.063449009314,6309.865932423649,1237.500838039664
128.0,1912.3814929809762,695.5603326448419,1281.0924417679296
128.0,1944.1048899610541,1674.8907836681087,1262.7340545145125
128.0,1882.475051203284,10233.058011204197,1235.5997729821713
128.0,1834.8920753853404,6109.277995631073,1250.6196019281715
128.0,1942.3543340326905,877.9669858165597,1269.310985700851
128.0,2008.0177359603942,839.9541846280567,1264.9225606784214
128.0,2002.7294606561652,773.5035976467921,1279.4258956690421
128.0,1864.3215009484948,4161.270312131168,1272.546788541476
128.0,1945.5008886451994,893.436784835621,1262.4660339172444
128.0,1973.8543124941705,860.7999401477173,1256.833537200078
128.0,1909.6191698305274,584.7746291769066,1317.960331454626
128.0,1575.3920523475804,45144.951219594135,1197.3850054150075
129.0,1304.8080284039,90770.13936377788,1165.584515468925
129.0,1734.872555550303,10394.753653217645,1237.408884308992
129.0,2018.8526955836808,827.720735843547,1276.2668490640015
129.0,2190.217852241481,782.7951462090675,1258.530706381394
129.0,2028.5674275890724,905.0813214712992,1252.4571899704665
129.0,1909.990746616407,930.6134865185244,1270.5016310385638
129.0,2023.3595597969138,681.7356935178602,1280.6747236166182
129.0,1853.6859015039736,10708.713367207632,1231.7504748655538
129.0,1905.063449009314,6309.865932423649,1237.500838039664
129.0,2052.93329842233,839.7518814153458,1256.9244470384197
129.0,1931.4588792413701,2400.974511671777,1267.4758146657218
129.0,1955.5118969128855,901.4504145227706,1260.5313586357518
129.0,1834.8920753853404,6109.277995631073,1250.6196019281715
129.0,1944.1048899610541,1674.8907836681087,1262.7340545145125
129.0,2003.7411989814548,930.2944645328973,1242.963641681946
129.0,1889.5667265948255,606.9964854560927,1281.2844505394714
129.0,1899.8187680337335,5366.284484151497,1254.5747912184008
129.0,1970.366099541329,870.9838252163473,1270.4707688790036
129.0,2099.6153699023985,799.8449124605,1265.4090100160001
129.0,1944.8247873127086,695.4518247140211,1279.307655192983
129.0,1973.8543124941705,860.7999401477173,1256.833537200078
129.0,1909.6191698305274,584.7746291769066,1317.960331454626
129.0,1578.0855805513652,59201.055018098894,1163.7814570581095
130.0,1304.8080284039,90770.13936377788,1165.584515468925
130.0,1734.872555550303,10394.753653217645,1237.408884308992
130.0,2003.7411989814548,930.2944645328973,1242.963641681946
130.0,2025.8823681542717,859.426128751614,1271.1841548071068
130.0,2028.5674275890724,905.0813214712992,1252.4571899704665
130.0,1909.990746616407,930.6134865185244,1270.5016310385638
130.0,1944.8247873127086,695.4518247140211,1279.307655192983
130.0,1863.0580568683056,15903.873994863434,1221.3176710383082
130.0,1808.0013881466916,23847.843676633078,1235.1537001402774
130.0,2041.198583123561,846.0976032547042,1261.7038842372294
130.0,1889.5667265948255,606.9964854560927,1281.2844505394714
130.0,1834.8920753853404,6109.277995631073,1250.6196019281715
130.0,2026.6046210874695,770.0888603047702,1275.5380922435927
130.0,1990.2854460377587,832.3998363881205,1273.6385691448286
130.0,1899.8187680337335,5366.284484151497,1254.5747912184008
130.0,2018.8526955836808,827.720735843547,1276.2668490640015
130.0,2077.936483258135,821.2061273236084,1268.2682947501032
130.0,1926.5895094194655,1527.2845168156764,1252.7145852099081
130.0,1973.8543124941705,860.7999401477173,1256.833537200078
130.0,1895.701087228689,552.4433629906325,1310.4702857927427
130.0,1578.0855805513652,59201.055018098894,1163.7814570581095
131.0,1304.8080284039,90770.13936377788,1165.584515468925
131.0,2003.7411989814548,930.2944645328973,1242.963641681946
131.0,1854.5432656257217,8928.753362982714,1254.264445988578
131.0,2028.5674275890724,905.0813214712992,1252.4571899704665
131.0,1883.4083096794702,6861.515200297616,1257.2471426253685
131.0,1944.8247873127086,695.4518247140211,1279.307655192983
131.0,1865.6404641340682,7398.003737582296,1251.5113191895036
131.0,1808.0013881466916,23847.843676633078,1235.1537001402774
131.0,1909.990746616407,930.6134865185244,1270.5016310385638
131.0,1847.687901695737,17526.33301058574,1256.5556082867924
131.0,1825.4083083764413,17372.775521837826,1267.9647400016124
131.0,2041.198583123561,846.0976032547042,1261.7038842372294
131.0,1981.6861310490633,907.3429082066638,1278.9901885173422
131.0,1913.2419734715868,16034.632513999943,1244.7633892168315
131.0,2026.6046210874695,770.0888603047702,1275.5380922435927
131.0,1876.0742304692035,600.8950268436305,1280.6344195201796
131.0,1899.8187680337335,5366.284484151497,1254.5747912184008
131.0,1988.3325889781552,894.090586841531,1257.878230862943
131.0,2077.936483258135,821.2061273236084,1268.2682947501032
131.0,1926.5895094194655,1527.2845168156764,1252.7145852099081
131.0,1990.2854460377587,832.3998363881205,1273.6385691448286
131.0,2018.8526955836808,827.720735843547,1276.2668490640015
131.0,1981.7495749159289,868.7867915248105,1260.6733385581465
131.0,1895.701087228689,552.4433629906325,1310.4702857927427
131.0,1547.111517107405,46197.00756227401,1185.9413090733647
132.0,1304.8080284039,90770.13936377788,1165.584515468925
132.0,2003.7411989814548,930.2944645328973,1242.963641681946
132.0,2011.0135928741468,823.2572736191469,1275.6190522261388
132.0,1535.8500603113107,17123.282854601675,1209.350787375428
132.0,2041.1272168296214,899.9088229872024,1256.2122436977038
132.0,2106.491362113692,772.6606419070525,1279.1901747771863
132.0,1820.1519393736694,16242.038634239027,1249.649325385154
132.0,1909.990746616407,930.6134865185244,1270.5016310385638
132.0,1981.6861310490633,907.3429082066638,1278.9901885173422
132.0,1913.2419734715868,16034.632513999943,1244.7633892168315
132.0,1876.0742304692035,600.8950268436305,1280.6344195201796
132.0,2013.2888563477097,774.1301885014167,1270.1609449028783
132.0,1915.911808638394,6224.600350584018,1257.0978341616644
132.0,1914.1969017278411,7857.460297381179,1252.8406987868054
132.0,2044.0419740031691,882.0425454688398,1260.569786146722
132.0,2077.936483258135,821.2061273236084,1268.2682947501032
132.0,1858.520165294199,1402.2581020369698,1259.604760112002
132.0,1987.2836936927727,845.0203792455216,1272.7820996713383
132.0,1948.5802758084062,913.562953174305,1264.1208962852338
132.0,2036.060981285591,860.409149698612,1267.55106395312
132.0,1944.8247873127086,695.4518247140211,1279.307655192983
132.0,1988.3325889781552,894.090586841531,1257.878230862943
132.0,1981.7495749159289,868.7867915248105,1260.6733385581465
132.0,1895.701087228689,552.4433629906325,1310.4702857927427
132.0,1471.4601904559863,50037.90824751335,1186.5542344930702
133.0,1304.8080284039,90770.13936377788,1165.584515468925
133.0,1949.9517984319039,908.6361278358072,1279.7940769593795
133.0,2011.0135928741468,823.2572736191469,1275.6190522261388
133.0,1535.8500603113107,17123.282854601675,1209.350787375428
133.0,2041.1272168296214,899.9088229872024,1256.2122436977038
133.0,1948.4688013745404,676.9438592048922,1288.7456247669418
133.0,1727.901360995521,15350.301761856575,1232.4380162295688
133.0,2083.3672668769664,802.7034087051604,1280.0097701084744
133.0,2012.8587576902833,614.4229442997341,1299.3420812372572
133.0,2028.8560458385057,890.1151486162095,1259.644203297575
133.0,1942.0277190249244,787.7763870410265,1284.235398593209
133.0,1954.8773223565427,4735.617384589315,1251.0759518608402
133.0,2003.5518844144776,868.5387093446698,1263.8763988107683
133.0,2077.936483258135,821.2061273236084,1268.2682947501032
133.0,1858.520165294199,1402.2581020369698,1259.604760112002
133.0,1999.7692146790007,877.2587797700136,1273.029129126378
133.0,1948.5802758084062,913.562953174305,1264.1208962852338
133.0,2003.7411989814548,930.2944645328973,1242.963641681946
133.0,1915.674996002844,675.6274121004647,1292.465841817522
133.0,1961.8415734560467,852.5130358010539,1283.1930904304197
133.0,1988.3325889781552,894.090586841531,1257.878230862943
133.0,1994.5980635443098,677.1168654428982,1286.7430160388287
133.0,2044.692812518943,875.6777950870047,1262.23641852548
133.0,2051.2651933637585,864.6890668667369,1267.418450255867
133.0,1977.2413754209574,838.1828500953801,1273.322356830547
133.0,2030.4334355465173,826.0404929974474,1271.1799896329187
133.0,1909.990746616407,930.6134865185244,1270.5016310385638
133.0,2088.7761178282926,772.3781844338766,1279.3133271276884
133.0,1930.566188000086,633.1264511328122,1299.4166619180019
133.0,1907.069701430484,548.0518743013882,1317.3214499453704
133.0,1471.4601904559863,50037.90824751335,1186.5542344930702
134.0,1304.8080284039,90770.13936377788,1165.584515468925
134.0,1949.9517984319039,908.6361278358072,1279.7940769593795
134.0,2022.1661089992763,2286.257181796697,1255.6025779226145
134.0,1535.8500603113107,17123.282854601675,1209.350787375428
134.0,2041.1272168296214,899.9088229872024,1256.2122436977038
134.0,1948.4688013745404,676.9438592048922,1288.7456247669418
134.0,1727.901360995521,15350.301761856575,1232.4380162295688
134.0,1909.990746616407,930.6134865185244,1270.5016310385638
134.0,1971.1433576772076,835.2884882399524,1273.3705350481507
134.0,1999.1685601779197,8246.077311345462,1246.4258667116387
134.0,1942.0277190249244,787.7763870410265,1284.235398593209
134.0,1748.135859734449,16081.878728908621,1227.076123071819
134.0,2028.8560458385057,890.1151486162095,1259.644203297575
134.0,1926.6751856901135,8024.692754001136,1247.0063500090107
134.0,2003.5518844144776,868.5387093446698,1263.8763988107683
134.0,1994.5980635443098,677.1168654428982,1286.7430160388287
134.0,1858.520165294199,1402.2581020369698,1259.604760112002
134.0,1999.7692146790007,877.2587797700136,1273.029129126378
134.0,1948.5802758084062,913.562953174305,1264.1208962852338
134.0,2019.293566618152,603.3507045666577,1302.607420879387
134.0,2044.692812518943,875.6777950870047,1262.23641852548
134.0,2033.8218169207144,946.2385540151415,1252.131354294764
134.0,1902.9702425780588,673.8977795169207,1295.967809161479
134.0,1961.8415734560467,852.5130358010539,1283.1930904304197
134.0,1979.019868270549,892.5317394960429,1260.87837105146
134.0,2007.312574765815,812.7357584783929,1265.4976577122025
134.0,2064.341296279542,766.8111450127022,1277.8835308269513
134.0,1921.8526088050353,625.1374852867976,1298.0349797415226
134.0,1907.069701430484,548.0518743013882,1317.3214499453704
134.0,1471.4601904559863,50037.90824751335,1186.5542344930702
135.0,1304.8080284039,90770.13936377788,1165.584515468925
135.0,1535.8500603113107,17123.282854601675,1209.350787375428
135.0,2022.1661089992763,2286.257181796697,1255.6025779226145
135.0,1817.3684761579598,10887.429322226508,1246.501964139222
135.0,1727.901360995521,15350.301761856575,1232.4380162295688
135.0,1999.1685601779197,8246.077311345462,1246.4258667116387
135.0,1866.3591384812175,1384.9875327567781,1271.678704095588
135.0,1994.5980635443098,677.1168654428982,1286.7430160388287
135.0,1942.0277190249244,787.7763870410265,1284.235398593209
135.0,1712.2940300205603,15519.926091336554,1223.8663934494448
135.0,2028.8560458385057,890.1151486162095,1259.644203297575
135.0,1926.6751856901135,8024.692754001136,1247.0063500090107
135.0,2003.5518844144776,868.5387093446698,1263.8763988107683
135.0,2074.7523579322938,830.8469876753046,1271.2303745647544
135.0,1957.583457970623,812.4455232906341,1272.1728286897337
135.0,1858.520165294199,1402.2581020369698,1259.604760112002
135.0,1979.019868270549,892.5317394960429,1260.87837105146
135.0,1948.5802758084062,913.562953174305,1264.1208962852338
135.0,2044.692812518943,875.6777950870047,1262.23641852548
135.0,2023.048690417901,851.240447855291,1266.066732805891
135.0,2033.8218169207144,946.2385540151415,1252.131354294764
135.0,1902.9702425780588,673.8977795169207,1295.967809161479
135.0,1998.0740766845993,867.41594945318,1267.5376754540412
135.0,1947.7333000082162,814.9670899908276,1272.1727331378806
135.0,2064.341296279542,766.8111450127022,1277.8835308269513
135.0,1921.8526088050353,625.1374852867976,1298.0349797415226
135.0,1988.2942156913693,837.9322134332178,1267.7835887900376
135.0,1912.765275148711,547.2769658535424,1311.6324640535424
136.0,1304.8080284039,90770.13936377788,1165.584515468925
136.0,1535.8500603113107,17123.282854601675,1209.350787375428
136.0,2023.048690417901,851.240447855291,1266.066732805891
136.0,1817.3684761579598,10887.429322226508,1246.501964139222
136.0,1800.79644087865,15148.391044282002,1260.1737486447544
136.0,1999.1685601779197,8246.077311345462,1246.4258667116387
136.0,1840.1235113819823,1363.2145646113913,1265.923687107956
136.0,2044.692812518943,875.6777950870047,1262.23641852548
136.0,1942.0277190249244,787.7763870410265,1284.235398593209
136.0,1712.2940300205603,15519.926091336554,1223.8663934494448
136.0,1998.0740766845993,867.41594945318,1267.5376754540412
136.0,1926.6751856901135,8024.692754001136,1247.0063500090107
136.0,2003.5518844144776,868.5387093446698,1263.8763988107683
136.0,2059.0565924414177,821.6162454512627,1267.866016779157
136.0,1979.019868270549,892.5317394960429,1260.87837105146
136.0,1947.7333000082162,814.9670899908276,1272.1727331378806
136.0,1948.0795897064104,904.3505059758093,1270.311411746942
136.0,2022.1308041930029,911.7931917293826,1249.5331003570234
136.0,1890.191263069523,663.1753467360276,1289.6777991967965
136.0,1957.583457970623,812.4455232906341,1272.1728286897337
136.0,2064.341296279542,766.8111450127022,1277.8835308269513
136.0,1921.8526088050353,625.1374852867976,1298.0349797415226
136.0,2016.6536884705822,845.9026206331974,1270.6495423386484
136.0,1912.765275148711,547.2769658535424,1311.6324640535424
137.0,1304.8080284039,90770.13936377788,1165.584515468925
137.0,1911.6779205506848,10829.13602833172,1253.4550324711245
137.0,2023.048690417901,851.240447855291,1266.066732805891
137.0,1535.8500603113107,17123.282854601675,1209.350787375428
137.0,1817.3684761579598,10887.429322226508,1246.501964139222
137.0,1800.79644087865,15148.391044282002,1260.1737486447544
137.0,1884.5885611484432,810.9451325566805,1278.2360069896768
137.0,1942.0277190249244,787.7763870410265,1284.235398593209
137.0,1712.2940300205603,15519.926091336554,1223.8663934494448
137.0,2040.8995566995757,880.2866349819903,1257.872767015004
137.0,1926.6751856901135,8024.692754001136,1247.0063500090107
137.0,2003.5518844144776,868.5387093446698,1263.8763988107683
137.0,2059.0565924414177,821.6162454512627,1267.866016779157
137.0,1837.9521995718708,1466.2229919007927,1258.2589013293855
137.0,1913.3618878492946,891.918872172847,1270.7428207870755
137.0,1948.0795897064104,904.3505059758093,1270.311411746942
137.0,2022.1308041930029,911.7931917293826,1249.5331003570234
137.0,2064.341296279542,766.8111450127022,1277.8835308269513
137.0,1998.0740766845993,867.41594945318,1267.5376754540412
137.0,1979.019868270549,892.5317394960429,1260.87837105146
137.0,1947.7333000082162,814.9670899908276,1272.1727331378806
137.0,1874.1936835986573,1275.3291483715109,1269.7389493138794
137.0,1865.00956521289,623.7521828012789,1286.608442580499
137.0,2016.6536884705822,845.9026206331974,1270.6495423386484
137.0,1935.3329540168088,545.3036488927369,1311.8352758039614
138.0,1304.8080284039,90770.13936377788,1165.584515468925
138.0,2013.2662876114912,845.4243888129895,1268.7648779395486
138.0,1535.8500603113107,17123.282854601675,1209.350787375428
138.0,1817.3684761579598,10887.429322226508,1246.501964139222
138.0,1782.659201946006,12875.709488636903,1236.5704241510766
138.0,2029.6078284867713,819.9156875984671,1273.962339807006
138.0,2015.5438811541853,800.7051434664338,1276.0302617225325
138.0,1942.0277190249244,787.7763870410265,1284.235398593209
138.0,1712.2940300205603,15519.926091336554,1223.8663934494448
138.0,1926.6751856901135,8024.692754001136,1247.0063500090107
138.0,2003.5518844144776,868.5387093446698,1263.8763988107683
138.0,2059.0565924414177,821.6162454512627,1267.866016779157
138.0,1843.5128496253724,1392.2434771362848,1257.0223507392902
138.0,1913.3618878492946,891.918872172847,1270.7428207870755
138.0,1948.0795897064104,904.3505059758093,1270.311411746942
138.0,1990.4400330957142,907.3499368897806,1242.32354220434
138.0,2039.5751939747379,766.0397487377988,1272.4960488305057
138.0,2043.2796389461844,861.0692768108845,1264.563431604131
138.0,1979.019868270549,892.5317394960429,1260.87837105146
138.0,1998.0740766845993,867.41594945318,1267.5376754540412
138.0,1856.8138654447814,813.482147394038,1281.0854454007049
138.0,1926.4321753014,806.7544896656559,1274.0640029112992
138.0,1874.1936835986573,1275.3291483715109,1269.7389493138794
138.0,1865.00956521289,623.7521828012789,1286.608442580499
138.0,1952.1100750161938,606.9666059448604,1314.1722024410492
139.0,1304.8080284039,90770.13936377788,1165.584515468925
139.0,1704.639754929579,23163.06186042662,1237.5975392566972
139.0,2013.2662876114912,845.4243888129895,1268.7648779395486
139.0,1941.8606159985275,4011.452200887025,1249.528820889253
139.0,1817.3684761579598,10887.429322226508,1246.501964139222
139.0,1898.0808259241035,815.1771049170793,1283.023267378832
139.0,2015.5438811541853,800.7051434664338,1276.0302617225325
139.0,1874.1936835986573,1275.3291483715109,1269.7389493138794
139.0,1782.659201946006,12875.709488636903,1236.5704241510766
139.0,1712.2940300205603,15519.926091336554,1223.8663934494448
139.0,1705.3554671284878,19670.17559777582,1245.8586142045
139.0,1909.6605636274267,10572.184615363396,1244.2539379295863
139.0,2003.5518844144776,868.5387093446698,1263.8763988107683
139.0,2059.0565924414177,821.6162454512627,1267.866016779157
139.0,1972.4630725065285,909.0953258675338,1261.340358240642
139.0,1843.5128496253724,1392.2434771362848,1257.0223507392902
139.0,1948.0795897064104,904.3505059758093,1270.311411746942
139.0,1948.9831576254685,813.236174637204,1272.8536854078445
139.0,1990.4400330957142,907.3499368897806,1242.32354220434
139.0,2043.2796389461844,861.0692768108845,1264.563431604131
139.0,1979.019868270549,892.5317394960429,1260.87837105146
139.0,1998.0740766845993,867.41594945318,1267.5376754540412
139.0,1865.00956521289,623.7521828012789,1286.608442580499
139.0,1942.6596275594911,602.126011764839,1320.2196630435324
139.0,1593.1376094461891,41610.297884402025,1209.1423674893206
140.0,1304.8080284039,90770.13936377788,1165.584515468925
140.0,1964.069756563848,31853.299513762417,1219.7190826630722
140.0,2013.2662876114912,845.4243888129895,1268.7648779395486
140.0,2015.5438811541853,800.7051434664338,1276.0302617225325
140.0,1817.3684761579598,10887.429322226508,1246.501964139222
140.0,1862.6026164161399,23122.082522779045,1231.822104999846
140.0,1703.0156740961575,33075.10339372593,1234.5259553597639
140.0,1782.659201946006,12875.709488636903,1236.5704241510766
140.0,1990.4400330957142,907.3499368897806,1242.32354220434
140.0,1703.6771817788626,17280.47490772947,1235.9134264538657
140.0,1909.6605636274267,10572.184615363396,1244.2539379295863
140.0,2041.4296625260722,860.1293091695179,1265.6870830668956
140.0,1972.4630725065285,909.0953258675338,1261.340358240642
140.0,1843.5128496253724,1392.2434771362848,1257.0223507392902
140.0,1948.0795897064104,904.3505059758093,1270.311411746942
140.0,1979.0496195325763,644.4036868531066,1285.5149181433624
140.0,1898.0808259241035,815.1771049170793,1283.023267378832
140.0,1979.019868270549,892.5317394960429,1260.87837105146
140.0,2020.6168161210446,752.3158575847975,1267.5239040444897
140.0,1948.9831576254685,813.236174637204,1272.8536854078445
140.0,1874.1936835986573,1275.3291483715109,1269.7389493138794
140.0,1907.046915939598,631.7267461363218,1298.4910151607291
140.0,1874.0601073030818,610.6050093386897,1309.2822942955256
140.0,1592.3634612764804,40967.11655328803,1205.6366423902991
141.0,1304.8080284039,90770.13936377788,1165.584515468925
141.0,1991.499260860096,1067.529803067355,1254.1964561771006
141.0,2039.2759673245603,859.2158823431859,1264.830530496399
141.0,1755.7329796241042,10576.828800716163,1248.375458077337
141.0,1577.563698478236,26761.64408562968,1218.2377110831296
141.0,1782.659201946006,12875.709488636903,1236.5704241510766
141.0,1703.6771817788626,17280.47490772947,1235.9134264538657
141.0,1909.6605636274267,10572.184615363396,1244.2539379295863
141.0,2059.0565924414177,821.6162454512627,1267.866016779157
141.0,1972.4630725065285,909.0953258675338,1261.340358240642
141.0,1843.5128496253724,1392.2434771362848,1257.0223507392902
141.0,1948.0795897064104,904.3505059758093,1270.311411746942
141.0,2001.9948590276206,701.6653256909815,1295.8040140414737
141.0,2013.2662876114912,845.4243888129895,1268.7648779395486
141.0,1995.2746145890653,910.9298230953606,1247.7231027710257
141.0,1979.2923332914906,737.9150859947076,1283.9380301814952
141.0,2012.2151582657489,752.0214182458828,1272.3647413366834
141.0,2004.9863495412087,890.1028584520923,1258.6340099024715
141.0,1986.6198060896336,856.1834535796507,1273.0286752101586
141.0,1875.139858267021,812.8063620122075,1274.813418855124
141.0,1874.1936835986573,1275.3291483715109,1269.7389493138794
141.0,1884.027254999902,622.6935173138473,1298.3144847191165
141.0,2014.0860008119153,726.1935012913705,1288.2596622919807
141.0,1599.2008044856223,38599.280204727074,1203.3786350670089
142.0,1304.8080284039,90770.13936377788,1165.584515468925
142.0,1817.4623368524385,9932.170536879437,1252.541897557164
142.0,1829.4356309709062,12270.363822249461,1242.885602345718
142.0,1874.7056687115464,18727.66655561063,1234.0803160622395
142.0,1577.563698478236,26761.64408562968,1218.2377110831296
142.0,1782.659201946006,12875.709488636903,1236.5704241510766
142.0,2039.2759673245603,859.2158823431859,1264.830530496399
142.0,1755.7329796241042,10576.828800716163,1248.375458077337
142.0,1703.6771817788626,17280.47490772947,1235.9134264538657
142.0,1909.6605636274267,10572.184615363396,1244.2539379295863
142.0,2059.0565924414177,821.6162454512627,1267.866016779157
142.0,1843.5128496253724,1392.2434771362848,1257.0223507392902
142.0,1963.6408253282277,885.6748794879172,1273.3375472480102
142.0,1941.770759169207,900.8565062411387,1269.9658476031034
142.0,2001.9948590276206,701.6653256909815,1295.8040140414737
142.0,1992.783874784793,846.0604429156581,1268.1592005992431
142.0,1995.2746145890653,910.9298230953606,1247.7231027710257
142.0,1913.4105821860173,722.6737373455467,1293.4904220044727
142.0,2012.2151582657489,752.0214182458828,1272.3647413366834
142.0,2014.5507414672002,883.9617479107113,1260.2487263327816
142.0,1986.6198060896336,856.1834535796507,1273.0286752101586
142.0,1875.139858267021,812.8063620122075,1274.813418855124
142.0,1874.1936835986573,1275.3291483715109,1269.7389493138794
142.0,1884.027254999902,622.6935173138473,1298.3144847191165
142.0,1985.7415310074541,733.6045723813344,1287.5440089471188
142.0,1599.2008044856223,38599.280204727074,1203.3786350670089
143.0,1304.8080284039,90770.13936377788,1165.584515468925
143.0,1817.4623368524385,9932.170536879437,1252.541897557164
143.0,1829.4356309709062,12270.363822249461,1242.885602345718
143.0,2012.2151582657489,752.0214182458828,1272.3647413366834
143.0,1577.563698478236,26761.64408562968,1218.2377110831296
143.0,1782.659201946006,12875.709488636903,1236.5704241510766
143.0,1995.2746145890653,910.9298230953606,1247.7231027710257
143.0,1701.9765325353544,20867.40545621378,1241.1476656854466
143.0,1696.211572342245,24227.650625035985,1244.4752396173049
143.0,1721.2946276578782,19294.768181934283,1226.529554717349
143.0,1703.6771817788626,17280.47490772947,1235.9134264538657
143.0,1909.6605636274267,10572.184615363396,1244.2539379295863
143.0,1913.4105821860173,722.6737373455467,1293.4904220044727
143.0,2059.0565924414177,821.6162454512627,1267.866016779157
143.0,1843.5128496253724,1392.2434771362848,1257.0223507392902
143.0,2014.5507414672002,883.9617479107113,1260.2487263327816
143.0,1884.027254999902,622.6935173138473,1298.3144847191165
143.0,2035.6814316811888,713.2486643160146,1294.7590888115199
143.0,1873.8902711286446,809.7727662407017,1270.5930093032828
143.0,1882.1502543686918,1256.4945468755873,1266.6297673878128
143.0,1920.3805629233732,864.3955123704844,1267.5567420500593
143.0,1985.7415310074541,733.6045723813344,1287.5440089471188
143.0,1599.2008044856223,38599.280204727074,1203.3786350670089
144.0,1304.8080284039,90770.13936377788,1165.584515468925
144.0,1817.4623368524385,9932.170536879437,1252.541897557164
144.0,1577.563698478236,26761.64408562968,1218.2377110831296
144.0,1728.345038758938,16210.368607485969,1235.0319939095673
144.0,1721.2946276578782,19294.768181934283,1226.529554717349
144.0,1913.4105821860173,722.6737373455467,1293.4904220044727
144.0,1662.5425773095815,16516.48355944806,1227.0410918415466
144.0,1909.6605636274267,10572.184615363396,1244.2539379295863
144.0,1878.4537161558687,13126.818584860514,1251.6661523652929
144.0,1990.4564113613783,910.3871064189552,1242.261874601303
144.0,1843.5128496253724,1392.2434771362848,1257.0223507392902
144.0,2012.2151582657489,752.0214182458828,1272.3647413366834
144.0,2014.1508833420028,883.4329108595398,1259.6908465303611
144.0,2047.475478439253,859.6127588718549,1260.8519241636905
144.0,2041.5049074685046,731.4864338273093,1283.3910042548755
144.0,1835.9048822679233,802.811346594957,1263.0841932825572
144.0,2060.3868935267287,726.7038017864295,1290.1819690757218
144.0,1884.027254999902,622.6935173138473,1298.3144847191165
144.0,2035.9888544086718,862.4934891472722,1258.0881456277098
144.0,1985.7415310074541,733.6045723813344,1287.5440089471188
144.0,1599.2008044856223,38599.280204727074,1203.3786350670089
145.0,1304.8080284039,90770.13936377788,1165.584515468925
145.0,1817.4623368524385,9932.170536879437,1252.541897557164
145.0,1662.5425773095815,16516.48355944806,1227.0410918415466
145.0,1629.806430011926,23294.9132383801,1233.4703133166508
145.0,1943.9367371531766,1373.1306200113256,1238.3083479756515
145.0,1772.789044421144,25224.780981031294,1219.5446854345137
145.0,1728.345038758938,16210.368607485969,1235.0319939095673
145.0,1913.4105821860173,722.6737373455467,1293.4904220044727
145.0,1721.2946276578782,19294.768181934283,1226.529554717349
145.0,1600.0584455586838,35458.58589782809,1210.0668243261614
145.0,1990.4564113613783,910.3871064189552,1242.261874601303
145.0,1846.0890863413247,1529.749685953814,1264.8781428879372
145.0,2012.2151582657489,752.0214182458828,1272.3647413366834
145.0,2014.1508833420028,883.4329108595398,1259.6908465303611
145.0,1872.39733827728,796.4523930334854,1259.972224041558
145.0,2007.9551426859357,719.5928209873184,1283.2872033592096
145.0,1884.027254999902,622.6935173138473,1298.3144847191165
145.0,2035.9888544086718,862.4934891472722,1258.0881456277098
145.0,2055.0633811390035,746.8501425402849,1283.0602351740772
145.0,1599.2008044856223,38599.280204727074,1203.3786350670089
146.0,1304.8080284039,90770.13936377788,1165.584515468925
146.0,1817.4623368524385,9932.170536879437,1252.541897557164
146.0,1662.5425773095815,16516.48355944806,1227.0410918415466
146.0,1634.505248275323,24472.760408204453,1244.3857332504153
146.0,1943.9367371531766,1373.1306200113256,1238.3083479756515
146.0,1997.5394692793286,10394.305945745664,1229.8020698766718
146.0,1772.789044421144,25224.780981031294,1219.5446854345137
146.0,1728.345038758938,16210.368607485969,1235.0319939095673
146.0,2047.475478439253,859.6127588718549,1260.8519241636905
146.0,1721.2946276578782,19294.768181934283,1226.529554717349
146.0,1579.6613849539372,35414.94766308371,1201.6218978208105
146.0,2014.1508833420028,883.4329108595398,1259.6908465303611
146.0,1869.485069911231,1465.2494699908693,1269.8081020484165
146.0,2012.2151582657489,752.0214182458828,1272.3647413366834
146.0,2007.9551426859357,719.5928209873184,1283.2872033592096
146.0,1906.149267285057,2086.848330805,1255.4985038948062
146.0,1990.4564113613783,910.3871064189552,1242.261874601303
146.0,1873.1021097277587,800.8417983053122,1267.0421339139968
146.0,1884.027254999902,622.6935173138473,1298.3144847191165
146.0,2035.9888544086718,862.4934891472722,1258.0881456277098
146.0,2055.0633811390035,746.8501425402849,1283.0602351740772
146.0,1788.5924073273527,14479.808285265446,1238.63498100902
147.0,1304.8080284039,90770.13936377788,1165.584515468925
147.0,1817.4623368524385,9932.170536879437,1252.541897557164
147.0,1650.4190782068958,33061.65708598164,1231.483228153745
147.0,1634.505248275323,24472.760408204453,1244.3857332504153
147.0,1943.9367371531766,1373.1306200113256,1238.3083479756515
147.0,1997.5394692793286,10394.305945745664,1229.8020698766718
147.0,1827.3393154664589,16338.043405080229,1228.2166305454346
147.0,1721.2946276578782,19294.768181934283,1226.529554717349
147.0,2099.408101708343,847.7279139679245,1263.4091784098937
147.0,1659.7399873286104,23048.467639026487,1237.9296721221197
147.0,1662.5425773095815,16516.48355944806,1227.0410918415466
147.0,1579.6613849539372,35414.94766308371,1201.6218978208105
147.0,1884.027254999902,622.6935173138473,1298.3144847191165
147.0,1869.485069911231,1465.2494699908693,1269.8081020484165
147.0,2012.2151582657489,752.0214182458828,1272.3647413366834
147.0,1965.8708154258072,889.603131898308,1257.9035775562731
147.0,1880.0928023533672,4310.968220481964,1261.5317169693394
147.0,2007.9551426859357,719.5928209873184,1283.2872033592096
147.0,1987.6423656110212,926.2986444578789,1245.1022778383497
147.0,1873.1021097277587,800.8417983053122,1267.0421339139968
147.0,2035.9888544086718,862.4934891472722,1258.0881456277098
147.0,2038.5466930560654,734.0937572700162,1280.1033485543364
148.0,1304.8080284039,90770.13936377788,1165.584515468925
148.0,1817.4623368524385,9932.170536879437,1252.541897557164
148.0,1662.5425773095815,16516.48355944806,1227.0410918415466
148.0,1808.4193749178014,14662.548110014495,1219.3328625784388
148.0,1943.9367371531766,1373.1306200113256,1238.3083479756515
148.0,1997.5394692793286,10394.305945745664,1229.8020698766718
148.0,2043.0236607402085,752.0414500826046,1277.5676624957418
148.0,1659.7399873286104,23048.467639026487,1237.9296721221197
148.0,1573.8080675367607,30258.884633390786,1202.2967639890937
148.0,1940.0411093962587,625.066940509563,1307.9737320286088
148.0,1747.3012525257168,27061.714515134903,1223.1676688663358
148.0,1837.1861371570405,913.1088858808614,1261.968636039417
148.0,2099.408101708343,847.7279139679245,1263.4091784098937
148.0,1965.8708154258072,889.603131898308,1257.9035775562731
148.0,2035.9888544086718,862.4934891472722,1258.0881456277098
148.0,2046.284392560928,853.8188809602369,1264.4112582829116
148.0,1987.6423656110212,926.2986444578789,1245.1022778383497
148.0,1940.9834584089035,690.7734586049961,1305.2837210990022
148.0,1873.1021097277587,800.8417983053122,1267.0421339139968
148.0,1880.0928023533672,4310.968220481964,1261.5317169693394
148.0,2038.5466930560654,734.0937572700162,1280.1033485543364
149.0,1304.8080284039,90770.13936377788,1165.584515468925
149.0,1883.463258807247,23118.334686476956,1213.9688378849025
149.0,1662.5425773095815,16516.48355944806,1227.0410918415466
149.0,1645.3953566095934,31003.567266815364,1201.879098969555
149.0,1943.9367371531766,1373.1306200113256,1238.3083479756515
149.0,1997.5394692793286,10394.305945745664,1229.8020698766718
149.0,1659.7399873286104,23048.467639026487,1237.9296721221197
149.0,2043.0236607402085,752.0414500826046,1277.5676624957418
149.0,1573.8080675367607,30258.884633390786,1202.2967639890937
149.0,2068.9812477374526,883.0173290204291,1264.0413894630997
149.0,1747.3012525257168,27061.714515134903,1223.1676688663358
149.0,1837.1861371570405,913.1088858808614,1261.968636039417
149.0,2099.408101708343,847.7279139679245,1263.4091784098937
149.0,2003.14744943101,939.8004375655084,1249.3289465927653
149.0,2046.284392560928,853.8188809602369,1264.4112582829116
149.0,1973.1573684389741,1299.4116198893853,1241.994421418377
149.0,1919.126010379198,735.6790945455195,1292.9980661078766
149.0,1965.8708154258072,889.603131898308,1257.9035775562731
149.0,1873.1021097277587,800.8417983053122,1267.0421339139968
149.0,1940.0411093962587,625.066940509563,1307.9737320286088
149.0,1968.7518802321447,728.5502117519497,1277.6637887053387
150.0,1304.8080284039,90770.13936377788,1165.584515468925
150.0,1883.463258807247,23118.334686476956,1213.9688378849025
150.0,1662.5425773095815,16516.48355944806,1227.0410918415466
150.0,1645.3953566095934,31003.567266815364,1201.879098969555
150.0,1943.9367371531766,1373.1306200113256,1238.3083479756515
150.0,1997.5394692793286,10394.305945745664,1229.8020698766718
150.0,2043.0236607402085,752.0414500826046,1277.5676624957418
150.0,1981.9120700780113,883.1875790854624,1256.1287161609155
150.0,1573.8080675367607,30258.884633390786,1202.2967639890937
150.0,2068.9812477374526,883.0173290204291,1264.0413894630997
150.0,1919.126010379198,735.6790945455195,1292.9980661078766
150.0,1973.1573684389741,1299.4116198893853,1241.994421418377
150.0,1837.1861371570405,913.1088858808614,1261.968636039417
150.0,2046.284392560928,853.8188809602369,1264.4112582829116
150.0,2003.14744943101,939.8004375655084,1249.3289465927653
150.0,1873.1021097277587,800.8417983053122,1267.0421339139968
150.0,1830.988972096543,1591.089088747371,1262.5912907458041
150.0,1956.7006078783722,627.8419307381005,1305.4553341219187
150.0,1968.7518802321447,728.5502117519497,1277.6637887053387
151.0,1304.8080284039,90770.13936377788,1165.584515468925
151.0,1765.8092213360178,24832.123223566698,1216.79993459548
151.0,1608.263787376396,40748.543973122665,1210.985202684339
151.0,1739.5472925909758,30402.227018442758,1208.5119761738904
151.0,1943.9367371531766,1373.1306200113256,1238.3083479756515
151.0,1997.5394692793286,10394.305945745664,1229.8020698766718
151.0,1633.252897041107,21452.35527066113,1237.8873911835765
151.0,2043.0236607402085,752.0414500826046,1277.5676624957418
151.0,1981.9120700780113,883.1875790854624,1256.1287161609155
151.0,1679.7805965670655,32722.530444786014,1206.5028433112366
151.0,1662.5425773095815,16516.48355944806,1227.0410918415466
151.0,1803.792877461922,30838.593882880537,1188.4477558687129
151.0,1919.126010379198,735.6790945455195,1292.9980661078766
151.0,1962.7669741667814,1125.5335687771053,1234.0696774703122
151.0,1837.1861371570405,913.1088858808614,1261.968636039417
151.0,2046.284392560928,853.8188809602369,1264.4112582829116
151.0,2051.4020700900423,918.3369760713389,1250.1039885455777
151.0,1890.781661361698,794.271314228965,1267.1928476714093
151.0,1956.7006078783722,627.8419307381005,1305.4553341219187
151.0,1968.7518802321447,728.5502117519497,1277.6637887053387
152.0,1304.8080284039,90770.13936377788,1165.584515468925
152.0,1855.0929440329433,19932.51381329816,1225.7120586459146
152.0,1608.263787376396,40748.543973122665,1210.985202684339
152.0,1696.835598007769,38217.38856230116,1203.469384311303
152.0,1637.5030604910123,57149.770602009725,1187.078490578305
152.0,1382.5922593427672,13740.87960038879,1225.981363849856
152.0,1825.8020054053031,818.2669631646852,1270.788700395361
152.0,1739.5472925909758,30402.227018442758,1208.5119761738904
152.0,1765.8092213360178,24832.123223566698,1216.79993459548
152.0,1803.792877461922,30838.593882880537,1188.4477558687129
152.0,1843.8199261741272,11199.192646430402,1239.6106457413819
152.0,2014.8647738324817,949.9600306076323,1249.4431249461963
152.0,1876.3550097403124,916.4316850392615,1263.5239989121146
152.0,1981.9120700780113,883.1875790854624,1256.1287161609155
152.0,1919.126010379198,735.6790945455195,1292.9980661078766
152.0,2046.284392560928,853.8188809602369,1264.4112582829116
152.0,1962.7669741667814,1125.5335687771053,1234.0696774703122
152.0,1890.781661361698,794.271314228965,1267.1928476714093
152.0,1879.2428397613805,1603.136156909769,1262.0006285774032
152.0,2061.7162830200186,648.8838367690603,1322.6647915952026
152.0,1968.7518802321447,728.5502117519497,1277.6637887053387
153.0,1304.8080284039,90770.13936377788,1165.584515468925
153.0,1855.0929440329433,19932.51381329816,1225.7120586459146
153.0,1608.263787376396,40748.543973122665,1210.985202684339
153.0,1739.5472925909758,30402.227018442758,1208.5119761738904
153.0,1637.5030604910123,57149.770602009725,1187.078490578305
153.0,1956.1797958772283,825.7951008093852,1266.9241257169003
153.0,1662.5425773095815,16516.48355944806,1227.0410918415466
153.0,1770.9565207141206,31489.390107865074,1187.9305461155625
153.0,1878.8740414304384,11433.14972310846,1240.7123543772323
153.0,2015.8595302311865,745.8075983678809,1278.6226112249012
153.0,1876.3550097403124,916.4316850392615,1263.5239989121146
153.0,1825.8020054053031,818.2669631646852,1270.788700395361
153.0,2061.711393419523,843.4053392050116,1257.535433498109
153.0,1962.7669741667814,1125.5335687771053,1234.0696774703122
153.0,1919.126010379198,735.6790945455195,1292.9980661078766
153.0,1890.781661361698,794.271314228965,1267.1928476714093
153.0,2061.7162830200186,648.8838367690603,1322.6647915952026
153.0,2055.4661155515837,1026.9496882335432,1252.940794900969
153.0,2002.370517634476,730.3441226031316,1289.404426863397
154.0,1304.8080284039,90770.13936377788,1165.584515468925
154.0,1855.0929440329433,19932.51381329816,1225.7120586459146
154.0,1608.263787376396,40748.543973122665,1210.985202684339
154.0,1790.3144155671357,69192.86747743464,1191.41746314366
154.0,1956.1797958772283,825.7951008093852,1266.9241257169003
154.0,1655.386231988778,62364.9766786967,1210.079307066117
154.0,1739.5472925909758,30402.227018442758,1208.5119761738904
154.0,1662.5425773095815,16516.48355944806,1227.0410918415466
154.0,1804.9282604958391,29898.403099827487,1200.5564971811032
154.0,1843.8199261741272,11199.192646430402,1239.6106457413819
154.0,1876.3550097403124,916.4316850392615,1263.5239989121146
154.0,2015.8595302311865,745.8075983678809,1278.6226112249012
154.0,1940.257964205174,896.7667827003395,1265.857083280383
154.0,2010.9705861667564,765.5594405400035,1292.1395004389055
154.0,1962.7669741667814,1125.5335687771053,1234.0696774703122
154.0,1919.126010379198,735.6790945455195,1292.9980661078766
154.0,1825.8020054053031,818.2669631646852,1270.788700395361
154.0,2061.711393419523,843.4053392050116,1257.535433498109
154.0,1890.781661361698,794.271314228965,1267.1928476714093
154.0,1855.2745507787286,918.0631823610436,1257.3474715020175
154.0,2061.7162830200186,648.8838367690603,1322.6647915952026
154.0,2055.4661155515837,1026.9496882335432,1252.940794900969
154.0,2014.3735646829605,744.1141366052051,1287.0649288521313
155.0,1304.8080284039,90770.13936377788,1165.584515468925
155.0,1855.0929440329433,19932.51381329816,1225.7120586459146
155.0,1810.5882956636044,62893.43136777717,1184.6680985303008
155.0,1731.9807859936989,47195.17518492029,1210.827662014155
155.0,1723.0998836244273,35592.061160132405,1218.0444108946176
155.0,1655.386231988778,62364.9766786967,1210.079307066117
155.0,1702.525717353183,51093.67329890037,1225.7331093470289
155.0,1583.5531280737516,36358.96131659416,1230.916922640233
155.0,1857.7505644027408,820.9912645690017,1277.2973927019582
155.0,1676.1706949677355,53101.51706188262,1197.6574714457115
155.0,1662.5425773095815,16516.48355944806,1227.0410918415466
155.0,1762.6028377779608,31983.780946969902,1200.8411011556334
155.0,1843.8199261741272,11199.192646430402,1239.6106457413819
155.0,1930.0112844384864,856.9133251456633,1276.2400739906432
155.0,1836.556308320396,887.2618004529735,1255.7777276830136
155.0,2009.736872061109,737.6337669968711,1288.0179843721296
155.0,2045.663660513917,854.4748856464997,1268.9089271602197
155.0,1962.7669741667814,1125.5335687771053,1234.0696774703122
155.0,1993.7459509188059,717.6960920534101,1294.881290884994
155.0,2015.8595302311865,745.8075983678809,1278.6226112249012
155.0,2103.5631996496,800.4091448586823,1270.6528370251754
155.0,2061.711393419523,843.4053392050116,1257.535433498109
155.0,1961.0052654464062,791.5381038535239,1270.993249803136
155.0,1955.346375509713,764.55256329497,1295.9168845803492
155.0,2061.7162830200186,648.8838367690603,1322.6647915952026
155.0,2036.8750551383744,985.4981179266539,1247.5269315408964
155.0,2014.3735646829605,744.1141366052051,1287.0649288521313
156.0,1304.8080284039,90770.13936377788,1165.584515468925
156.0,1855.0929440329433,19932.51381329816,1225.7120586459146
156.0,1357.7478952336633,41104.94958644869,1177.5362596566529
156.0,1587.8903142417148,36088.36818898032,1150.827275822787
156.0,1723.0998836244273,35592.061160132405,1218.0444108946176
156.0,1556.8077631697809,69997.13506469682,1158.0622633002731
156.0,1693.882799342555,28747.87118282273,1224.7029653358259
156.0,2003.0008586218646,825.7229249358056,1265.5749793453742
156.0,1662.5425773095815,16516.48355944806,1227.0410918415466
156.0,1781.4775251695605,29597.192699306295,1198.805878750517
156.0,1843.8199261741272,11199.192646430402,1239.6106457413819
156.0,1836.556308320396,887.2618004529735,1255.7777276830136
156.0,2009.736872061109,737.6337669968711,1288.0179843721296
156.0,1962.7669741667814,1125.5335687771053,1234.0696774703122
156.0,1935.976283369149,646.3796121676819,1290.5704162245809
156.0,2015.8595302311865,745.8075983678809,1278.6226112249012
156.0,2103.5631996496,800.4091448586823,1270.6528370251754
156.0,1843.8207113769472,821.0298751314289,1281.3253428870423
156.0,2061.711393419523,843.4053392050116,1257.535433498109
156.0,1961.0052654464062,791.5381038535239,1270.993249803136
156.0,2008.5630670129985,632.5829293599381,1315.156653381585
156.0,2036.8750551383744,985.4981179266539,1247.5269315408964
156.0,2014.3735646829605,744.1141366052051,1287.0649288521313
157.0,1304.8080284039,90770.13936377788,1165.584515468925
157.0,1843.8199261741272,11199.192646430402,1239.6106457413819
157.0,1587.8903142417148,36088.36818898032,1150.827275822787
157.0,1723.0998836244273,35592.061160132405,1218.0444108946176
157.0,1556.8077631697809,69997.13506469682,1158.0622633002731
157.0,1693.882799342555,28747.87118282273,1224.7029653358259
157.0,1357.7478952336633,41104.94958644869,1177.5362596566529
157.0,1662.5425773095815,16516.48355944806,1227.0410918415466
157.0,1725.912610370898,30564.128158345422,1199.0554612208064
157.0,2061.1005962300164,845.8123611278171,1272.8463490028132
157.0,2019.4151509630574,899.4626214884518,1265.3806940724232
157.0,1891.3191605403947,902.0343157354923,1260.5590961539415
157.0,1813.5993299692632,1523.0097324350584,1265.9472201933254
157.0,1912.8495326610825,914.4547083690018,1257.7661568679234
157.0,1843.8207113769472,821.0298751314289,1281.3253428870423
157.0,2009.736872061109,737.6337669968711,1288.0179843721296
157.0,2080.4896416390875,879.6546950351476,1268.6566724530485
157.0,1988.5606956880163,959.9598177670875,1235.397818201986
157.0,1935.976283369149,646.3796121676819,1290.5704162245809
157.0,2015.8595302311865,745.8075983678809,1278.6226112249012
157.0,2103.5631996496,800.4091448586823,1270.6528370251754
157.0,1978.1690057560436,873.797903486362,1273.4579074663773
157.0,2094.4242779446563,839.5070390941135,1264.5706242179367
157.0,1899.7892814984762,772.7368383417346,1275.4719100022237
157.0,1855.2745507787286,918.0631823610436,1257.3474715020175
157.0,2021.1949667194547,630.6932028678932,1320.1705982798233
157.0,2014.3735646829605,744.1141366052051,1287.0649288521313
158.0,1304.8080284039,90770.13936377788,1165.584515468925
158.0,1550.7764924530675,48192.32292713935,1191.0256770407418
158.0,1750.426140135281,20976.034667943284,1239.8265118611355
158.0,1723.0998836244273,35592.061160132405,1218.0444108946176
158.0,2011.7042876823089,697.4885288618899,1262.0658053227742
158.0,2019.287403885041,629.2713251011521,1310.4049111543993
158.0,1645.642245155264,18039.514790634625,1239.9829836806334
158.0,1898.30762694312,692.1423793589548,1265.596327328844
158.0,1829.0661121260584,10834.964727148159,1240.4787047833804
158.0,1415.9980365851115,59559.64920674953,1180.390566527115
158.0,1479.191361482624,59147.50070008028,1196.4175317186944
158.0,1693.882799342555,28747.87118282273,1224.7029653358259
158.0,1607.3923104427085,35107.301087154214,1238.0435018005098
158.0,1682.60858294261,22551.621289145733,1236.7696152252643
158.0,1493.262664087729,47675.811285537224,1208.625478611479
158.0,1496.5223027984125,65058.3580652664,1171.0656407618008
158.0,1725.912610370898,30564.128158345422,1199.0554612208064
158.0,1843.8207113769472,821.0298751314289,1281.3253428870423
158.0,2071.8694312076323,812.375039771285,1249.9200477317406
158.0,1880.2633302121803,6223.991210581931,1252.421875741201
158.0,1817.634012806307,1512.8096291981608,1265.1647137376838
158.0,1912.8495326610825,914.4547083690018,1257.7661568679234
158.0,1935.976283369149,646.3796121676819,1290.5704162245809
158.0,2059.093434998916,679.4123126766049,1285.5736530901465
158.0,1961.8631387127698,898.9359048750573,1232.2173816544378
158.0,1764.8520897181409,20850.374378654396,1229.239934197674
159.0,1304.8080284039,90770.13936377788,1165.584515468925
159.0,1531.4975744519425,59886.65139618894,1172.5900019337398
159.0,1518.8018154734175,61321.66344188983,1198.0564335854085
159.0,1508.1882110967326,65191.24928705912,1187.1501007054462
159.0,2011.8951862192423,619.8945368084284,1310.012743003909
159.0,1607.3923104427085,35107.301087154214,1238.0435018005098
159.0,1858.3793468986196,21491.263572885728,1235.0097958303147
159.0,1829.7203921289265,23704.87821320449,1233.33847919181
159.0,1645.642245155264,18039.514790634625,1239.9829836806334
159.0,1944.26812171207,27184.10396964331,1233.2005098836719
159.0,1843.8207113769472,821.0298751314289,1281.3253428870423
159.0,1616.8741239134486,48705.89490755441,1195.998457273055
159.0,1693.882799342555,28747.87118282273,1224.7029653358259
159.0,1398.3132456991134,45368.83085089305,1200.0960643351814
159.0,1725.912610370898,30564.128158345422,1199.0554612208064
159.0,1844.7181262823697,8348.488217727492,1242.7441683196498
159.0,2059.093434998916,679.4123126766049,1285.5736530901465
159.0,1971.4933229233136,629.4791420012191,1290.2721725525485
159.0,1880.2633302121803,6223.991210581931,1252.421875741201
159.0,1817.634012806307,1512.8096291981608,1265.1647137376838
159.0,1912.8495326610825,914.4547083690018,1257.7661568679234
159.0,1605.5494169967283,2399.604707444581,1256.0785150836928
159.0,1961.8631387127698,898.9359048750573,1232.2173816544378
159.0,1898.30762694312,692.1423793589548,1265.596327328844
159.0,1704.9668873936203,21625.62975336391,1234.1395093790215
160.0,1304.8080284039,90770.13936377788,1165.584515468925
160.0,1561.3878911263091,56614.05725530025,1176.7426542300345
160.0,1607.3923104427085,35107.301087154214,1238.0435018005098
160.0,1608.267606216339,55069.81924037711,1197.560091169505
160.0,1962.8540284723654,588.587846614113,1298.8377169381147
160.0,1310.7508698944735,60651.032110045664,1174.680331928406
160.0,1829.7203921289265,23704.87821320449,1233.33847919181
160.0,1645.642245155264,18039.514790634625,1239.9829836806334
160.0,1944.26812171207,27184.10396964331,1233.2005098836719
160.0,1961.8631387127698,898.9359048750573,1232.2173816544378
160.0,1616.8741239134486,48705.89490755441,1195.998457273055
160.0,1693.882799342555,28747.87118282273,1224.7029653358259
160.0,1398.3132456991134,45368.83085089305,1200.0960643351814
160.0,1761.334659431919,29384.830888446155,1201.0782091157137
160.0,1844.7181262823697,8348.488217727492,1242.7441683196498
160.0,1817.634012806307,1512.8096291981608,1265.1647137376838
160.0,1843.8207113769472,821.0298751314289,1281.3253428870423
160.0,1971.4933229233136,629.4791420012191,1290.2721725525485
160.0,1605.5494169967283,2399.604707444581,1256.0785150836928
160.0,1898.30762694312,692.1423793589548,1265.596327328844
160.0,1913.985488376226,914.9819389905904,1265.4012190536962
160.0,1704.9668873936203,21625.62975336391,1234.1395093790215
161.0,1304.8080284039,90770.13936377788,1165.584515468925
161.0,1392.695490687039,39738.1200550803,1147.5922340246136
161.0,1310.7508698944735,60651.032110045664,1174.680331928406
161.0,1918.369270138723,573.9759069252585,1281.982461570228
161.0,1944.26812171207,27184.10396964331,1233.2005098836719
161.0,1878.1160006640873,831.3392094503716,1276.615250518552
161.0,1468.1662306875223,31609.930758492064,1148.57581803821
161.0,1693.882799342555,28747.87118282273,1224.7029653358259
161.0,1750.0884967462046,24653.79311237091,1235.6573058284469
161.0,1761.334659431919,29384.830888446155,1201.0782091157137
161.0,1961.8631387127698,898.9359048750573,1232.2173816544378
161.0,2109.9014147856383,886.8206655352442,1259.578226045256
161.0,2100.355383247256,855.0805558407578,1262.7197499254125
161.0,1559.1609558890802,2301.9118612469097,1238.199353880072
161.0,1898.30762694312,692.1423793589548,1265.596327328844
161.0,1913.985488376226,914.9819389905904,1265.4012190536962
161.0,1949.3342749717608,542.4239014537504,1300.894127338049
162.0,1304.8080284039,90770.13936377788,1165.584515468925
162.0,1392.695490687039,39738.1200550803,1147.5922340246136
162.0,1310.7508698944735,60651.032110045664,1174.680331928406
162.0,1645.642245155264,18039.514790634625,1239.9829836806334
162.0,1918.369270138723,573.9759069252585,1281.982461570228
162.0,1929.8588092950918,1092.559910699879,1227.7175709405958
162.0,1468.1662306875223,31609.930758492064,1148.57581803821
162.0,1750.0884967462046,24653.79311237091,1235.6573058284469
162.0,1761.334659431919,29384.830888446155,1201.0782091157137
162.0,1810.1943277164546,9661.824677440289,1243.9851600485833
162.0,1961.8631387127698,898.9359048750573,1232.2173816544378
162.0,1893.7647537432615,6382.368785935987,1249.7032815060588
162.0,1838.9661274548264,660.8917931680196,1250.8407742455397
162.0,1949.3342749717608,542.4239014537504,1300.894127338049
163.0,1304.8080284039,90770.13936377788,1165.584515468925
163.0,1961.8631387127698,898.9359048750573,1232.2173816544378
163.0,1440.6707617502611,53524.48672494243,1193.4088622994298
163.0,1645.642245155264,18039.514790634625,1239.9829836806334
163.0,1310.7508698944735,60651.032110045664,1174.680331928406
163.0,1469.6107172447535,78932.84922079327,1145.9954748997968
163.0,1791.0772854500572,20824.07300014691,1232.197056869436
163.0,1468.1662306875223,31609.930758492064,1148.57581803821
163.0,1440.046387207628,43289.97677983209,1208.5089209646958
163.0,1750.0884967462046,24653.79311237091,1235.6573058284469
163.0,1402.8843471196078,44398.57916137399,1207.5938393750575
163.0,1810.1943277164546,9661.824677440289,1243.9851600485833
163.0,1929.8588092950918,1092.559910699879,1227.7175709405958
163.0,1983.9264136733382,615.1559061936622,1296.5012734830889
163.0,1838.9661274548264,660.8917931680196,1250.8407742455397
163.0,1877.215306590948,525.8990901646588,1304.8560202140034
164.0,1304.8080284039,90770.13936377788,1165.584515468925
164.0,1441.3154856901228,55140.15823681207,1185.3079994625123
164.0,1837.5219917571337,6478.497575402226,1231.4531238283205
164.0,1469.6107172447535,78932.84922079327,1145.9954748997968
164.0,1310.7508698944735,60651.032110045664,1174.680331928406
164.0,1378.3302214186685,41715.462806091884,1185.5197732432262
164.0,1645.642245155264,18039.514790634625,1239.9829836806334
164.0,1877.215306590948,525.8990901646588,1304.8560202140034
164.0,1468.1662306875223,31609.930758492064,1148.57581803821
164.0,1759.2836947699107,24932.53666940423,1239.432834742603
164.0,1840.3179802016539,1136.7520049191817,1238.121633279948
164.0,1961.8631387127698,898.9359048750573,1232.2173816544378
164.0,1902.874954174518,577.2163365661638,1271.8894277100162
164.0,1838.9661274548264,660.8917931680196,1250.8407742455397
164.0,1704.2820496596764,27015.45542960811,1221.843403411476
165.0,1304.8080284039,90770.13936377788,1165.584515468925
165.0,1403.894897918049,47802.44016293683,1171.3652526065541
165.0,1996.940521011163,611.5596017967501,1291.9071961023212
165.0,1378.3302214186685,41715.462806091884,1185.5197732432262
165.0,1645.642245155264,18039.514790634625,1239.9829836806334
165.0,1877.215306590948,525.8990901646588,1304.8560202140034
165.0,1468.1662306875223,31609.930758492064,1148.57581803821
165.0,1367.6937326134014,56278.11555884582,1191.7143577130248
165.0,1375.5981367253485,66777.20702373072,1151.7573232072023
165.0,1458.2717917704983,51754.9445014766,1166.7929747204964
165.0,1837.5219917571337,6478.497575402226,1231.4531238283205
165.0,1840.3179802016539,1136.7520049191817,1238.121633279948
165.0,1961.8631387127698,898.9359048750573,1232.2173816544378
165.0,1838.9661274548264,660.8917931680196,1250.8407742455397
165.0,1969.2421762607498,594.8559884992266,1294.8842827070034
165.0,1967.3173716967706,12146.634775952112,1228.2798318584205
165.0,1698.3192743033142,26076.249977038435,1219.0259755253858
166.0,1304.8080284039,90770.13936377788,1165.584515468925
166.0,1402.673337969214,35811.286105338084,1169.0185728685608
166.0,1308.2069105056576,52012.28923724205,1162.1673788027774
166.0,1378.3302214186685,41715.462806091884,1185.5197732432262
166.0,1444.360004594823,30522.96393425193,1164.004480209248
166.0,1877.215306590948,525.8990901646588,1304.8560202140034
166.0,1887.4702595351407,911.6329010318096,1237.2972243247336
166.0,1468.1662306875223,31609.930758492064,1148.57581803821
166.0,1375.5981367253485,66777.20702373072,1151.7573232072023
166.0,1832.045981767854,23115.437901169804,1237.8022727086902
166.0,1837.5219917571337,6478.497575402226,1231.4531238283205
166.0,1734.6457441030689,676.2605152018939,1261.248047449166
166.0,1982.17484138942,592.0323601792682,1277.1952932886147
166.0,1838.9661274548264,660.8917931680196,1250.8407742455397
166.0,1961.8631387127698,898.9359048750573,1232.2173816544378
166.0,1969.2421762607498,594.8559884992266,1294.8842827070034
166.0,1691.317545058537,25935.35695412307,1214.7907081275391
167.0,1304.8080284039,90770.13936377788,1165.584515468925
167.0,1330.45408523721,41345.77225757841,1153.7759698473797
167.0,1571.9245783831084,29740.865919763033,1221.3300144842083
167.0,1444.360004594823,30522.96393425193,1164.004480209248
167.0,1980.3497437632238,567.0747759041235,1319.5313711908445
167.0,1828.215220190418,587.6839917517917,1289.3855406774512
167.0,1468.1662306875223,31609.930758492064,1148.57581803821
167.0,1375.5981367253485,66777.20702373072,1151.7573232072023
167.0,1832.045981767854,23115.437901169804,1237.8022727086902
167.0,1837.5219917571337,6478.497575402226,1231.4531238283205
167.0,1884.080486034772,6333.940149748653,1255.7546788235604
167.0,2076.808894859165,886.6377589532158,1256.886792461386
167.0,1887.4702595351407,911.6329010318096,1237.2972243247336
167.0,1961.8631387127698,898.9359048750573,1232.2173816544378
167.0,1734.6457441030689,676.2605152018939,1261.248047449166
167.0,1982.17484138942,592.0323601792682,1277.1952932886147
167.0,1691.317545058537,25935.35695412307,1214.7907081275391
168.0,1304.8080284039,90770.13936377788,1165.584515468925
168.0,1330.45408523721,41345.77225757841,1153.7759698473797
168.0,1302.59653245767,49583.77989676237,1176.3557754406372
168.0,1571.9245783831084,29740.865919763033,1221.3300144842083
168.0,1444.360004594823,30522.96393425193,1164.004480209248
168.0,1828.215220190418,587.6839917517917,1289.3855406774512
168.0,1468.1662306875223,31609.930758492064,1148.57581803821
168.0,1375.5981367253485,66777.20702373072,1151.7573232072023
168.0,1400.1655172640835,39642.3298873006,1159.0764182485696
168.0,1912.6176205215195,880.7344208730132,1255.6176214932352
168.0,2060.11623297734,883.485439991551,1254.4165715202616
168.0,1887.4702595351407,911.6329010318096,1237.2972243247336
168.0,1961.8631387127698,898.9359048750573,1232.2173816544378
168.0,1734.6457441030689,676.2605152018939,1261.248047449166
168.0,1951.7782581774864,629.4188377750029,1283.0614920405353
168.0,1862.9991858128744,740.5579796333968,1260.1210224145234
168.0,1695.9695637788172,22289.844605370086,1224.4717613798375
169.0,1304.8080284039,90770.13936377788,1165.584515468925
169.0,1330.45408523721,41345.77225757841,1153.7759698473797
169.0,1503.3844711070228,39608.25317676096,1171.8250671026728
169.0,1571.9245783831084,29740.865919763033,1221.3300144842083
169.0,1238.3338777692084,55422.06871384146,1174.8745413740664
169.0,1813.8395275325997,544.7857500037619,1309.8031580008071
169.0,1451.4283480296897,40582.65805535629,1204.3036409282024
169.0,1375.5981367253485,66777.20702373072,1151.7573232072023
169.0,1844.5155897149064,29206.2879242156,1236.3283050690122
169.0,1951.7782581774864,629.4188377750029,1283.0614920405353
169.0,1961.8631387127698,898.9359048750573,1232.2173816544378
169.0,1887.4702595351407,911.6329010318096,1237.2972243247336
169.0,1744.9093067631848,783.2069216688697,1280.989348358805
169.0,1862.9991858128744,740.5579796333968,1260.1210224145234
169.0,2041.3115514577848,600.7311395636333,1274.5767893445286
169.0,1969.2421762607498,594.8559884992266,1294.8842827070034
170.0,1304.8080284039,90770.13936377788,1165.584515468925
170.0,1330.45408523721,41345.77225757841,1153.7759698473797
170.0,1429.7688310117137,39753.28166196486,1182.188332180542
170.0,1571.9245783831084,29740.865919763033,1221.3300144842083
170.0,1896.2647493984525,691.6021468146238,1275.5907742715374
170.0,1844.5155897149064,29206.2879242156,1236.3283050690122
170.0,1800.1026264980972,529.8977735572756,1300.5159249483256
170.0,1904.8704011745826,9431.965350248756,1258.5184098580403
170.0,1966.4615178400177,883.5335790302458,1248.31684779261
170.0,1744.9093067631848,783.2069216688697,1280.989348358805
170.0,1961.8631387127698,898.9359048750573,1232.2173816544378
170.0,1817.4775207627001,773.5066711179209,1261.4441749682173
170.0,2060.07624778269,601.1295920927339,1277.281384278241
170.0,1969.2421762607498,594.8559884992266,1294.8842827070034
171.0,1304.8080284039,90770.13936377788,1165.584515468925
171.0,1330.45408523721,41345.77225757841,1153.7759698473797
171.0,1899.354720048272,16275.819996722197,1239.6767646617411
171.0,1571.9245783831084,29740.865919763033,1221.3300144842083
171.0,1962.4983008407185,700.286094206532,1274.2505578081013
171.0,1541.4239317906554,40858.445174069195,1156.9956718421938
171.0,1844.5155897149064,29206.2879242156,1236.3283050690122
171.0,1904.8704011745826,9431.965350248756,1258.5184098580403
171.0,1961.8631387127698,898.9359048750573,1232.2173816544378
171.0,1844.2992615929832,915.8212001414502,1260.2469232767482
171.0,1744.9093067631848,783.2069216688697,1280.989348358805
171.0,1966.4615178400177,883.5335790302458,1248.31684779261
171.0,1817.4775207627001,773.5066711179209,1261.4441749682173
171.0,2069.161477265054,599.73628966742,1275.1116295116694
171.0,1969.2421762607498,594.8559884992266,1294.8842827070034
172.0,1304.8080284039,90770.13936377788,1165.584515468925
172.0,1392.5566080056612,50586.83794902129,1156.266116630893
172.0,1595.1490760066083,20781.369520162472,1227.7471396364474
172.0,1391.7373738244985,42816.89910826131,1167.1684316893272
172.0,1961.8631387127698,898.9359048750573,1232.2173816544378
172.0,1571.9245783831084,29740.865919763033,1221.3300144842083
172.0,1325.734052796796,48642.41168767702,1169.0832753719033
172.0,1378.3302214186685,41715.462806091884,1185.5197732432262
172.0,1293.267551174802,10517.737324057738,1235.9206930045555
172.0,1904.8704011745826,9431.965350248756,1258.5184098580403
172.0,2013.1431515125053,885.695314232921,1257.3159046989492
172.0,1962.4983008407185,700.286094206532,1274.2505578081013
172.0,1743.446141607684,779.88715427289,1272.870715475227
172.0,1771.4173415991734,836.871021664818,1261.759007912102
172.0,1844.2992615929832,915.8212001414502,1260.2469232767482
172.0,1817.4775207627001,773.5066711179209,1261.4441749682173
172.0,2069.161477265054,599.73628966742,1275.1116295116694
172.0,1969.2421762607498,594.8559884992266,1294.8842827070034
173.0,1304.8080284039,90770.13936377788,1165.584515468925
173.0,1899.354720048272,16275.819996722197,1239.6767646617411
173.0,1595.1490760066083,20781.369520162472,1227.7471396364474
173.0,1326.5252884535505,57397.08808272536,1170.9487110381522
173.0,1391.7373738244985,42816.89910826131,1167.1684316893272
173.0,1409.6515248764422,41503.92438585001,1164.4677319591383
173.0,1378.3302214186685,41715.462806091884,1185.5197732432262
173.0,1961.8631387127698,898.9359048750573,1232.2173816544378
173.0,1365.3701719596113,52078.42527308485,1172.2581731894088
173.0,1435.9575974363424,51806.76049710163,1157.9360909213055
173.0,1743.446141607684,779.88715427289,1272.870715475227
173.0,1942.7113114905878,796.5997415930597,1257.8627076602336
173.0,1804.1924641513415,956.4203621975805,1241.9171808154429
173.0,1844.2992615929832,915.8212001414502,1260.2469232767482
173.0,1962.4983008407185,700.286094206532,1274.2505578081013
173.0,1817.4775207627001,773.5066711179209,1261.4441749682173
173.0,2069.161477265054,599.73628966742,1275.1116295116694
173.0,1969.2421762607498,594.8559884992266,1294.8842827070034
174.0,1304.8080284039,90770.13936377788,1165.584515468925
174.0,1595.1490760066083,20781.369520162472,1227.7471396364474
174.0,1409.6515248764422,41503.92438585001,1164.4677319591383
174.0,1817.4775207627001,773.5066711179209,1261.4441749682173
174.0,1335.7307809409006,39077.55232592636,1181.48492506738
174.0,1315.5830627780228,40167.49145097325,1168.8252690537372
174.0,1435.6061196893575,51396.81448166213,1163.3017541652027
174.0,1459.1534181014092,51722.70823042188,1155.598165613211
174.0,1923.1513785770255,1105.1069695114732,1238.685556968413
174.0,2060.655108684192,1009.4725591821723,1257.9090134490289
174.0,1891.4153917030824,1154.6704622345428,1232.2615152865442
174.0,1743.446141607684,779.88715427289,1272.870715475227
174.0,1936.2265730210343,625.8103446878386,1258.3007265282047
174.0,1938.2727013269798,584.2119313372314,1294.3365523874609
175.0,1304.8080284039,90770.13936377788,1165.584515468925
175.0,1459.1534181014092,51722.70823042188,1155.598165613211
175.0,1574.4820361076804,45507.83126298533,1161.6350130250025
175.0,1335.7307809409006,39077.55232592636,1181.48492506738
175.0,1960.8647664146138,930.456447892571,1227.503818798063
175.0,1315.5830627780228,40167.49145097325,1168.8252690537372
175.0,1435.6061196893575,51396.81448166213,1163.3017541652027
175.0,1411.352922603138,55746.70443948615,1165.4973222415697
175.0,1408.8322650086786,15078.978432951575,1179.7116751835413
175.0,1836.616632852326,759.647610996474,1259.1743487062204
175.0,1827.1818903893536,917.3118366593575,1254.4750036862745
175.0,1743.446141607684,779.88715427289,1272.870715475227
175.0,1835.6123545196006,1060.8166358053547,1202.7612845602891
175.0,1936.2265730210343,625.8103446878386,1258.3007265282047
175.0,1928.8038064110124,588.8068498200107,1300.6906903568672
176.0,1304.8080284039,90770.13936377788,1165.584515468925
176.0,1574.4820361076804,45507.83126298533,1161.6350130250025
176.0,1591.8042624729649,20668.40677381604,1226.2524705221642
176.0,1827.1818903893536,917.3118366593575,1254.4750036862745
176.0,1406.2816317493885,64495.91201482441,1172.6713531878822
176.0,1335.7307809409006,39077.55232592636,1181.48492506738
176.0,1468.98988385104,30604.54461549697,1172.3776515593163
176.0,1435.6061196893575,51396.81448166213,1163.3017541652027
176.0,1459.1534181014092,51722.70823042188,1155.598165613211
176.0,1834.1867339331502,580.6949194348063,1272.8782547058338
176.0,1922.0282380259653,948.3695177453344,1229.0199339407002
176.0,1576.6081874453562,17343.655717334943,1227.7763023066843
176.0,1732.3537714160145,774.6105076676515,1272.5025324561059
176.0,1960.8647664146138,930.456447892571,1227.503818798063
176.0,1836.616632852326,759.647610996474,1259.1743487062204
176.0,1807.5345134400436,10429.483912924758,1244.814051217684
177.0,1304.8080284039,90770.13936377788,1165.584515468925
177.0,1422.3326206998113,57117.75282174828,1173.7801830176327
177.0,1923.1231115664662,3267.986327214323,1247.890623221734
177.0,1435.6061196893575,51396.81448166213,1163.3017541652027
177.0,1319.0668745493304,42349.71933436956,1189.3889807234536
177.0,2017.3041834485546,848.1571481444934,1243.0903854225471
177.0,1574.4820361076804,45507.83126298533,1161.6350130250025
177.0,1325.4483341768973,44082.0016093127,1179.5557241213862
177.0,1459.1534181014092,51722.70823042188,1155.598165613211
177.0,2005.0009206177613,665.9044298762685,1295.6043330149766
177.0,1765.2426630728444,824.8586574743806,1262.3715086157974
177.0,2018.0426283882325,734.6373283103759,1288.4072527899702
177.0,1571.5740771948213,17168.559935490877,1227.4466621348809
177.0,1941.2144272181986,1230.374127619125,1233.5799621088036
177.0,1827.1818903893536,917.3118366593575,1254.4750036862745
177.0,1836.616632852326,759.647610996474,1259.1743487062204
177.0,1928.8038064110124,588.8068498200107,1300.6906903568672
177.0,1844.9526376607507,9776.501229587782,1244.8218963934346
178.0,1291.9654530538266,41469.05452195678,1161.554024925292
178.0,1459.1534181014092,51722.70823042188,1155.598165613211
178.0,1800.1027328836492,6758.251349437815,1250.109616460373
178.0,1388.6366853701204,31508.21501056607,1173.1767432647366
178.0,1905.05214912429,667.1282407855447,1288.6362412483236
178.0,2018.0426283882325,734.6373283103759,1288.4072527899702
178.0,2017.3041834485546,848.1571481444934,1243.0903854225471
178.0,1566.295880203238,14288.158889006263,1236.4882998718185
178.0,1941.2144272181986,1230.374127619125,1233.5799621088036
178.0,1746.1698899649343,824.333496499147,1262.6757296126148
178.0,1923.1231115664662,3267.986327214323,1247.890623221734
178.0,1827.1818903893536,917.3118366593575,1254.4750036862745
178.0,1836.616632852326,759.647610996474,1259.1743487062204
178.0,1928.8038064110124,588.8068498200107,1300.6906903568672
178.0,1844.9526376607507,9776.501229587782,1244.8218963934346
179.0,1291.9654530538266,41469.05452195678,1161.554024925292
179.0,1452.7853348226158,44515.04752825401,1160.925374495465
179.0,1862.9343466112828,38572.71350702565,1222.6905283905887
179.0,1800.1027328836492,6758.251349437815,1250.109616460373
179.0,1566.295880203238,14288.158889006263,1236.4882998718185
179.0,1746.1698899649343,824.333496499147,1262.6757296126148
179.0,1932.3147254668024,673.3450884144193,1286.227953731026
179.0,2017.3041834485546,848.1571481444934,1243.0903854225471
179.0,1941.2144272181986,1230.374127619125,1233.5799621088036
179.0,1923.1231115664662,3267.986327214323,1247.890623221734
179.0,1827.1818903893536,917.3118366593575,1254.4750036862745
179.0,1836.616632852326,759.647610996474,1259.1743487062204
179.0,1923.5779045539894,757.8164887036485,1273.114488413988
179.0,1928.8038064110124,588.8068498200107,1300.6906903568672
179.0,1819.8589806478087,11392.329121773746,1244.207315280721
180.0,1291.9654530538266,41469.05452195678,1161.554024925292
180.0,1161.9619419678577,20963.033930272064,1180.043954221038
180.0,1800.1027328836492,6758.251349437815,1250.109616460373
180.0,1280.5468106196524,56796.68225691833,1163.535101812824
180.0,1525.207163944538,51147.860274884304,1156.889538854271
180.0,1330.806602395557,58356.7276429615,1159.5206099547233
180.0,1257.2443731795975,12700.117408950558,1207.7067200505226
180.0,1948.1323897363338,794.6779988546806,1258.6145393794332
180.0,1746.1698899649343,824.333496499147,1262.6757296126148
180.0,1941.2144272181986,1230.374127619125,1233.5799621088036
180.0,1932.3147254668024,673.3450884144193,1286.227953731026
180.0,1827.1818903893536,917.3118366593575,1254.4750036862745
180.0,1836.616632852326,759.647610996474,1259.1743487062204
180.0,1923.5779045539894,757.8164887036485,1273.114488413988
180.0,1997.2312176482312,611.0653612079846,1304.565561191825
180.0,1816.511883198936,9265.783252103827,1242.6004322194365
181.0,1291.9654530538266,41469.05452195678,1161.554024925292
181.0,1280.5468106196524,56796.68225691833,1163.535101812824
181.0,1932.3147254668024,673.3450884144193,1286.227953731026
181.0,1401.2531099933428,30739.80958282235,1153.7525267085998
181.0,1662.45222088694,866.9605519689734,1246.1458055740766
181.0,1330.806602395557,58356.7276429615,1159.5206099547233
181.0,1978.0695093750307,2873.200505089066,1244.5477899793364
181.0,1257.2443731795975,12700.117408950558,1207.7067200505226
181.0,1836.616632852326,759.647610996474,1259.1743487062204
181.0,1923.5779045539894,757.8164887036485,1273.114488413988
181.0,1997.2312176482312,611.0653612079846,1304.565561191825
181.0,1816.511883198936,9265.783252103827,1242.6004322194365
182.0,1932.3147254668024,673.3450884144193,1286.227953731026
182.0,1291.9654530538266,41469.05452195678,1161.554024925292
182.0,1320.9032344246427,32398.342046128917,1165.170267069858
182.0,1827.9112954437053,918.2454287509638,1255.8138520309817
182.0,1263.3233251478275,39521.81377109367,1172.5880771343539
182.0,1800.1027328836492,6758.251349437815,1250.109616460373
182.0,1978.0695093750307,2873.200505089066,1244.5477899793364
182.0,1240.8869254892206,9241.132003956842,1202.120997989975
182.0,1836.616632852326,759.647610996474,1259.1743487062204
182.0,1923.5779045539894,757.8164887036485,1273.114488413988
182.0,1997.2312176482312,611.0653612079846,1304.565561191825
182.0,1840.6764688589042,9204.485827803433,1242.37646712901
183.0,1376.5748057944586,39429.25211582635,1128.3548606735544
183.0,1291.9654530538266,41469.05452195678,1161.554024925292
183.0,1932.3147254668024,673.3450884144193,1286.227953731026
183.0,1320.9032344246427,32398.342046128917,1165.170267069858
183.0,1878.0243911960135,742.2637771396575,1259.8565469727357
183.0,1263.3233251478275,39521.81377109367,1172.5880771343539
183.0,1240.8869254892206,9241.132003956842,1202.120997989975
183.0,1978.0695093750307,2873.200505089066,1244.5477899793364
183.0,1828.5592865708843,800.2260740744528,1265.1393230256879
183.0,2041.0418291837636,606.0585598442822,1308.8104359497167
183.0,1840.6764688589042,9204.485827803433,1242.37646712901
184.0,1376.5748057944586,39429.25211582635,1128.3548606735544
184.0,1240.8869254892206,9241.132003956842,1202.120997989975
184.0,1321.0095229782598,48881.52954318357,1159.6254062812793
184.0,1945.2022651827351,726.1041229949774,1289.952833167431
184.0,1320.9032344246427,32398.342046128917,1165.170267069858
184.0,1377.1958811781108,33086.936642841756,1152.8318215081786
184.0,2028.8465752014838,754.1003674073304,1271.378524731125
184.0,1263.3233251478275,39521.81377109367,1172.5880771343539
184.0,1393.6621832563571,38022.864194597394,1144.1981601550617
184.0,1352.0004953109462,46571.487301875684,1138.7355072443495
184.0,1405.1872050064155,18245.573661081682,1148.2622037053404
184.0,1623.0685374006607,28338.188533842876,1147.7007844483874
184.0,1828.5592865708843,800.2260740744528,1265.1393230256879
184.0,2041.0418291837636,606.0585598442822,1308.8104359497167
184.0,2007.331175776197,902.0693758017776,1259.9728467149707
184.0,1840.6764688589042,9204.485827803433,1242.37646712901
185.0,1376.5748057944586,39429.25211582635,1128.3548606735544
185.0,1344.3945828219214,36327.57531199972,1133.2519632938413
185.0,1300.7813955672823,30281.836664554547,1143.883927471887
185.0,1263.3233251478275,39521.81377109367,1172.5880771343539
185.0,1859.3222925467235,834.754284094256,1269.1899449448706
185.0,2012.9016395144445,655.7517828552786,1296.2724587514117
185.0,1313.3269839159027,28990.982155606885,1156.5384026986462
185.0,1405.1872050064155,18245.573661081682,1148.2622037053404
185.0,1319.9259436331456,17534.337840689594,1164.1639486188528
185.0,1623.0685374006607,28338.188533842876,1147.7007844483874
185.0,1240.8869254892206,9241.132003956842,1202.120997989975
185.0,1880.5906489999002,723.2778485365722,1259.5725169436716
185.0,1930.247655266887,997.6752664901471,1235.6132773537863
185.0,1926.8177975804301,507.5774050404028,1317.7218601648833
185.0,1840.6764688589042,9204.485827803433,1242.37646712901
186.0,1376.5748057944586,39429.25211582635,1128.3548606735544
186.0,1344.3945828219214,36327.57531199972,1133.2519632938413
186.0,1463.1178629684528,12914.06575347942,1169.4184514615501
186.0,1313.8518746218665,34480.2324911152,1150.3413205080717
186.0,1951.9493757520647,717.7552726305684,1304.0803242855216
186.0,1263.3233251478275,39521.81377109367,1172.5880771343539
186.0,1313.3269839159027,28990.982155606885,1156.5384026986462
186.0,1388.4506467734054,35958.56716168953,1137.3790741284504
186.0,1405.1872050064155,18245.573661081682,1148.2622037053404
186.0,1623.0685374006607,28338.188533842876,1147.7007844483874
186.0,1240.8869254892206,9241.132003956842,1202.120997989975
186.0,2012.9016395144445,655.7517828552786,1296.2724587514117
186.0,1332.4054666951215,31675.17059265669,1143.5206049070557
186.0,1859.3222925467235,834.754284094256,1269.1899449448706
186.0,1880.5906489999002,723.2778485365722,1259.5725169436716
186.0,1930.247655266887,997.6752664901471,1235.6132773537863
186.0,1926.8177975804301,507.5774050404028,1317.7218601648833
187.0,1376.5748057944586,39429.25211582635,1128.3548606735544
187.0,1344.3945828219214,36327.57531199972,1133.2519632938413
187.0,1463.1178629684528,12914.06575347942,1169.4184514615501
187.0,1263.3233251478275,39521.81377109367,1172.5880771343539
187.0,1338.9503526678664,38932.14205253813,1140.9359989900938
187.0,1286.8301582573533,30771.350374116562,1143.1861937515755
187.0,1418.5401534129803,16053.41260062148,1147.8296509062345
187.0,1537.740551401146,26639.634824540688,1143.094109549445
187.0,1859.3222925467235,834.754284094256,1269.1899449448706
187.0,2012.9016395144445,655.7517828552786,1296.2724587514117
187.0,1240.8869254892206,9241.132003956842,1202.120997989975
187.0,1880.5906489999002,723.2778485365722,1259.5725169436716
187.0,1930.247655266887,997.6752664901471,1235.6132773537863
187.0,1900.0649124019833,501.6057732745555,1315.7835862870197
188.0,1376.5748057944586,39429.25211582635,1128.3548606735544
188.0,1298.2533839906146,28570.79581026493,1138.7221920486854
188.0,1859.3222925467235,834.754284094256,1269.1899449448706
188.0,1296.2137145211302,54338.99625455222,1164.3262883518687
188.0,1263.3233251478275,39521.81377109367,1172.5880771343539
188.0,1418.5401534129803,16053.41260062148,1147.8296509062345
188.0,1537.740551401146,26639.634824540688,1143.094109549445
188.0,1240.8869254892206,9241.132003956842,1202.120997989975
188.0,2012.9016395144445,655.7517828552786,1296.2724587514117
188.0,1922.9789980917649,1133.2565898229004,1255.394397602482
188.0,1880.5906489999002,723.2778485365722,1259.5725169436716
188.0,1930.247655266887,997.6752664901471,1235.6132773537863
188.0,1900.0649124019833,501.6057732745555,1315.7835862870197
189.0,1376.5748057944586,39429.25211582635,1128.3548606735544
189.0,1609.9574266615894,25024.98860785537,1158.6943676491412
189.0,1298.2533839906146,28570.79581026493,1138.7221920486854
189.0,1296.2137145211302,54338.99625455222,1164.3262883518687
189.0,1240.8869254892206,9241.132003956842,1202.120997989975
189.0,1663.7464243501306,7445.366585694167,1223.6114054856434
189.0,2012.9016395144445,655.7517828552786,1296.2724587514117
189.0,1537.740551401146,26639.634824540688,1143.094109549445
189.0,1223.2031119761284,15208.835919446869,1217.3760192710029
189.0,1427.846101506328,26374.29869776191,1156.358373351423
189.0,1880.5906489999002,723.2778485365722,1259.5725169436716
189.0,1930.247655266887,997.6752664901471,1235.6132773537863
189.0,1970.9835464760154,509.0224729424516,1322.443489246702
190.0,1376.5748057944586,39429.25211582635,1128.3548606735544
190.0,1419.5783014901128,24652.917480561984,1153.1057587493453
190.0,1240.8869254892206,9241.132003956842,1202.120997989975
190.0,1296.2137145211302,54338.99625455222,1164.3262883518687
190.0,1891.2513255931426,820.6928551827061,1272.271793973147
190.0,2012.9016395144445,655.7517828552786,1296.2724587514117
190.0,1223.2031119761284,15208.835919446869,1217.3760192710029
190.0,1394.095601891051,16602.128211466374,1190.0432565473934
190.0,1298.2533839906146,28570.79581026493,1138.7221920486854
190.0,1521.8507490973966,25850.338492217586,1152.593971549951
190.0,1902.120659936702,723.1413604322681,1263.5532639576065
190.0,1930.247655266887,997.6752664901471,1235.6132773537863
190.0,1816.1111689942888,508.3909373237668,1313.41532834923
191.0,1376.5748057944586,39429.25211582635,1128.3548606735544
191.0,1419.5783014901128,24652.917480561984,1153.1057587493453
191.0,1287.1263404618428,46888.924011989715,1184.856810430132
191.0,1539.4627460210304,15885.689209434026,1194.9844000472904
191.0,1296.2137145211302,54338.99625455222,1164.3262883518687
191.0,1298.2533839906146,28570.79581026493,1138.7221920486854
191.0,2012.9016395144445,655.7517828552786,1296.2724587514117
191.0,1394.095601891051,16602.128211466374,1190.0432565473934
191.0,1489.9997473294393,14955.833014741462,1218.2155833646161
191.0,1521.8507490973966,25850.338492217586,1152.593971549951
191.0,1223.2031119761284,15208.835919446869,1217.3760192710029
191.0,1902.120659936702,723.1413604322681,1263.5532639576065
191.0,1915.7699006933708,1512.9765902827112,1252.3134336560302
191.0,1816.1111689942888,508.3909373237668,1313.41532834923
191.0,1666.998002981643,12597.46798069439,1225.703008032224
192.0,1376.5748057944586,39429.25211582635,1128.3548606735544
192.0,1489.9997473294393,14955.833014741462,1218.2155833646161
192.0,1381.0810275933434,20496.824054555633,1182.3326130153087
192.0,1609.9574266615894,25024.98860785537,1158.6943676491412
192.0,1285.5124625111366,29771.493078118518,1149.0246943423986
192.0,1539.4627460210304,15885.689209434026,1194.9844000472904
192.0,1503.157285356027,27006.452190324002,1167.101685190597
192.0,1499.3640464796051,29291.840718536776,1167.3351293597009
192.0,1472.778519310064,28769.56548878555,1168.8107716766601
192.0,1675.2180887691716,35273.056610518484,1148.3617177336853
192.0,1388.3664822633345,23806.957026836182,1173.4347427266966
192.0,1394.095601891051,16602.128211466374,1190.0432565473934
192.0,1521.8507490973966,25850.338492217586,1152.593971549951
192.0,1533.7639424545716,25077.693838092913,1165.7128886627188
192.0,1223.2031119761284,15208.835919446869,1217.3760192710029
192.0,1888.370098387967,731.6754162631486,1267.862548143568
192.0,1915.7699006933708,1512.9765902827112,1252.3134336560302
192.0,1773.3915543463288,491.2903683870513,1305.2592277915553
192.0,1666.998002981643,12597.46798069439,1225.703008032224
193.0,1376.5748057944586,39429.25211582635,1128.3548606735544
193.0,1489.9997473294393,14955.833014741462,1218.2155833646161
193.0,1464.4586110417906,30249.49335991183,1152.4425918251923
193.0,1539.7763276584985,18950.15225797563,1148.054333537407
193.0,1331.8055162974488,43961.92140447778,1180.3941731648865
193.0,1287.1263404618428,46888.924011989715,1184.856810430132
193.0,1337.4564570498626,28869.594781699023,1154.2444568766414
193.0,1533.7639424545716,25077.693838092913,1165.7128886627188
193.0,1345.5862560959251,33099.46396741822,1153.8250069313096
193.0,1394.095601891051,16602.128211466374,1190.0432565473934
193.0,1388.3664822633345,23806.957026836182,1173.4347427266966
193.0,1569.7023864067285,15409.454033234944,1139.0405113314728
193.0,1456.9684579384036,25920.396474613295,1162.25001287304
193.0,1223.2031119761284,15208.835919446869,1217.3760192710029
193.0,1561.5605551444398,13465.222443016952,1232.3257058101162
193.0,1550.9859996538617,34006.594393693034,1144.1267717961623
193.0,1759.4016538360725,794.3807809004768,1274.4994732362702
193.0,1539.4627460210304,15885.689209434026,1194.9844000472904
193.0,1381.0810275933434,20496.824054555633,1182.3326130153087
193.0,1888.370098387967,731.6754162631486,1267.862548143568
193.0,1915.7699006933708,1512.9765902827112,1252.3134336560302
193.0,1887.1647562864578,495.87421811984603,1304.1167932747305
194.0,1376.5748057944586,39429.25211582635,1128.3548606735544
194.0,1373.1855789415067,20255.67547934089,1182.1384589102438
194.0,1466.646269891497,24176.95502230329,1155.0852819279062
194.0,1394.095601891051,16602.128211466374,1190.0432565473934
194.0,1287.1263404618428,46888.924011989715,1184.856810430132
194.0,1314.648051054811,24608.081411847044,1135.5951783543026
194.0,1569.7023864067285,15409.454033234944,1139.0405113314728
194.0,1372.9660754783936,10963.452054573754,1216.3528480229597
194.0,1310.9160320758856,32467.391004100795,1130.653674288786
194.0,1759.4016538360725,794.3807809004768,1274.4994732362702
194.0,1535.4387128825995,16422.227902100545,1192.8281772782707
194.0,1841.5752479020261,536.946937267753,1250.6317228095756
195.0,1376.5748057944586,39429.25211582635,1128.3548606735544
195.0,1395.665538962748,19398.646215742414,1151.4704754523636
195.0,1520.7666707669487,25019.434370261108,1150.4482731588946
195.0,1372.9660754783936,10963.452054573754,1216.3528480229597
195.0,1212.1963617353074,42625.49214671427,1180.5682163683005
195.0,1569.7023864067285,15409.454033234944,1139.0405113314728
195.0,1386.6552530716842,20575.554002000285,1153.7155030636686
195.0,1394.095601891051,16602.128211466374,1190.0432565473934
195.0,1276.811088969978,29410.980379024768,1148.768118045518
195.0,1310.9160320758856,32467.391004100795,1130.653674288786
195.0,1373.1855789415067,20255.67547934089,1182.1384589102438
195.0,1535.4387128825995,16422.227902100545,1192.8281772782707
195.0,1756.682488881174,648.4367871753793,1231.1305518123092
196.0,1376.5748057944586,39429.25211582635,1128.3548606735544
196.0,1359.2614067081406,19128.274305222378,1153.9040440127658
196.0,1372.9660754783936,10963.452054573754,1216.3528480229597
196.0,1462.1494925597533,30618.782118419087,1146.1381220748747
196.0,1212.1963617353074,42625.49214671427,1180.5682163683005
196.0,1386.6552530716842,20575.554002000285,1153.7155030636686
196.0,1311.884619146994,31297.49113120772,1130.7942714426808
196.0,1644.0905574751066,25620.677536789335,1153.7002253129365
196.0,1394.095601891051,16602.128211466374,1190.0432565473934
196.0,1276.811088969978,29410.980379024768,1148.768118045518
196.0,1756.682488881174,648.4367871753793,1231.1305518123092
197.0,1376.5748057944586,39429.25211582635,1128.3548606735544
197.0,1359.2614067081406,19128.274305222378,1153.9040440127658
197.0,1677.8120006956553,7295.937844482292,1246.429868203383
197.0,1274.2839106667618,28853.80477514768,1148.3133249519335
197.0,1429.5916743199834,10762.609450905808,1212.4453356655054
197.0,1311.884619146994,31297.49113120772,1130.7942714426808
197.0,1405.4600213493184,27343.282649854307,1134.2139896458227
197.0,1394.095601891051,16602.128211466374,1190.0432565473934
197.0,1376.9349200791064,18573.968320937656,1157.907351761368
197.0,1514.9496826091845,15091.163395939293,1151.8173340919793
197.0,1756.682488881174,648.4367871753793,1231.1305518123092
198.0,1376.5748057944586,39429.25211582635,1128.3548606735544
198.0,1359.2614067081406,19128.274305222378,1153.9040440127658
198.0,1677.8120006956553,7295.937844482292,1246.429868203383
198.0,1774.5565721487383,3323.0732073009726,1225.8085975779886
198.0,1376.9349200791064,18573.968320937656,1157.907351761368
198.0,1429.5916743199834,10762.609450905808,1212.4453356655054
198.0,1311.884619146994,31297.49113120772,1130.7942714426808
198.0,1274.2839106667618,28853.80477514768,1148.3133249519335
198.0,1514.9496826091845,15091.163395939293,1151.8173340919793
198.0,1756.682488881174,648.4367871753793,1231.1305518123092
199.0,1376.5748057944586,39429.25211582635,1128.3548606735544
199.0,1457.456921838113,18379.752001680266,1175.282288379757
199.0,1359.2614067081406,19128.274305222378,1153.9040440127658
199.0,1677.8120006956553,7295.937844482292,1246.429868203383
199.0,1774.5565721487383,3323.0732073009726,1225.8085975779886
199.0,1457.9465273153864,18816.4603788732,1161.9623564053288
199.0,1259.2278892987047,57247.41588471386,1168.0125959206398
199.0,1468.8192087556981,28474.964050822982,1151.1190155691984
199.0,1429.5916743199834,10762.609450905808,1212.4453356655054
199.0,1311.0100168219494,19638.082515446426,1170.0850258244382
199.0,1439.8269169569273,18387.267825904866,1169.1183982949055
199.0,1274.2839106667618,28853.80477514768,1148.3133249519335
199.0,1528.8818811168005,15962.62359033575,1161.9980452529585
199.0,1311.884619146994,31297.49113120772,1130.7942714426808
199.0,1756.682488881174,648.4367871753793,1231.1305518123092
200.0,1376.5748057944586,39429.25211582635,1128.3548606735544
200.0,1379.7027224526034,16673.344036774735,1164.4944259293763
200.0,2016.1769366454753,723.6251669883285,1305.178981529677
200.0,1274.2839106667618,28853.80477514768,1148.3133249519335
200.0,1429.5916743199834,10762.609450905808,1212.4453356655054
200.0,1414.9414612603916,18596.667386392877,1159.5436318352831
200.0,1259.2278892987047,57247.41588471386,1168.0125959206398
200.0,1399.6702024878546,23190.04752051235,1159.805127051974
200.0,1311.0100168219494,19638.082515446426,1170.0850258244382
200.0,1364.715021623545,26111.95347262846,1164.0916166521945
200.0,1789.7204732680568,768.6164176982228,1265.5871662660209
200.0,1528.8818811168005,15962.62359033575,1161.9980452529585
200.0,1361.5034078611714,31823.695863123517,1132.0418401022575
200.0,1548.5349256091606,790.8106837221108,1212.6231463619351
201.0,1376.5748057944586,39429.25211582635,1128.3548606735544
201.0,1379.7027224526034,16673.344036774735,1164.4944259293763
201.0,1674.3423153435685,3500.5158454444827,1241.241855971793
201.0,1774.5565721487383,3323.0732073009726,1225.8085975779886
201.0,1573.8074678411785,16376.768769827218,1166.503236223426
201.0,1414.9414612603916,18596.667386392877,1159.5436318352831
201.0,1458.7967510000115,22373.234462993514,1147.3443002190554
201.0,1259.2278892987047,57247.41588471386,1168.0125959206398
201.0,1429.5916743199834,10762.609450905808,1212.4453356655054
201.0,1311.0100168219494,19638.082515446426,1170.0850258244382
201.0,1364.715021623545,26111.95347262846,1164.0916166521945
201.0,1413.3166902024532,24982.303742629363,1156.3827003204876
201.0,1303.7129233939095,30310.868340583067,1130.3772123195295
201.0,1789.7204732680568,768.6164176982228,1265.5871662660209
201.0,1339.471951834795,30007.44569483854,1142.9321946215011
201.0,1922.7972127555247,822.3661529545208,1249.6017037146628
201.0,1939.1615273403897,1367.6325572770052,1248.7731916296336
201.0,1952.80497283803,585.4149264091456,1300.760795910804
202.0,1376.5748057944586,39429.25211582635,1128.3548606735544
202.0,1421.2796677775182,16511.78712166679,1198.032292111793
202.0,1379.7027224526034,16673.344036774735,1164.4944259293763
202.0,1431.7053311327084,13480.86411235843,1156.3265459796887
202.0,1774.5565721487383,3323.0732073009726,1225.8085975779886
202.0,1512.0390461212169,23624.863786791117,1154.7756449812648
202.0,1331.3438227747995,17580.36428769357,1172.0767306595837
202.0,1866.1723405786254,810.0674445817715,1280.217140651036
202.0,1429.5916743199834,10762.609450905808,1212.4453356655054
202.0,1295.816409469715,29243.838788072644,1141.9969061690724
202.0,1461.3264888672447,26974.243027772944,1144.5498384140224
202.0,1674.3423153435685,3500.5158454444827,1241.241855971793
202.0,1303.7129233939095,30310.868340583067,1130.3772123195295
202.0,1922.7972127555247,822.3661529545208,1249.6017037146628
202.0,1939.1615273403897,1367.6325572770052,1248.7731916296336
202.0,1952.80497283803,585.4149264091456,1300.760795910804
202.0,1641.482517568184,8024.37501582586,1246.289247349511
203.0,1376.5748057944586,39429.25211582635,1128.3548606735544
203.0,1421.2796677775182,16511.78712166679,1198.032292111793
203.0,1379.7027224526034,16673.344036774735,1164.4944259293763
203.0,1813.1983657697454,3663.288939710392,1234.9734628391177
203.0,1481.3938870968307,15777.262998185599,1151.162715549154
203.0,1331.3438227747995,17580.36428769357,1172.0767306595837
203.0,1431.7053311327084,13480.86411235843,1156.3265459796887
203.0,1464.3244645546235,12327.823309303274,1157.4813721092717
203.0,1335.6939701867436,29790.338446478676,1147.5233855620436
203.0,1340.7321574646746,24086.979453284875,1150.6698649803518
203.0,1401.9848760684347,23315.87512885083,1158.1946092853361
203.0,1342.0041138498586,17200.85525396595,1166.998007593614
203.0,1303.7129233939095,30310.868340583067,1130.3772123195295
203.0,1461.3264888672447,26974.243027772944,1144.5498384140224
203.0,1284.4371799579874,30169.754716478277,1148.9895557751256
203.0,1866.1723405786254,810.0674445817715,1280.217140651036
203.0,1922.7972127555247,822.3661529545208,1249.6017037146628
203.0,1775.6949837855657,1765.7049437286692,1252.4667719261918
203.0,1952.80497283803,585.4149264091456,1300.760795910804
203.0,1710.841148402682,6621.277296428516,1230.2603286790604
204.0,1376.5748057944586,39429.25211582635,1128.3548606735544
204.0,1335.6939701867436,29790.338446478676,1147.5233855620436
204.0,1379.7027224526034,16673.344036774735,1164.4944259293763
204.0,1813.1983657697454,3663.288939710392,1234.9734628391177
204.0,1431.7053311327084,13480.86411235843,1156.3265459796887
204.0,1481.3938870968307,15777.262998185599,1151.162715549154
204.0,1461.6254569918908,20207.56671155598,1156.1698199928871
204.0,1324.0087900216447,26226.004583305283,1148.9780501676958
204.0,1464.3244645546235,12327.823309303274,1157.4813721092717
204.0,1346.1425551317113,12381.730495182732,1177.0085688821907
204.0,1401.9848760684347,23315.87512885083,1158.1946092853361
204.0,1340.7321574646746,24086.979453284875,1150.6698649803518
204.0,1342.0041138498586,17200.85525396595,1166.998007593614
204.0,1284.4371799579874,30169.754716478277,1148.9895557751256
204.0,1461.3264888672447,26974.243027772944,1144.5498384140224
204.0,1351.37314841216,30508.032977028422,1139.2988497342928
204.0,1422.1183590514513,15238.36364427391,1162.4232288150556
204.0,1922.7972127555247,822.3661529545208,1249.6017037146628
204.0,1775.6949837855657,1765.7049437286692,1252.4667719261918
204.0,1849.9283361392415,663.4933144174136,1258.7226158607205
204.0,1632.3305520208,8208.614969024153,1254.2680713595375
205.0,1376.5748057944586,39429.25211582635,1128.3548606735544
205.0,1431.7053311327084,13480.86411235843,1156.3265459796887
205.0,1379.7027224526034,16673.344036774735,1164.4944259293763
205.0,1813.1983657697454,3663.288939710392,1234.9734628391177
205.0,1418.9244485170875,21662.650274015745,1160.8814256898715
205.0,1481.3938870968307,15777.262998185599,1151.162715549154
205.0,1461.6254569918908,20207.56671155598,1156.1698199928871
205.0,1464.3244645546235,12327.823309303274,1157.4813721092717
205.0,1335.6939701867436,29790.338446478676,1147.5233855620436
205.0,1346.1425551317113,12381.730495182732,1177.0085688821907
205.0,1405.6893429638135,23398.85815601521,1156.081004643688
205.0,1328.808867124145,16088.014710342337,1166.2009403429026
205.0,1364.3933283771319,29253.643512467028,1150.1109145590162
205.0,1284.4371799579874,30169.754716478277,1148.9895557751256
205.0,1411.4515048059377,23832.71934424673,1146.5436159257529
205.0,1579.2950122132295,15641.064865815055,1152.752824109986
205.0,1351.37314841216,30508.032977028422,1139.2988497342928
205.0,1422.1183590514513,15238.36364427391,1162.4232288150556
205.0,1922.7972127555247,822.3661529545208,1249.6017037146628
205.0,1775.6949837855657,1765.7049437286692,1252.4667719261918
205.0,1849.9283361392415,663.4933144174136,1258.7226158607205
206.0,1376.5748057944586,39429.25211582635,1128.3548606735544
206.0,1346.1425551317113,12381.730495182732,1177.0085688821907
206.0,1335.6939701867436,29790.338446478676,1147.5233855620436
206.0,1443.6792366656944,20833.789872714493,1153.6486500705469
206.0,1813.1983657697454,3663.288939710392,1234.9734628391177
206.0,1481.3938870968307,15777.262998185599,1151.162715549154
206.0,1461.6254569918908,20207.56671155598,1156.1698199928871
206.0,1464.3244645546235,12327.823309303274,1157.4813721092717
206.0,1431.7053311327084,13480.86411235843,1156.3265459796887
206.0,1401.5116727639124,23050.401828522106,1157.3581067365462
206.0,1418.9244485170875,21662.650274015745,1160.8814256898715
206.0,1301.2782782962925,16218.780684839245,1167.2993994731032
206.0,1364.3933283771319,29253.643512467028,1150.1109145590162
206.0,1284.4371799579874,30169.754716478277,1148.9895557751256
206.0,1346.0822790888856,25337.055891074277,1151.0637081245213
206.0,1579.2950122132295,15641.064865815055,1152.752824109986
206.0,1351.37314841216,30508.032977028422,1139.2988497342928
206.0,1422.1183590514513,15238.36364427391,1162.4232288150556
206.0,1865.834914654583,797.1472935951352,1248.4314513047764
206.0,1812.4927100844739,1919.5040160447957,1246.2271111692367
206.0,1849.9283361392415,663.4933144174136,1258.7226158607205
207.0,1376.5748057944586,39429.25211582635,1128.3548606735544
207.0,1346.1425551317113,12381.730495182732,1177.0085688821907
207.0,1335.6939701867436,29790.338446478676,1147.5233855620436
207.0,1552.8522535661764,19803.584746704044,1149.5384238625954
207.0,1284.4371799579874,30169.754716478277,1148.9895557751256
207.0,1265.6748353531807,24036.928991385957,1204.5385389807514
207.0,1431.7053311327084,13480.86411235843,1156.3265459796887
207.0,1464.3244645546235,12327.823309303274,1157.4813721092717
207.0,1443.6792366656944,20833.789872714493,1153.6486500705469
207.0,1320.1296552056508,22682.876361515046,1148.7842719764403
207.0,1418.9244485170875,21662.650274015745,1160.8814256898715
207.0,1301.2782782962925,16218.780684839245,1167.2993994731032
207.0,1344.5032453828983,33299.26309557511,1143.869833010632
207.0,1579.2950122132295,15641.064865815055,1152.752824109986
207.0,1351.37314841216,30508.032977028422,1139.2988497342928
207.0,1865.834914654583,797.1472935951352,1248.4314513047764
207.0,1812.4927100844739,1919.5040160447957,1246.2271111692367
207.0,1789.2619823557145,770.9744342762175,1248.9607983876144
207.0,1816.29353425909,6284.301595856529,1238.328843624674
208.0,1376.5748057944586,39429.25211582635,1128.3548606735544
208.0,1346.1425551317113,12381.730495182732,1177.0085688821907
208.0,1442.8776098201477,11986.640476793345,1154.2859395034084
208.0,1443.6792366656944,20833.789872714493,1153.6486500705469
208.0,1275.7358064168288,29806.7545933451,1148.7329794782447
208.0,1265.6748353531807,24036.928991385957,1204.5385389807514
208.0,1320.1296552056508,22682.876361515046,1148.7842719764403
208.0,1418.9244485170875,21662.650274015745,1160.8814256898715
208.0,1301.2782782962925,16218.780684839245,1167.2993994731032
208.0,1765.6408366619821,8328.605883235996,1231.4810036127908
208.0,1579.2950122132295,15641.064865815055,1152.752824109986
208.0,1351.37314841216,30508.032977028422,1139.2988497342928
208.0,1344.5032453828983,33299.26309557511,1143.869833010632
208.0,1865.834914654583,797.1472935951352,1248.4314513047764
208.0,1812.4927100844739,1919.5040160447957,1246.2271111692367
208.0,1776.8599532311368,10597.18817236662,1166.5553423466672
208.0,1779.4099104184213,5817.267378050135,1232.4464452111765
209.0,1376.5748057944586,39429.25211582635,1128.3548606735544
209.0,1442.8776098201477,11986.640476793345,1154.2859395034084
209.0,1463.7165058996718,14188.2556608344,1148.5956282786065
209.0,1265.6748353531807,24036.928991385957,1204.5385389807514
209.0,1395.341635643452,35702.61209456198,1143.325441053698
209.0,1525.704480645822,16978.830640424876,1148.4490256522542
209.0,1743.4865004770772,8791.676236877849,1222.9923820712215
209.0,1387.9193318070347,13083.480677655061,1149.2327218815522
209.0,1301.2782782962925,16218.780684839245,1167.2993994731032
209.0,1379.8290257184458,25292.927188188434,1150.1431856626414
209.0,1275.7358064168288,29806.7545933451,1148.7329794782447
209.0,1344.5032453828983,33299.26309557511,1143.869833010632
209.0,1396.1620460015165,29695.368932639805,1129.0685606055997
209.0,1978.742857968425,826.1853445918315,1278.6054186102047
209.0,1867.1369052743614,864.4434824460634,1248.135208000513
209.0,1824.631723482812,3356.0405803229587,1248.5297271919649
209.0,2090.17340673096,809.2943182503243,1326.2012999648273
209.0,1776.8599532311368,10597.18817236662,1166.5553423466672
209.0,1726.6381953653738,6736.753371140295,1230.8349490196194
210.0,1376.5748057944586,39429.25211582635,1128.3548606735544
210.0,1342.3514338938903,36308.23274999651,1137.4108209310991
210.0,1462.2347463684737,27072.934267004865,1143.6669139308415
210.0,1488.4044341808692,18482.82551211547,1121.3169136954136
210.0,1265.6748353531807,24036.928991385957,1204.5385389807514
210.0,1975.8591477924099,847.6323579549596,1275.9729312071076
210.0,1464.3244645546235,12327.823309303274,1157.4813721092717
210.0,1387.9193318070347,13083.480677655061,1149.2327218815522
210.0,1301.2782782962925,16218.780684839245,1167.2993994731032
210.0,1275.7358064168288,29806.7545933451,1148.7329794782447
210.0,1379.8290257184458,25292.927188188434,1150.1431856626414
210.0,1607.4582383088086,10320.678186688428,1231.6599328057303
210.0,1350.82319510727,28174.773424313873,1132.6363391061
210.0,1867.1369052743614,864.4434824460634,1248.135208000513
210.0,1824.631723482812,3356.0405803229587,1248.5297271919649
210.0,1937.3376313487718,795.756375780273,1285.9695656961824
210.0,1640.858055678294,210193.78960339204,1093.389428480649
210.0,1540.4243780439865,10993.56224967539,1230.3258852766933
210.0,2061.7380774811295,805.8908924725303,1260.1615354455919
211.0,1376.5748057944586,39429.25211582635,1128.3548606735544
211.0,1331.5758176345244,29019.81436939367,1145.4571640639222
211.0,1361.5492774730544,16421.464561082932,1178.440622023813
211.0,1464.3106673487855,23780.647380407496,1154.0638877978981
211.0,1488.4044341808692,18482.82551211547,1121.3169136954136
211.0,1265.6748353531807,24036.928991385957,1204.5385389807514
211.0,1451.406226935514,17363.966846023923,1157.167498129785
211.0,1483.606960274914,25844.307501680007,1112.8188753010995
211.0,1418.6858965850847,25213.78832017256,1159.5322601173546
211.0,1408.0678001719918,23278.521344627035,1169.5213115821691
211.0,1352.372490789571,28448.586250103133,1133.603640119773
211.0,1433.236052057251,9411.496432958602,1160.9556366984882
211.0,1349.8925857324675,22598.883699745656,1183.1766627475904
211.0,1485.4585064681953,17402.986514694883,1151.1145453323522
211.0,1379.8290257184458,25292.927188188434,1150.1431856626414
211.0,1777.9913203144758,3287.5202134047786,1238.6559440849578
211.0,1411.103450265567,24268.588752770873,1163.2006470430717
211.0,1342.3514338938903,36308.23274999651,1137.4108209310991
211.0,1380.2680167770973,22164.833219892862,1173.7965716104206
211.0,1867.1369052743614,864.4434824460634,1248.135208000513
211.0,1818.422404865134,695.1097318672837,1260.0443262494348
211.0,1640.858055678294,210193.78960339204,1093.389428480649
212.0,1376.5748057944586,39429.25211582635,1128.3548606735544
212.0,1887.489944625452,2267.542041061529,1256.7263744078873
212.0,1361.5492774730544,16421.464561082932,1178.440622023813
212.0,1408.0678001719918,23278.521344627035,1169.5213115821691
212.0,1488.4044341808692,18482.82551211547,1121.3169136954136
212.0,1352.372490789571,28448.586250103133,1133.603640119773
212.0,1483.606960274914,25844.307501680007,1112.8188753010995
212.0,1312.0873127055368,27698.422106048863,1165.8690368078921
212.0,1418.6858965850847,25213.78832017256,1159.5322601173546
212.0,1424.0808225321175,22062.188430267073,1153.9822389468782
212.0,1433.236052057251,9411.496432958602,1160.9556366984882
212.0,1349.8925857324675,22598.883699745656,1183.1766627475904
212.0,1379.8290257184458,25292.927188188434,1150.1431856626414
212.0,1777.9913203144758,3287.5202134047786,1238.6559440849578
212.0,1411.103450265567,24268.588752770873,1163.2006470430717
212.0,1615.8822724035012,16361.577018002095,1152.3219614342247
212.0,1564.9193246751631,17013.567470583308,1153.5017995680855
212.0,1295.4899675922777,33361.828476994895,1142.3183535584212
212.0,1380.2680167770973,22164.833219892862,1173.7965716104206
212.0,1331.5758176345244,29019.81436939367,1145.4571640639222
212.0,1818.422404865134,695.1097318672837,1260.0443262494348
212.0,1640.858055678294,210193.78960339204,1093.389428480649
213.0,1376.5748057944586,39429.25211582635,1128.3548606735544
213.0,1872.555302229132,2343.2885858054215,1252.6417805346603
213.0,1361.5492774730544,16421.464561082932,1178.440622023813
213.0,1531.1836064376148,17324.199948550842,1155.8683111788114
213.0,1488.4044341808692,18482.82551211547,1121.3169136954136
213.0,1540.020807831694,16950.94824310042,1157.0909896790886
213.0,1454.3710535466703,13510.74762755341,1162.3831175811188
213.0,1408.0678001719918,23278.521344627035,1169.5213115821691
213.0,1424.0808225321175,22062.188430267073,1153.9822389468782
213.0,1331.5758176345244,29019.81436939367,1145.4571640639222
213.0,1507.0308623421136,12708.097325941852,1182.0192071921283
213.0,1426.3875482740773,19664.638851005875,1140.6652887795617
213.0,1474.601780609786,23750.340763961278,1138.3787333837606
213.0,1349.8925857324675,22598.883699745656,1183.1766627475904
213.0,1396.2651226755154,23472.48123175379,1154.959124798867
213.0,1615.8822724035012,16361.577018002095,1152.3219614342247
213.0,1379.8290257184458,25292.927188188434,1150.1431856626414
213.0,1352.372490789571,28448.586250103133,1133.603640119773
213.0,1564.9193246751631,17013.567470583308,1153.5017995680855
213.0,1295.4899675922777,33361.828476994895,1142.3183535584212
213.0,1603.4779054606015,7520.001838670601,1234.611866810635
213.0,1380.2680167770973,22164.833219892862,1173.7965716104206
213.0,1898.6512015177302,776.2802836834476,1254.67801568002
213.0,1803.3143404656214,2224.388321982084,1261.1379343484446
213.0,2131.5505726985134,707.1625135929783,1348.501652848718
213.0,1586.4729386412673,189819.55118334104,1090.9419620907809
214.0,1376.5748057944586,39429.25211582635,1128.3548606735544
214.0,1454.3710535466703,13510.74762755341,1162.3831175811188
214.0,1507.0308623421136,12708.097325941852,1182.0192071921283
214.0,1488.4044341808692,18482.82551211547,1121.3169136954136
214.0,1352.372490789571,28448.586250103133,1133.603640119773
214.0,1604.8048573066785,13239.8340471811,1170.8129852994923
214.0,1370.0181372384131,21171.439881254653,1173.791882767854
214.0,1417.0152644259736,23990.23607913498,1144.4196395391748
214.0,1380.940666443355,16804.750056196408,1178.397693035739
214.0,1426.3875482740773,19664.638851005875,1140.6652887795617
214.0,1456.8739791421208,22601.410340353632,1136.3590547834813
214.0,1265.5923326641505,21130.21152368207,1176.59525103478
214.0,1689.9865416991825,3705.788445545918,1256.8437028931971
214.0,1856.3915128042283,6997.6703054116915,1250.7799578547035
214.0,1379.8290257184458,25292.927188188434,1150.1431856626414
214.0,1330.3607184182574,30921.47125707554,1141.2266731321279
214.0,1396.2651226755154,23472.48123175379,1154.959124798867
214.0,1615.8822724035012,16361.577018002095,1152.3219614342247
214.0,1567.4544539167275,16418.609088204976,1155.9471990489697
214.0,1295.4899675922777,33361.828476994895,1142.3183535584212
214.0,1819.8598054205956,726.0078896032422,1252.0911578520734
214.0,1803.3143404656214,2224.388321982084,1261.1379343484446
214.0,2035.9480394633442,706.1145994020688,1334.4135847404707
214.0,1586.4729386412673,189819.55118334104,1090.9419620907809
214.0,1585.8941468130706,9920.763722965406,1240.571599467088
215.0,1376.5748057944586,39429.25211582635,1128.3548606735544
215.0,1330.3607184182574,30921.47125707554,1141.2266731321279
215.0,1452.5615161530154,22227.508623223526,1147.8954241208257
215.0,1488.4044341808692,18482.82551211547,1121.3169136954136
215.0,1534.6808786683587,18140.950704547915,1154.8801423731447
215.0,1300.8781897145188,33053.21052999018,1143.5685089331453
215.0,1689.9865416991825,3705.788445545918,1256.8437028931971
215.0,1370.0181372384131,21171.439881254653,1173.791882767854
215.0,1368.3590500930436,27678.020652489377,1159.9585147684684
215.0,1417.0152644259736,23990.23607913498,1144.4196395391748
215.0,1380.940666443355,16804.750056196408,1178.397693035739
215.0,1442.8338505248262,14961.07295743664,1168.0810161696222
215.0,1485.6474229265207,16757.565699975323,1165.5970487330924
215.0,1456.8739791421208,22601.410340353632,1136.3590547834813
215.0,1819.8598054205956,726.0078896032422,1252.0911578520734
215.0,1383.778625915219,28936.223107221642,1149.3680948391661
215.0,1396.2651226755154,23472.48123175379,1154.959124798867
215.0,1615.8822724035012,16361.577018002095,1152.3219614342247
215.0,1398.8616172805698,26986.341055743673,1128.9618723346666
215.0,1498.72374649305,17111.32574929414,1154.9650340857277
215.0,1382.9969798198306,32607.753595304428,1140.9504667924516
215.0,1757.827522110667,2605.867798663471,1245.71464524242
215.0,2035.9480394633442,706.1145994020688,1334.4135847404707
215.0,1586.4729386412673,189819.55118334104,1090.9419620907809
215.0,1585.8941468130706,9920.763722965406,1240.571599467088
216.0,1376.5748057944586,39429.25211582635,1128.3548606735544
216.0,1624.0522220710668,16949.25422050093,1146.2289590901669
216.0,1488.4044341808692,18482.82551211547,1121.3169136954136
216.0,1354.845409988358,23314.53729902439,1129.1954700966776
216.0,1615.8822724035012,16361.577018002095,1152.3219614342247
216.0,1501.9307345720804,18389.770195791498,1147.8547976276768
216.0,1442.8338505248262,14961.07295743664,1168.0810161696222
216.0,1456.8739791421208,22601.410340353632,1136.3590547834813
216.0,1394.9651796876612,18994.16381004887,1186.3194383279358
216.0,1292.6767884861997,28440.54899911479,1149.0752987412047
216.0,1912.8717750013268,800.6265801090815,1260.1513857249777
216.0,1344.6467279267686,23160.470502778444,1154.4443997980993
216.0,1650.2376484563836,5514.974816706658,1238.6664443185045
216.0,1498.72374649305,17111.32574929414,1154.9650340857277
216.0,1311.5332186443234,29955.87504166739,1139.4547078773314
216.0,1370.0181372384131,21171.439881254653,1173.791882767854
216.0,1982.3915902183583,674.1200828310746,1253.6872862104858
216.0,1757.827522110667,2605.867798663471,1245.71464524242
216.0,1738.4624739208411,13303.915367100442,1172.4651729150362
216.0,1585.8941468130706,9920.763722965406,1240.571599467088
216.0,1980.0569704611107,798.4508239306975,1278.4159097280585
217.0,1376.5748057944586,39429.25211582635,1128.3548606735544
217.0,1488.4044341808692,18482.82551211547,1121.3169136954136
217.0,1354.845409988358,23314.53729902439,1129.1954700966776
217.0,1541.7120411770422,16502.831533338336,1151.5366373394038
217.0,1372.6584779113118,22142.473091644606,1156.3446787240348
217.0,1501.9307345720804,18389.770195791498,1147.8547976276768
217.0,1442.8338505248262,14961.07295743664,1168.0810161696222
217.0,1456.8739791421208,22601.410340353632,1136.3590547834813
217.0,1394.9651796876612,18994.16381004887,1186.3194383279358
217.0,1329.37709483328,27026.383558645874,1142.2123768209542
217.0,1918.144049461161,768.8828707222583,1266.5863541830938
217.0,1355.5228371464011,22239.90405290486,1152.2357464398972
217.0,1650.2376484563836,5514.974816706658,1238.6664443185045
217.0,1498.3180705080301,16931.288442919347,1155.3311888523535
217.0,1534.8687020599332,14330.995879051585,1231.0239474681762
217.0,1370.0181372384131,21171.439881254653,1173.791882767854
217.0,1982.3915902183583,674.1200828310746,1253.6872862104858
217.0,1757.827522110667,2605.867798663471,1245.71464524242
217.0,1758.1833020371173,681.3806472849142,1287.3016632287129
217.0,1747.860963198009,10048.156760344755,1172.1276491475257
217.0,1655.4765682081402,14832.751677871565,1226.8158298859662
218.0,1376.5748057944586,39429.25211582635,1128.3548606735544
218.0,1488.4044341808692,18482.82551211547,1121.3169136954136
218.0,1354.845409988358,23314.53729902439,1129.1954700966776
218.0,1541.7120411770422,16502.831533338336,1151.5366373394038
218.0,1518.2285573452698,14562.312696371773,1200.3940604219874
218.0,1918.144049461161,768.8828707222583,1266.5863541830938
218.0,1442.8338505248262,14961.07295743664,1168.0810161696222
218.0,1428.1352262500566,16476.579327646643,1180.9367697668715
218.0,1456.8739791421208,22601.410340353632,1136.3590547834813
218.0,1394.9651796876612,18994.16381004887,1186.3194383279358
218.0,1329.37709483328,27026.383558645874,1142.2123768209542
218.0,1333.73393649364,21827.33209615171,1141.7097956523332
218.0,1650.2376484563836,5514.974816706658,1238.6664443185045
218.0,1498.3180705080301,16931.288442919347,1155.3311888523535
218.0,1534.8687020599332,14330.995879051585,1231.0239474681762
218.0,1419.537073202398,21713.24766789969,1175.7300676572577
218.0,1982.3915902183583,674.1200828310746,1253.6872862104858
218.0,1752.7657794226468,2395.186822247289,1241.2190090097624
218.0,1811.2339133343394,679.1763193526197,1283.4310314242368
218.0,1747.860963198009,10048.156760344755,1172.1276491475257
218.0,1752.302993549154,5696.728601247868,1234.354475388411
219.0,1376.5748057944586,39429.25211582635,1128.3548606735544
219.0,1541.7120411770422,16502.831533338336,1151.5366373394038
219.0,1488.4044341808692,18482.82551211547,1121.3169136954136
219.0,1918.144049461161,768.8828707222583,1266.5863541830938
219.0,1456.8739791421208,22601.410340353632,1136.3590547834813
219.0,1362.316243971311,19455.405105632803,1154.6735729364202
219.0,1442.8338505248262,14961.07295743664,1168.0810161696222
219.0,1436.9931786418128,16474.847599793637,1159.768730318254
219.0,1428.1352262500566,16476.579327646643,1180.9367697668715
219.0,1329.37709483328,27026.383558645874,1142.2123768209542
219.0,1333.73393649364,21827.33209615171,1141.7097956523332
219.0,1650.2376484563836,5514.974816706658,1238.6664443185045
219.0,1498.3180705080301,16931.288442919347,1155.3311888523535
219.0,1357.298734203529,29704.76600128098,1140.3718227113932
219.0,1534.8687020599332,14330.995879051585,1231.0239474681762
219.0,1982.3915902183583,674.1200828310746,1253.6872862104858
219.0,1763.382397219368,2428.244763733257,1252.9669564144608
219.0,1747.860963198009,10048.156760344755,1172.1276491475257
219.0,1752.302993549154,5696.728601247868,1234.354475388411
220.0,1376.5748057944586,39429.25211582635,1128.3548606735544
220.0,1541.7120411770422,16502.831533338336,1151.5366373394038
220.0,1488.4044341808692,18482.82551211547,1121.3169136954136
220.0,1350.5837349084618,21037.454734529194,1166.8476418102564
220.0,1537.3837511877168,16351.495804420883,1167.2617899138681
220.0,1456.8739791421208,22601.410340353632,1136.3590547834813
220.0,1918.144049461161,768.8828707222583,1266.5863541830938
220.0,1362.316243971311,19455.405105632803,1154.6735729364202
220.0,1442.8338505248262,14961.07295743664,1168.0810161696222
220.0,1436.9931786418128,16474.847599793637,1159.768730318254
220.0,1612.4159152978282,17250.91433520698,1141.4554528260203
220.0,1428.1352262500566,16476.579327646643,1180.9367697668715
220.0,1329.37709483328,27026.383558645874,1142.2123768209542
220.0,1333.73393649364,21827.33209615171,1141.7097956523332
220.0,1621.3851422732714,3702.4944797041353,1241.9939486679348
220.0,1364.4024905773638,29982.39226278667,1138.889180296165
220.0,1498.3180705080301,16931.288442919347,1155.3311888523535
220.0,1357.298734203529,29704.76600128098,1140.3718227113932
220.0,1534.8687020599332,14330.995879051585,1231.0239474681762
220.0,1955.3637048442356,625.5191378274435,1208.6265370459114
220.0,1763.382397219368,2428.244763733257,1252.9669564144608
220.0,1854.4980501143566,674.6819364453162,1287.6540411137485
220.0,1747.860963198009,10048.156760344755,1172.1276491475257
220.0,1752.302993549154,5696.728601247868,1234.354475388411
221.0,1376.5748057944586,39429.25211582635,1128.3548606735544
221.0,1587.526475147095,25272.75834387138,1135.6090781225062
221.0,1793.0266995125596,713.0433497106806,1269.3188121701423
221.0,1686.89929717294,26006.78200956589,1129.3420811396459
221.0,1612.4159152978282,17250.91433520698,1141.4554528260203
221.0,1436.9931786418128,16474.847599793637,1159.768730318254
221.0,1328.4082746248741,21645.97952492225,1141.705241302877
221.0,1537.3837511877168,16351.495804420883,1167.2617899138681
221.0,1541.7120411770422,16502.831533338336,1151.5366373394038
221.0,1456.8739791421208,22601.410340353632,1136.3590547834813
221.0,1442.8338505248262,14961.07295743664,1168.0810161696222
221.0,1362.316243971311,19455.405105632803,1154.6735729364202
221.0,1664.931213087446,5094.598671583446,1246.9609592002114
221.0,1330.1094751396936,28576.317351857735,1132.8127800813531
221.0,1498.3180705080301,16931.288442919347,1155.3311888523535
221.0,1534.8687020599332,14330.995879051585,1231.0239474681762
221.0,1279.7836985803785,30832.16605443533,1153.8944954760505
221.0,1955.3637048442356,625.5191378274435,1208.6265370459114
221.0,1763.382397219368,2428.244763733257,1252.9669564144608
221.0,1865.8427663291975,690.5201579131708,1258.4078045239035
221.0,1752.302993549154,5696.728601247868,1234.354475388411
222.0,1376.5748057944586,39429.25211582635,1128.3548606735544
222.0,1356.3694706225497,25720.232714865415,1180.7576118367185
222.0,1534.8687020599332,14330.995879051585,1231.0239474681762
222.0,1686.89929717294,26006.78200956589,1129.3420811396459
222.0,1600.5678129732114,16407.574657323836,1157.0134580427746
222.0,1587.526475147095,25272.75834387138,1135.6090781225062
222.0,1377.5343425346014,21642.985078548303,1144.4190843149777
222.0,1537.3837511877168,16351.495804420883,1167.2617899138681
222.0,1541.7120411770422,16502.831533338336,1151.5366373394038
222.0,1456.8739791421208,22601.410340353632,1136.3590547834813
222.0,1488.4104975596588,34260.97840283072,1135.6769399092786
222.0,1436.9931786418128,16474.847599793637,1159.768730318254
222.0,1442.8338505248262,14961.07295743664,1168.0810161696222
222.0,1362.316243971311,19455.405105632803,1154.6735729364202
222.0,1329.37709483328,27026.383558645874,1142.2123768209542
222.0,1664.931213087446,5094.598671583446,1246.9609592002114
222.0,1718.0477449795108,7177.953721306591,1211.491322611768
222.0,1498.3180705080301,16931.288442919347,1155.3311888523535
222.0,1295.5132255406827,31754.84945401845,1139.8209367896814
222.0,1960.2074677166588,627.9483992432222,1232.5105915124693
222.0,1763.382397219368,2428.244763733257,1252.9669564144608
222.0,1793.0266995125596,713.0433497106806,1269.3188121701423
222.0,1865.8427663291975,690.5201579131708,1258.4078045239035
222.0,1752.4155215150436,4443.907429594033,1234.9803513521904
223.0,1376.5748057944586,39429.25211582635,1128.3548606735544
223.0,1356.3694706225497,25720.232714865415,1180.7576118367185
223.0,1362.316243971311,19455.405105632803,1154.6735729364202
223.0,1686.89929717294,26006.78200956589,1129.3420811396459
223.0,1467.4041868706204,16795.77714930737,1173.704682898327
223.0,1793.0266995125596,713.0433497106806,1269.3188121701423
223.0,1540.2578491652218,13021.196667242973,1145.1002501148307
223.0,1650.0677285451316,25845.860524748052,1132.320889084887
223.0,1392.507102422001,20604.444050399896,1147.5246535744914
223.0,1447.1607773089006,21879.844429432593,1134.4349825561485
223.0,1329.37709483328,27026.383558645874,1142.2123768209542
223.0,1641.7061946878848,3071.7244906022925,1248.3751986042296
223.0,1718.0477449795108,7177.953721306591,1211.491322611768
223.0,1498.3180705080301,16931.288442919347,1155.3311888523535
223.0,1295.5132255406827,31754.84945401845,1139.8209367896814
223.0,1534.8687020599332,14330.995879051585,1231.0239474681762
223.0,1278.0540267532122,34067.438720373175,1148.6339936466995
223.0,1909.944469363237,680.7797224865012,1239.8713981906321
223.0,1755.6066664058335,2820.529566172107,1245.667408277298
223.0,1865.8427663291975,690.5201579131708,1258.4078045239035
223.0,1752.4155215150436,4443.907429594033,1234.9803513521904
223.0,1506.7206903034316,16716.99344602899,1221.690757144313
224.0,1376.5748057944586,39429.25211582635,1128.3548606735544
224.0,1793.0266995125596,713.0433497106806,1269.3188121701423
224.0,1686.89929717294,26006.78200956589,1129.3420811396459
224.0,1536.8019399546963,23981.5672546662,1144.717689123287
224.0,1534.8687020599332,14330.995879051585,1231.0239474681762
224.0,1718.0477449795108,7177.953721306591,1211.491322611768
224.0,1617.9486101140412,15508.44315256353,1146.2777158133003
224.0,1488.4104975596588,34260.97840283072,1135.6769399092786
224.0,1362.316243971311,19455.405105632803,1154.6735729364202
224.0,1329.37709483328,27026.383558645874,1142.2123768209542
224.0,1641.1554468787747,3948.0266589107623,1244.26617332364
224.0,1467.4041868706204,16795.77714930737,1173.704682898327
224.0,1328.6438880960886,28568.472808931154,1171.8511689109298
224.0,1392.507102422001,20604.444050399896,1147.5246535744914
224.0,1484.9136367273193,14910.159216160275,1150.92697613192
224.0,1295.5132255406827,31754.84945401845,1139.8209367896814
224.0,1909.944469363237,680.7797224865012,1239.8713981906321
224.0,1777.0334224396056,1705.6319785912083,1262.80997775571
224.0,1865.8427663291975,690.5201579131708,1258.4078045239035
224.0,1752.4155215150436,4443.907429594033,1234.9803513521904
225.0,1376.5748057944586,39429.25211582635,1128.3548606735544
225.0,1517.6773200083753,23442.04456458119,1149.5133555864804
225.0,1686.89929717294,26006.78200956589,1129.3420811396459
225.0,1536.8019399546963,23981.5672546662,1144.717689123287
225.0,1566.4242830431333,17653.177636432192,1159.2924923146393
225.0,1598.973945675799,19505.22931509501,1154.2127776416212
225.0,1617.9486101140412,15508.44315256353,1146.2777158133003
225.0,1328.6438880960886,28568.472808931154,1171.8511689109298
225.0,1488.4104975596588,34260.97840283072,1135.6769399092786
225.0,1313.6243259741534,34442.90847811456,1150.6936215028077
225.0,1537.4000077844137,31902.346198020798,1138.0067836416897
225.0,1346.1554140110238,29086.643123787228,1139.0005801241543
225.0,1329.37709483328,27026.383558645874,1142.2123768209542
225.0,1383.8178910192637,21202.633294008443,1157.3898441655358
225.0,1600.5678129732114,16407.574657323836,1157.0134580427746
225.0,1467.4041868706204,16795.77714930737,1173.704682898327
225.0,1343.2423032167574,24176.301917839213,1141.6441756962147
225.0,1641.1554468787747,3948.0266589107623,1244.26617332364
225.0,1695.3350648410901,7085.999453668175,1210.0420512518394
225.0,1522.9007210537961,11525.236925287447,1159.8435946964769
225.0,1766.3626384244255,713.091691723331,1247.1216105076073
225.0,1707.9930970016644,2526.3616300688195,1244.9940078701384
225.0,1793.0266995125596,713.0433497106806,1269.3188121701423
225.0,1865.8427663291975,690.5201579131708,1258.4078045239035
225.0,1752.4155215150436,4443.907429594033,1234.9803513521904
225.0,1494.4665705851955,16340.85597475734,1230.080088644222
226.0,1376.5748057944586,39429.25211582635,1128.3548606735544
226.0,1793.0266995125596,713.0433497106806,1269.3188121701423
226.0,1329.37709483328,27026.383558645874,1142.2123768209542
226.0,1640.5523719022015,6412.495955899245,1209.6116106723907
226.0,1566.4242830431333,17653.177636432192,1159.2924923146393
226.0,1402.4287014679837,22052.25029654388,1138.8392138009715
226.0,1743.9953579013477,1769.5842909564476,1250.1209332315789
226.0,1328.6438880960886,28568.472808931154,1171.8511689109298
226.0,1488.4104975596588,34260.97840283072,1135.6769399092786
226.0,1383.8178910192637,21202.633294008443,1157.3898441655358
226.0,1641.1554468787747,3948.0266589107623,1244.26617332364
226.0,1593.5337571051048,16280.663950915521,1148.1432191253543
226.0,1405.4972212555865,12453.406109432548,1162.6687724583608
226.0,1346.1554140110238,29086.643123787228,1139.0005801241543
226.0,1313.6243259741534,34442.90847811456,1150.6936215028077
226.0,1940.4463315032842,836.4443044308016,1244.0678548805502
226.0,1707.9930970016644,2526.3616300688195,1244.9940078701384
226.0,1865.8427663291975,690.5201579131708,1258.4078045239035
226.0,1752.4155215150436,4443.907429594033,1234.9803513521904
227.0,1376.5748057944586,39429.25211582635,1128.3548606735544
227.0,1402.4287014679837,22052.25029654388,1138.8392138009715
227.0,1559.3536632367427,20308.356368179815,1160.461805222406
227.0,1272.754678287788,22289.594421225265,1131.2623820047181
227.0,1405.4972212555865,12453.406109432548,1162.6687724583608
227.0,1383.8178910192637,21202.633294008443,1157.3898441655358
227.0,1876.8150922196824,776.2427560762329,1272.2706963090852
227.0,1640.5523719022015,6412.495955899245,1209.6116106723907
227.0,1743.9953579013477,1769.5842909564476,1250.1209332315789
227.0,1593.5337571051048,16280.663950915521,1148.1432191253543
227.0,1661.200598394187,2641.3021912991508,1245.7365561455438
227.0,1908.5626580144817,840.4019873272991,1247.0043486021925
227.0,1906.6842160316055,762.9854359798537,1270.8848690526897
227.0,1773.6341714989417,6364.250635285689,1240.1249369511906
227.0,2023.220981166365,784.2939801519964,1265.0588630023344
228.0,1376.5748057944586,39429.25211582635,1128.3548606735544
228.0,1272.754678287788,22289.594421225265,1131.2623820047181
228.0,1559.3536632367427,20308.356368179815,1160.461805222406
228.0,1587.2110636246111,19031.720396535402,1152.846634465834
228.0,1383.8178910192637,21202.633294008443,1157.3898441655358
228.0,1876.8150922196824,776.2427560762329,1272.2706963090852
228.0,1405.4972212555865,12453.406109432548,1162.6687724583608
228.0,1743.9953579013477,1769.5842909564476,1250.1209332315789
228.0,1593.5337571051048,16280.663950915521,1148.1432191253543
228.0,1661.200598394187,2641.3021912991508,1245.7365561455438
228.0,1640.5523719022015,6412.495955899245,1209.6116106723907
228.0,1942.8236883361922,839.4659766933646,1244.781805284528
228.0,1877.9173062722064,745.21097426254,1279.6462439656455
228.0,1906.6842160316055,762.9854359798537,1270.8848690526897
228.0,1773.6341714989417,6364.250635285689,1240.1249369511906
228.0,2023.220981166365,784.2939801519964,1265.0588630023344
229.0,1376.5748057944586,39429.25211582635,1128.3548606735544
229.0,1272.754678287788,22289.594421225265,1131.2623820047181
229.0,1876.8150922196824,776.2427560762329,1272.2706963090852
229.0,1587.2110636246111,19031.720396535402,1152.846634465834
229.0,1383.8178910192637,21202.633294008443,1157.3898441655358
229.0,1538.948664303323,20055.626740749765,1148.3885360713882
229.0,1743.9953579013477,1769.5842909564476,1250.1209332315789
229.0,1593.5337571051048,16280.663950915521,1148.1432191253543
229.0,1661.200598394187,2641.3021912991508,1245.7365561455438
229.0,1640.5523719022015,6412.495955899245,1209.6116106723907
229.0,1405.4972212555865,12453.406109432548,1162.6687724583608
229.0,1953.4868131782052,834.0821592650032,1246.4502966203208
229.0,1850.7184311455985,717.8105012581478,1275.9006941654773
229.0,1902.0869114935103,517.2624001574654,1255.0918755151215
229.0,1773.6341714989417,6364.250635285689,1240.1249369511906
230.0,1376.5748057944586,39429.25211582635,1128.3548606735544
230.0,1340.1224365561854,38660.344351017025,1139.713815204553
230.0,1517.6773200083753,23442.04456458119,1149.5133555864804
230.0,1547.5251348337345,27246.916093959262,1144.4180598546657
230.0,1383.434391847787,24966.553925632103,1154.8153698355368
230.0,1558.0159443108116,23180.886851155417,1147.0644962313056
230.0,1515.0952525688563,27749.988475063048,1149.2558484994224
230.0,1510.302313105583,28627.680045965873,1138.2045486787422
230.0,1344.8188451001847,26350.668260496434,1150.3149531441984
230.0,1385.9865144992964,15316.67934389896,1151.3844408073105
230.0,1297.0454692345268,29925.723504652622,1141.0674237848682
230.0,1538.948664303323,20055.626740749765,1148.3885360713882
230.0,1743.9953579013477,1769.5842909564476,1250.1209332315789
230.0,1876.8150922196824,776.2427560762329,1272.2706963090852
230.0,1593.5337571051048,16280.663950915521,1148.1432191253543
230.0,1661.200598394187,2641.3021912991508,1245.7365561455438
230.0,1640.5523719022015,6412.495955899245,1209.6116106723907
230.0,1282.497098883052,35138.13687046171,1146.608391655832
230.0,1400.1719039942425,12350.4566071651,1161.6743285630496
230.0,1346.1554140110238,29086.643123787228,1139.0005801241543
230.0,1953.4868131782052,834.0821592650032,1246.4502966203208
230.0,1850.7184311455985,717.8105012581478,1275.9006941654773
230.0,1902.0869114935103,517.2624001574654,1255.0918755151215
230.0,1773.6341714989417,6364.250635285689,1240.1249369511906
231.0,1591.0841154989332,1366.7152335815367,1215.8019548845707
231.0,1297.0454692345268,29925.723504652622,1141.0674237848682
231.0,1383.434391847787,24966.553925632103,1154.8153698355368
231.0,1547.5251348337345,27246.916093959262,1144.4180598546657
231.0,1401.9256679595876,15522.697793492154,1164.5317397726378
231.0,1383.820586565427,17048.683896282375,1150.9474137304044
231.0,1515.0952525688563,27749.988475063048,1149.2558484994224
231.0,1510.302313105583,28627.680045965873,1138.2045486787422
231.0,1587.3301452173298,20896.856170941406,1142.1421677622432
231.0,1346.341174317219,29250.356628475598,1116.3930768646358
231.0,1876.8150922196824,776.2427560762329,1272.2706963090852
231.0,1593.5337571051048,16280.663950915521,1148.1432191253543
231.0,1484.6238190348677,4126.402229308924,1200.8369684285828
231.0,1292.0654932650625,33833.49808007891,1140.4002756447214
231.0,1461.77222119157,14497.40887055496,1152.9307988323205
231.0,1346.1554140110238,29086.643123787228,1139.0005801241543
231.0,1953.4868131782052,834.0821592650032,1246.4502966203208
231.0,1902.0869114935103,517.2624001574654,1255.0918755151215
232.0,1688.4698489227465,3544.9110124841854,1208.5307550745526
232.0,1583.0428933833152,21485.717954503565,1142.9499957278892
232.0,1885.839286588468,1118.2033637280524,1255.1038171660527
232.0,1461.77222119157,14497.40887055496,1152.9307988323205
232.0,1401.9256679595876,15522.697793492154,1164.5317397726378
232.0,1484.6238190348677,4126.402229308924,1200.8369684285828
232.0,1849.506888147669,2023.2722035423317,1235.2036671087133
232.0,1399.4822756492106,22679.86565331376,1150.600532933819
232.0,1510.302313105583,28627.680045965873,1138.2045486787422
232.0,1292.0654932650625,33833.49808007891,1140.4002756447214
232.0,1593.5337571051048,16280.663950915521,1148.1432191253543
232.0,1383.434391847787,24966.553925632103,1154.8153698355368
232.0,1587.2110636246111,19031.720396535402,1152.846634465834
232.0,1297.0454692345268,29925.723504652622,1141.0674237848682
232.0,1335.8250489188927,28129.541041574914,1138.3614518110792
232.0,1587.3301452173298,20896.856170941406,1142.1421677622432
232.0,1346.341174317219,29250.356628475598,1116.3930768646358
232.0,1299.7348278193863,25798.11663065431,1139.5962906765358
232.0,1953.4868131782052,834.0821592650032,1246.4502966203208
232.0,1722.3543592662788,2726.2237456683433,1256.3650482643754
232.0,1902.0869114935103,517.2624001574654,1255.0918755151215
233.0,1376.5748057944586,39429.25211582635,1128.3548606735544
233.0,1583.0428933833152,21485.717954503565,1142.9499957278892
233.0,1885.839286588468,1118.2033637280524,1255.1038171660527
233.0,1688.4698489227465,3544.9110124841854,1208.5307550745526
233.0,1534.2419251226218,33051.4976225822,1136.658104404801
233.0,1292.0654932650625,33833.49808007891,1140.4002756447214
233.0,1545.8678568592425,4216.1150512321665,1211.3660787777167
233.0,1335.8250489188927,28129.541041574914,1138.3614518110792
233.0,1461.77222119157,14497.40887055496,1152.9307988323205
233.0,1849.506888147669,2023.2722035423317,1235.2036671087133
233.0,1458.9788525079657,22932.149346322414,1174.077388224736
233.0,1306.1675732969056,23505.61083394948,1138.6225212724703
233.0,1541.028844159569,19823.187621104666,1149.720961406239
233.0,1297.0454692345268,29925.723504652622,1141.0674237848682
233.0,1541.3491012678996,16422.070355337393,1150.251788464409
233.0,1350.3930320452619,26616.333496674353,1136.9635565920478
233.0,1953.4868131782052,834.0821592650032,1246.4502966203208
233.0,1779.1453800420238,2072.4744901385425,1249.1988326630596
233.0,1879.2142411753805,528.5305214708919,1261.2821372478352
234.0,1376.5748057944586,39429.25211582635,1128.3548606735544
234.0,1583.0428933833152,21485.717954503565,1142.9499957278892
234.0,1885.839286588468,1118.2033637280524,1255.1038171660527
234.0,1688.4698489227465,3544.9110124841854,1208.5307550745526
234.0,1534.2419251226218,33051.4976225822,1136.658104404801
234.0,1545.8678568592425,4216.1150512321665,1211.3660787777167
234.0,1860.9658224055643,2357.355439554583,1236.3752802917184
234.0,1617.11432982797,18820.923836958475,1150.6950296898474
234.0,1306.1675732969056,23505.61083394948,1138.6225212724703
234.0,1584.8370310485968,24671.826497236598,1135.2733656679932
234.0,1510.681512423087,27790.797215090846,1136.8228929693223
234.0,1350.3930320452619,26616.333496674353,1136.9635565920478
234.0,1541.028844159569,19823.187621104666,1149.720961406239
234.0,1366.8135877588702,22745.823099753492,1153.1713598974338
234.0,1297.0454692345268,29925.723504652622,1141.0674237848682
234.0,1339.8747835392014,28353.237348433795,1137.6296344994782
234.0,1461.77222119157,14497.40887055496,1152.9307988323205
234.0,1896.2224389705161,824.790244758364,1246.1990786859815
234.0,1779.1453800420238,2072.4744901385425,1249.1988326630596
234.0,1879.2142411753805,528.5305214708919,1261.2821372478352
234.0,2039.11060539578,779.4419899359809,1261.2455176633391
235.0,1376.5748057944586,39429.25211582635,1128.3548606735544
235.0,1663.6522802463862,1463.6298862528668,1250.4698382611098
235.0,1584.8370310485968,24671.826497236598,1135.2733656679932
235.0,1529.0161871657074,20734.523844290015,1151.077429287772
235.0,1534.2419251226218,33051.4976225822,1136.658104404801
235.0,1545.8678568592425,4216.1150512321665,1211.3660787777167
235.0,1541.028844159569,19823.187621104666,1149.720961406239
235.0,1860.9658224055643,2357.355439554583,1236.3752802917184
235.0,1688.4698489227465,3544.9110124841854,1208.5307550745526
235.0,1362.6561983379597,22806.609729216678,1146.1508553471942
235.0,1297.0454692345268,29925.723504652622,1141.0674237848682
235.0,1611.2323496965687,19946.420614529583,1145.6935323314515
235.0,1461.77222119157,14497.40887055496,1152.9307988323205
235.0,1306.1675732969056,23505.61083394948,1138.6225212724703
235.0,1962.4769117966805,836.9988287458159,1268.8661046016439
235.0,1617.11432982797,18820.923836958475,1150.6950296898474
235.0,1338.9834018513639,26283.00341260131,1136.718671825037
235.0,1931.9711963800185,855.1143700689747,1253.5310701744784
235.0,1684.20750880926,2083.9939055795962,1241.5765059793914
235.0,1999.3092695773867,634.8087076006964,1331.2014194979056
235.0,2050.195578503878,709.2853089304842,1318.308322175318
235.0,1646.5609908456136,5517.822301523099,1196.8874022904436
235.0,2040.3485618238851,839.9093865612364,1257.9043295547729
236.0,1376.5748057944586,39429.25211582635,1128.3548606735544
236.0,1849.420411399403,9907.246670647997,1186.802683144319
236.0,1529.0161871657074,20734.523844290015,1151.077429287772
236.0,1300.0182375183213,33789.264442768676,1148.6924512339701
236.0,1663.6522802463862,1463.6298862528668,1250.4698382611098
236.0,1456.4840958375846,17388.70574770605,1169.6921052389973
236.0,1545.8678568592425,4216.1150512321665,1211.3660787777167
236.0,1479.810812783144,26996.767908401293,1135.0216551571293
236.0,1801.888314918557,1958.0296576017572,1231.540288011974
236.0,1568.2577362625948,14402.258669929526,1166.3537751568908
236.0,1461.77222119157,14497.40887055496,1152.9307988323205
236.0,1584.8370310485968,24671.826497236598,1135.2733656679932
236.0,1317.8175216189236,22618.306407326676,1166.6271865776102
236.0,1611.2323496965687,19946.420614529583,1145.6935323314515
236.0,1306.1675732969056,23505.61083394948,1138.6225212724703
236.0,1962.4769117966805,836.9988287458159,1268.8661046016439
236.0,1617.11432982797,18820.923836958475,1150.6950296898474
236.0,1383.8994330396688,25626.98194488664,1135.4148225345073
236.0,1420.672876454921,21539.078436303334,1184.7856694433606
236.0,1929.9663093475137,851.2645839655612,1252.27028278599
236.0,2028.3133277129682,703.147523376887,1303.1103679751973
236.0,1646.5609908456136,5517.822301523099,1196.8874022904436
236.0,2040.3485618238851,839.9093865612364,1257.9043295547729
237.0,1849.420411399403,9907.246670647997,1186.802683144319
237.0,1663.6522802463862,1463.6298862528668,1250.4698382611098
237.0,1390.631801942891,22526.34835163143,1156.0539057031774
237.0,1529.0161871657074,20734.523844290015,1151.077429287772
237.0,1962.4769117966805,836.9988287458159,1268.8661046016439
237.0,1336.036239762049,27752.157399232234,1147.2782046235825
237.0,1611.2323496965687,19946.420614529583,1145.6935323314515
237.0,1568.2577362625948,14402.258669929526,1166.3537751568908
237.0,1294.9287548168013,31768.137652811583,1148.15197862061
237.0,1317.8175216189236,22618.306407326676,1166.6271865776102
237.0,1348.7654292142026,22616.46692365557,1122.0850274402717
237.0,1338.6057321074647,27395.81844465641,1136.2181770696584
237.0,1617.11432982797,18820.923836958475,1150.6950296898474
237.0,1801.888314918557,1958.0296576017572,1231.540288011974
237.0,1545.8678568592425,4216.1150512321665,1211.3660787777167
237.0,1461.77222119157,14497.40887055496,1152.9307988323205
237.0,1378.9622405931782,21278.7157914484,1181.7710302777864
237.0,1331.216827729403,30477.489050285632,1146.1089398202676
237.0,1949.6531065009876,852.1101233969707,1250.0501145354624
237.0,2028.3133277129682,703.147523376887,1303.1103679751973
237.0,1991.4611653129298,716.80291114622,1321.0737870105447
237.0,1646.5609908456136,5517.822301523099,1196.8874022904436
237.0,2024.05085593996,835.6140462344317,1257.0412494811358
238.0,1376.5748057944586,39429.25211582635,1128.3548606735544
238.0,1849.420411399403,9907.246670647997,1186.802683144319
238.0,1611.2323496965687,19946.420614529583,1145.6935323314515
238.0,1529.0161871657074,20734.523844290015,1151.077429287772
238.0,1663.6522802463862,1463.6298862528668,1250.4698382611098
238.0,1535.5449740732445,4069.7628936428036,1212.0984953241827
238.0,1307.8046999853566,22008.41297956279,1128.833506011093
238.0,1917.714721683077,827.8203812673016,1284.028233363792
238.0,1444.269254196199,21557.648291731173,1144.4754673924983
238.0,1617.11432982797,18820.923836958475,1150.6950296898474
238.0,1801.888314918557,1958.0296576017572,1231.540288011974
238.0,1461.77222119157,14497.40887055496,1152.9307988323205
238.0,1378.9622405931782,21278.7157914484,1181.7710302777864
238.0,1949.6531065009876,852.1101233969707,1250.0501145354624
238.0,2033.2985714175593,705.6576457267906,1317.35441408682
238.0,1991.4611653129298,716.80291114622,1321.0737870105447
238.0,1646.5609908456136,5517.822301523099,1196.8874022904436
239.0,1395.8683778833572,24762.52476066183,1147.5375405962523
239.0,1338.6057321074647,27395.81844465641,1136.2181770696584
239.0,1673.113919607479,18814.98516123763,1150.743269272954
239.0,1849.420411399403,9907.246670647997,1186.802683144319
239.0,1476.4029245930965,27867.62845666396,1132.105830230182
239.0,1332.5606403963238,28669.563735494088,1156.0414837229919
239.0,1373.1054493534032,30063.854178498823,1126.9932412928108
239.0,1317.8175216189236,22618.306407326676,1166.6271865776102
239.0,1481.6823586640476,26803.21523705862,1137.01752383124
239.0,1611.2323496965687,19946.420614529583,1145.6935323314515
239.0,1638.2373533418636,26442.522432901882,1135.6104419582805
239.0,1451.7276188462486,18641.5440265589,1151.4361966523352
239.0,1617.11432982797,18820.923836958475,1150.6950296898474
239.0,1801.888314918557,1958.0296576017572,1231.540288011974
239.0,1535.5449740732445,4069.7628936428036,1212.0984953241827
239.0,1634.2451250055283,1298.0192711239054,1249.8610534953355
239.0,1461.77222119157,14497.40887055496,1152.9307988323205
239.0,1339.8498848577824,25821.64565674902,1137.8880054555752
239.0,1378.9622405931782,21278.7157914484,1181.7710302777864
239.0,1949.6531065009876,852.1101233969707,1250.0501145354624
239.0,2028.3133277129682,703.147523376887,1303.1103679751973
239.0,1991.4611653129298,716.80291114622,1321.0737870105447
239.0,1646.5609908456136,5517.822301523099,1196.8874022904436
240.0,1395.8683778833572,24762.52476066183,1147.5375405962523
240.0,1332.5606403963238,28669.563735494088,1156.0414837229919
240.0,1317.8175216189236,22618.306407326676,1166.6271865776102
240.0,1373.1054493534032,30063.854178498823,1126.9932412928108
240.0,1440.1311536561911,19269.66988234262,1166.4280327571273
240.0,1673.113919607479,18814.98516123763,1150.743269272954
240.0,1426.3597227095238,21576.42104836642,1145.8723819502197
240.0,1443.8320573225049,19490.586426815335,1142.8725620448636
240.0,1461.77222119157,14497.40887055496,1152.9307988323205
240.0,1849.420411399403,9907.246670647997,1186.802683144319
240.0,1338.6057321074647,27395.81844465641,1136.2181770696584
240.0,1451.7276188462486,18641.5440265589,1151.4361966523352
240.0,1846.231028149616,2163.826804276085,1236.6604969303783
240.0,1535.5449740732445,4069.7628936428036,1212.0984953241827
240.0,1634.2451250055283,1298.0192711239054,1249.8610534953355
240.0,1336.1529237384223,25664.451691681086,1136.8996583320052
240.0,1378.9622405931782,21278.7157914484,1181.7710302777864
240.0,1949.6531065009876,852.1101233969707,1250.0501145354624
240.0,2187.7498902984726,776.5367844934076,1302.5186107022596
240.0,1991.4611653129298,716.80291114622,1321.0737870105447
240.0,1646.5609908456136,5517.822301523099,1196.8874022904436
240.0,1339.955650475576,6727.390420594376,1212.5622460825452
241.0,1380.8748121091928,37037.84251337557,1128.9651923649828
241.0,1317.8175216189236,22618.306407326676,1166.6271865776102
241.0,1332.4531815226294,26967.570046858407,1139.3628039378189
241.0,1484.1707364574843,26846.019971249218,1137.2133393584404
241.0,1385.6949113196938,5550.519746625444,1140.0119712517019
241.0,1338.6057321074647,27395.81844465641,1136.2181770696584
241.0,1846.231028149616,2163.826804276085,1236.6604969303783
241.0,1535.5449740732445,4069.7628936428036,1212.0984953241827
241.0,1634.2451250055283,1298.0192711239054,1249.8610534953355
241.0,1332.7088502989448,24602.523556218017,1140.1040506199054
241.0,1378.9622405931782,21278.7157914484,1181.7710302777864
241.0,1949.6531065009876,852.1101233969707,1250.0501145354624
241.0,2019.164658979744,773.089854083792,1277.3916371264186
241.0,2034.942903141875,750.1808314075812,1309.8280610928239
241.0,1646.5609908456136,5517.822301523099,1196.8874022904436
241.0,1339.955650475576,6727.390420594376,1212.5622460825452
242.0,1380.8748121091928,37037.84251337557,1128.9651923649828
242.0,1637.4923271114465,908.4895069690924,1226.7593801956987
242.0,1420.9159639259433,15783.055924637692,1156.5504530174687
242.0,1433.9216560032996,13841.431353845273,1150.257393009553
242.0,1535.5449740732445,4069.7628936428036,1212.0984953241827
242.0,1465.3580923944246,7328.560418761013,1157.3248960055407
242.0,1426.3597227095238,21576.42104836642,1145.8723819502197
242.0,1317.8175216189236,22618.306407326676,1166.6271865776102
242.0,1608.0884592533241,18791.550228280365,1142.486852732805
242.0,1338.6057321074647,27395.81844465641,1136.2181770696584
242.0,1335.666124635992,24481.131222672022,1136.4555191460886
242.0,1378.9622405931782,21278.7157914484,1181.7710302777864
242.0,1911.056352679954,849.0795094267935,1245.147381476162
242.0,2019.164658979744,773.089854083792,1277.3916371264186
242.0,1646.5609908456136,5517.822301523099,1196.8874022904436
242.0,2034.4909862254804,540.0182567872323,1230.7546035305681
242.0,1345.1820596857638,3681.5638424173258,1224.6298179681821
243.0,1380.8748121091928,37037.84251337557,1128.9651923649828
243.0,1637.4923271114465,908.4895069690924,1226.7593801956987
243.0,1378.9622405931782,21278.7157914484,1181.7710302777864
243.0,1381.462173451563,20909.357329001927,1138.9878124300635
243.0,1599.2256197600316,19450.984692660706,1146.3928734503359
243.0,1608.0884592533241,18791.550228280365,1142.486852732805
243.0,1465.3580923944246,7328.560418761013,1157.3248960055407
243.0,1338.6057321074647,27395.81844465641,1136.2181770696584
243.0,1407.134876170922,17575.800255619135,1190.5910336446939
243.0,1451.7276188462486,18641.5440265589,1151.4361966523352
243.0,1455.0900513479262,13643.504560796926,1149.2259107280465
243.0,1330.169503299965,24325.024841007453,1141.108880415691
243.0,1446.3654501604397,3349.334165453978,1188.7156953129545
243.0,1762.174418940481,766.432688165856,1203.0950438649943
243.0,1903.750330877049,594.8305444267717,1246.0808526629019
243.0,1345.1820596857638,3681.5638424173258,1224.6298179681821
244.0,1380.8748121091928,37037.84251337557,1128.9651923649828
244.0,1637.4923271114465,908.4895069690924,1226.7593801956987
244.0,1330.169503299965,24325.024841007453,1141.108880415691
244.0,1455.0900513479262,13643.504560796926,1149.2259107280465
244.0,1407.134876170922,17575.800255619135,1190.5910336446939
244.0,1599.2256197600316,19450.984692660706,1146.3928734503359
244.0,1608.0884592533241,18791.550228280365,1142.486852732805
244.0,1465.3580923944246,7328.560418761013,1157.3248960055407
244.0,1381.462173451563,20909.357329001927,1138.9878124300635
244.0,1446.3654501604397,3349.334165453978,1188.7156953129545
244.0,1762.174418940481,766.432688165856,1203.0950438649943
244.0,1903.750330877049,594.8305444267717,1246.0808526629019
244.0,1319.2203562786383,7768.360390542279,1207.4820876103145
